"datetime","obs","pcr","precipitation","temperature","referencePotET","desalinationAbstraction","surfaceWaterInf","snowCoverSWE","directRunoff","snowFreeWater","industryWaterWithdrawal","interflowTotal","totalGroundwaterAbstraction","domesticWaterWithdrawal","surfaceWaterAbstraction","storUppTotal","totalEvaporation","livestockWaterWithdrawal","fossilGroundwaterAbstraction","storGroundwater","gwRecharge","baseflow","irrigationWaterWithdrawal","surfaceWaterStorage","storLowTotal","nonIrrWaterConsumption","airEntry1","airEntry2","aqThick","area_pcr","aridityIdx","bankArea","bankDepth","bankWidth","demAverage","forestFraction","groundwaterDepth","KSat1","KSat2","kSatAquifer","percolationImp","poreSize1","poreSize2","recessionCoeff","resWC1","resWC2","satWC1","satWC2","slopeLength","specificYield","storage2","storDepth1","tanSlope"
"1979-01-01",0.00111873892430769,0.00117475581046154,0.885763966685074,0.406274245694091,0.748961864998684,0,0.0951825626769875,0,0.79332581227666,0,-1.2256748289112,1.65608088543751,-0.842030363450673,-1.28008549743694,-1.34072956750578,0.704952073877715,1.03532699683501,-1.19576569428649,-0.621009719180234,-0.895692832874606,0.592100369852447,-0.432865556342208,-0.720561271165313,-1.78910954831135,0.652989282520259,-1.24004997561691,-0.684746462799748,-1.15478722483496,-0.235144716457975,4.29536384187048,0.205223341441739,5.00110839529643,1.97154541388247,3.35857853624587,-0.150162682839167,0.693092355087156,-0.359515435063224,-0.57466294025908,-0.551624877979537,-0.252667176727403,-0.75092157018262,0.15804047666034,0.675722668684688,-0.358248530853331,1.24979378246872,1.15934430343727,0.339780531723689,0.522826689596927,-0.122788968249127,-0.410288243425013,0.830041471862194,0.751210108127635,-0.538949841922436
"1979-02-01",0.00132734893292308,0.00191028149169231,0.853629277839551,0.880279462959034,0.833053003596794,0,0.199104236650052,0,0.686264325740797,0,-0.833702044505526,0.798920340046116,-0.595873439280594,-1.09482400158085,-1.12504190504386,0.728740802865126,0.895285307969309,-0.819004483035636,-0.324087432651693,-0.664201909775596,2.15860405410441,0.538158419633302,-0.640082609354493,-1.48307299854759,0.724030559297493,-1.00489356821412,-0.684746462799748,-1.15478722483496,-0.235144716457975,4.29536384187048,0.205223341441739,5.00110839529643,1.97154541388247,3.35857853624587,-0.150162682839167,0.693092355087156,-0.359515435063224,-0.57466294025908,-0.551624877979537,-0.252667176727403,-0.75092157018262,0.15804047666034,0.675722668684688,-0.358248530853331,1.24979378246872,1.15934430343727,0.339780531723689,0.522826689596927,-0.122788968249127,-0.410288243425013,0.830041471862194,0.751210108127635,-0.538949841922436
"1979-03-01",0.00118085201723077,0.00131762312861538,-0.290262124764049,0.386750982744142,0.221557459909287,0,-0.253158112324125,0,-0.473980072204015,0,-1.2256748289112,-0.14523895121904,-0.882588906161445,-1.29046096670433,-1.35900600781979,0.577418214004611,0.614649079314994,-1.23200241516575,-0.568919768446571,-0.466994930014383,0.608286450768702,0.605415169488918,-0.733152835228721,-1.75830526514756,0.402482124621437,-1.2535928869624,-0.684746462799748,-1.15478722483496,-0.235144716457975,4.29536384187048,0.205223341441739,5.00110839529643,1.97154541388247,3.35857853624587,-0.150162682839167,0.693092355087156,-0.359515435063224,-0.57466294025908,-0.551624877979537,-0.252667176727403,-0.75092157018262,0.15804047666034,0.675722668684688,-0.358248530853331,1.24979378246872,1.15934430343727,0.339780531723689,0.522826689596927,-0.122788968249127,-0.410288243425013,0.830041471862194,0.751210108127635,-0.538949841922436
"1979-04-01",0.000898185422769231,0.000989834820923077,-0.451961692637411,-0.521068181196158,-0.639567275543814,0,-0.280683559822227,0,-0.697610915038434,0,-1.10372674542923,-0.469895295951431,-0.931333353074604,-1.3240969407231,-1.35549540486368,0.199828177639876,-0.146836203465055,-1.41421730287155,-0.435990915467566,-0.456291051285887,-0.253723583704626,0.250220687002026,-0.774358878226433,-1.93806147214751,-0.0229410594359243,-1.25909574219116,-0.684746462799748,-1.15478722483496,-0.235144716457975,4.29536384187048,0.205223341441739,5.00110839529643,1.97154541388247,3.35857853624587,-0.150162682839167,0.693092355087156,-0.359515435063224,-0.57466294025908,-0.551624877979537,-0.252667176727403,-0.75092157018262,0.15804047666034,0.675722668684688,-0.358248530853331,1.24979378246872,1.15934430343727,0.339780531723689,0.522826689596927,-0.122788968249127,-0.410288243425013,0.830041471862194,0.751210108127635,-0.538949841922436
"1979-05-01",0.00135412602092308,0.00121721268184615,0.0347456912801595,-1.27346099768509,-1.4841047976093,0,-0.22244306592028,0,0.123554326972819,0,-1.2256748289112,-0.102282585457485,-1.09058309281386,-1.47123965058625,-1.45556035673513,0.262574497450592,-0.821078795302062,-1.85126275610693,-0.567815808714509,-0.522128369839635,-0.232390005827081,-0.212614801410555,-0.770995199769242,-1.95118353412565,0.163890456132311,-1.48787007426018,-0.684746462799748,-1.15478722483496,-0.235144716457975,4.29536384187048,0.205223341441739,5.00110839529643,1.97154541388247,3.35857853624587,-0.150162682839167,0.693092355087156,-0.359515435063224,-0.57466294025908,-0.551624877979537,-0.252667176727403,-0.75092157018262,0.15804047666034,0.675722668684688,-0.358248530853331,1.24979378246872,1.15934430343727,0.339780531723689,0.522826689596927,-0.122788968249127,-0.410288243425013,0.830041471862194,0.751210108127635,-0.538949841922436
"1979-06-01",0.000871490658461539,0.000861531441230769,-1.61796628179035,-2.19310067263992,-1.79706660895217,0,-0.281072164469803,0,-1.34862267879656,0,-1.10372674542923,-0.960960311626416,-0.888230403664248,-1.49942049961486,-1.29410155339162,-0.663403930561292,-1.31108552707869,-2.06525519220985,-0.0728313593429604,-0.54594233545701,-0.414429167134731,-0.387214693405323,-0.49840087559023,-2.23313043130011,-0.0612288692374309,-1.49333310593121,-0.684746462799748,-1.15478722483496,-0.235144716457975,4.29536384187048,0.205223341441739,5.00110839529643,1.97154541388247,3.35857853624587,-0.150162682839167,0.693092355087156,-0.359515435063224,-0.57466294025908,-0.551624877979537,-0.252667176727403,-0.75092157018262,0.15804047666034,0.675722668684688,-0.358248530853331,1.24979378246872,1.15934430343727,0.339780531723689,0.522826689596927,-0.122788968249127,-0.410288243425013,0.830041471862194,0.751210108127635,-0.538949841922436
"1979-07-01",0.000806743561846154,0.000764482707692308,-0.884166332125021,-2.24533050085158,-1.61050898247712,0,-0.0317199994263638,0,-0.896530221987252,0,-1.2256748289112,-1.08097132994311,-0.889706434893675,-1.55076883317671,-1.26522426041499,-0.756891945624375,-1.3114468578325,-2.10790948941519,0.240859925424157,-0.630552471382344,-0.719574476880408,-0.575776314028424,-0.377031025915865,-2.51591377583401,-0.513289276043241,-1.52930258377219,-0.684746462799748,-1.15478722483496,-0.235144716457975,4.29536384187048,0.205223341441739,5.00110839529643,1.97154541388247,3.35857853624587,-0.150162682839167,0.693092355087156,-0.359515435063224,-0.57466294025908,-0.551624877979537,-0.252667176727403,-0.75092157018262,0.15804047666034,0.675722668684688,-0.358248530853331,1.24979378246872,1.15934430343727,0.339780531723689,0.522826689596927,-0.122788968249127,-0.410288243425013,0.830041471862194,0.751210108127635,-0.538949841922436
"1979-08-01",0.000941160871384615,0.000794295315692308,-0.814245454964211,-0.578368444778157,-0.400019371212413,0,0.314167039528584,0,-0.725105187163215,0,-1.2256748289112,-0.962027534889063,-0.553536407677292,-1.47452312253274,-1.06403886336612,-0.720583604890286,-0.933806456572873,-1.80994174242237,0.532408513888619,-0.732249011333774,-0.734026367862701,-0.727450429737905,-0.103496774161801,-2.66172078932262,-0.830707652730552,-1.48480305995966,-0.684746462799748,-1.15478722483496,-0.235144716457975,4.29536384187048,0.205223341441739,5.00110839529643,1.97154541388247,3.35857853624587,-0.150162682839167,0.693092355087156,-0.359515435063224,-0.57466294025908,-0.551624877979537,-0.252667176727403,-0.75092157018262,0.15804047666034,0.675722668684688,-0.358248530853331,1.24979378246872,1.15934430343727,0.339780531723689,0.522826689596927,-0.122788968249127,-0.410288243425013,0.830041471862194,0.751210108127635,-0.538949841922436
"1979-09-01",0.00111218129723077,0.000956793245538462,0.491281040310375,-0.854358383063549,-0.412244317907785,0,0.167433748178351,0,0.4228920702817,0,-1.10372710568792,-0.349813565419596,-0.853637255092029,-1.36754058429613,-1.32091799870215,0.667854282762005,-0.431013671767809,-1.49782912159469,-0.276932135407342,-0.788237934404017,-0.288340100110242,-0.781186843119033,-0.677570819964657,-2.43314171134669,-0.493882561956359,-1.30631447455879,-0.684746462799748,-1.15478722483496,-0.235144716457975,4.29536384187048,0.205223341441739,5.00110839529643,1.97154541388247,3.35857853624587,-0.150162682839167,0.693092355087156,-0.359515435063224,-0.57466294025908,-0.551624877979537,-0.252667176727403,-0.75092157018262,0.15804047666034,0.675722668684688,-0.358248530853331,1.24979378246872,1.15934430343727,0.339780531723689,0.522826689596927,-0.122788968249127,-0.410288243425013,0.830041471862194,0.751210108127635,-0.538949841922436
"1979-10-01",0.00119631309784615,0.00114365181046154,0.286449641893007,0.440848260905324,0.888789762701521,0,-0.272440444619188,0,0.427039630545278,0,-1.2256748289112,-0.221367114092991,-0.93490641008915,-1.3650473442765,-1.26987309963689,0.371293229508711,0.430904609253697,-1.35983240944807,-0.110334525664975,-0.763748111177683,0.0457694934894715,-0.604721618236152,-0.579223905089998,-2.3219616426794,-0.293063783323526,-1.332469146425,-0.684746462799748,-1.15478722483496,-0.235144716457975,4.29536384187048,0.205223341441739,5.00110839529643,1.97154541388247,3.35857853624587,-0.150162682839167,0.693092355087156,-0.359515435063224,-0.57466294025908,-0.551624877979537,-0.252667176727403,-0.75092157018262,0.15804047666034,0.675722668684688,-0.358248530853331,1.24979378246872,1.15934430343727,0.339780531723689,0.522826689596927,-0.122788968249127,-0.410288243425013,0.830041471862194,0.751210108127635,-0.538949841922436
"1979-11-01",0.00138998698338462,0.00145449605907692,0.687863772514149,0.127034476037038,0.926299551697756,0,0.213626594798805,0,0.584233326519893,0,-1.10372756887768,0.675926221157064,-0.924410246398226,-1.28129752203982,-1.33236721328789,1.02737814888301,1.12104317686502,-1.19319395128844,-0.59760123400725,-0.71472065070679,0.254945174674224,-0.349710382701646,-0.755637664216475,-2.02156570249933,-0.00347108508477064,-1.19326680090458,-0.684746462799748,-1.15478722483496,-0.235144716457975,4.29536384187048,0.205223341441739,5.00110839529643,1.97154541388247,3.35857853624587,-0.150162682839167,0.693092355087156,-0.359515435063224,-0.57466294025908,-0.551624877979537,-0.252667176727403,-0.75092157018262,0.15804047666034,0.675722668684688,-0.358248530853331,1.24979378246872,1.15934430343727,0.339780531723689,0.522826689596927,-0.122788968249127,-0.410288243425013,0.830041471862194,0.751210108127635,-0.538949841922436
"1979-12-01",0.00130637854523077,0.00152530320738462,1.85795402565127,0.587031902255372,0.523863988049959,0,0.00543942619993084,0,1.73813256004116,0,-1.2256748289112,1.40544262098896,-1.01095422941011,-1.31926091587642,-1.37949184955095,1.22109352178638,1.00761377062678,-1.27237288965059,-0.625168234311563,-0.692335936553101,0.250642831261933,-0.193365477012909,-0.783761877003566,-1.70973956958767,0.314836423919861,-1.28279756306679,-0.684746462799748,-1.15478722483496,-0.235144716457975,4.29536384187048,0.205223341441739,5.00110839529643,1.97154541388247,3.35857853624587,-0.150162682839167,0.693092355087156,-0.359515435063224,-0.57466294025908,-0.551624877979537,-0.252667176727403,-0.75092157018262,0.15804047666034,0.675722668684688,-0.358248530853331,1.24979378246872,1.15934430343727,0.339780531723689,0.522826689596927,-0.122788968249127,-0.410288243425013,0.830041471862194,0.751210108127635,-0.538949841922436
"1980-01-01",0.00137429169230769,0.00199057323323077,1.38320843165234,0.482670622328805,0.773806222441453,0,-0.751010116432086,0,1.50754062810108,0,-1.1851169048388,2.38903817297666,-0.933511090286152,-1.2287288296937,-1.29671831319504,1.05022055770376,1.21553181333622,-0.926745572683372,-0.625132133252664,-0.548498447025882,1.43737127165516,0.185733489817107,-0.749576282304484,-1.30158681643151,1.43949531038054,-1.14463703383559,-0.684746462799748,-1.15478722483496,-0.235144716457975,4.29536384187048,0.205223341441739,5.00110839529643,1.97154541388247,3.35857853624587,-0.150162682839167,0.693092355087156,-0.359515435063224,-0.57466294025908,-0.551624877979537,-0.252667176727403,-0.75092157018262,0.15804047666034,0.675722668684688,-0.358248530853331,1.24979378246872,1.15934430343727,0.339780531723689,0.522826689596927,-0.122788968249127,-0.410288243425013,0.830041471862194,0.751210108127635,-0.538949841922436
"1980-02-01",0.00201009644307692,0.00246512456861538,1.71230766325275,0.717617545463832,0.345981637525208,0,-0.751334555776145,0,2.43844713012142,0,-0.930016177752769,1.46173973809948,-0.840934033241675,-1.10036547455597,-1.18305326815588,1.16569840068272,0.868402696407508,-0.638889947893436,-0.625140193192622,-0.271489870847814,2.16439725226519,0.797149776283105,-0.771946173687022,-1.04091193289725,1.94011541239899,-1.02167429489795,-0.684746462799748,-1.15478722483496,-0.235144716457975,4.29536384187048,0.205223341441739,5.00110839529643,1.97154541388247,3.35857853624587,-0.150162682839167,0.693092355087156,-0.359515435063224,-0.57466294025908,-0.551624877979537,-0.252667176727403,-0.75092157018262,0.15804047666034,0.675722668684688,-0.358248530853331,1.24979378246872,1.15934430343727,0.339780531723689,0.522826689596927,-0.122788968249127,-0.410288243425013,0.830041471862194,0.751210108127635,-0.538949841922436
"1980-03-01",0.00180430325169231,0.00197997855507692,-0.370899524504319,1.07547461569784,0.414807118454612,0,-0.857508563620293,0,-0.274325010868395,0,-1.1851169048388,0.282218078050519,-0.986290372869756,-1.23946687251241,-1.30220236314115,0.348190646410335,0.827112454733341,-0.966308318724914,-0.625160398603662,0.0175833451720025,1.48240795830636,1.56078562198014,-0.751409353329263,-1.36699154280363,2.02449855800055,-1.15894069520479,-0.684746462799748,-1.15478722483496,-0.235144716457975,4.29536384187048,0.205223341441739,5.00110839529643,1.97154541388247,3.35857853624587,-0.150162682839167,0.693092355087156,-0.359515435063224,-0.57466294025908,-0.551624877979537,-0.252667176727403,-0.75092157018262,0.15804047666034,0.675722668684688,-0.358248530853331,1.24979378246872,1.15934430343727,0.339780531723689,0.522826689596927,-0.122788968249127,-0.410288243425013,0.830041471862194,0.751210108127635,-0.538949841922436
"1980-04-01",0.00114096295384615,0.001412607744,-0.30675505751862,0.149324631192682,-0.416640973773795,0,-0.87186325651378,0,-0.152139381559099,0,-1.06181785124426,0.0811350138042713,-1.02836141408205,-1.2741993168536,-1.33399242749005,0.296794110620058,0.292631408905988,-1.16538895562295,-0.625176066307976,0.0578337026217748,0.267950591604366,1.24631648755756,-0.845376679698659,-1.43515431869919,1.33379857235841,-1.16716576076436,-0.684746462799748,-1.15478722483496,-0.235144716457975,4.29536384187048,0.205223341441739,5.00110839529643,1.97154541388247,3.35857853624587,-0.150162682839167,0.693092355087156,-0.359515435063224,-0.57466294025908,-0.551624877979537,-0.252667176727403,-0.75092157018262,0.15804047666034,0.675722668684688,-0.358248530853331,1.24979378246872,1.15934430343727,0.339780531723689,0.522826689596927,-0.122788968249127,-0.410288243425013,0.830041471862194,0.751210108127635,-0.538949841922436
"1980-05-01",0.00114576147692308,0.00115037771815385,-0.622776982206438,-0.693117601368011,-1.27193472138095,0,-0.80804839716458,0,-0.529727138484271,0,-1.1851169048388,-0.584044323830394,-1.12750762456825,-1.4261152641382,-1.33790293648639,-0.513569691612495,-0.654735399735292,-1.64286795569937,-0.530869554208423,-0.0134634599049139,-0.574822924016264,0.691254153900604,-0.652080999541827,-1.70743157704242,0.720041674030855,-1.4060046465471,-0.684746462799748,-1.15478722483496,-0.235144716457975,4.29536384187048,0.205223341441739,5.00110839529643,1.97154541388247,3.35857853624587,-0.150162682839167,0.693092355087156,-0.359515435063224,-0.57466294025908,-0.551624877979537,-0.252667176727403,-0.75092157018262,0.15804047666034,0.675722668684688,-0.358248530853331,1.24979378246872,1.15934430343727,0.339780531723689,0.522826689596927,-0.122788968249127,-0.410288243425013,0.830041471862194,0.751210108127635,-0.538949841922436
"1980-06-01",0.000945130663384616,0.000953497373538462,-0.896961780010855,-1.95268384593555,-1.76043283358532,0,-0.906054888199651,0,-0.766849371741644,0,-1.06181785124426,-0.874775569893173,-0.918497714040264,-1.45520549211509,-1.15393454108589,-0.871167311555983,-1.23826444365166,-1.87666381859682,-0.401900823122526,-0.142202057839265,-0.696393623640734,0.184624293305856,-0.336168165784563,-2.00270376749945,0.358632993352036,-1.41444483936577,-0.684746462799748,-1.15478722483496,-0.235144716457975,4.29536384187048,0.205223341441739,5.00110839529643,1.97154541388247,3.35857853624587,-0.150162682839167,0.693092355087156,-0.359515435063224,-0.57466294025908,-0.551624877979537,-0.252667176727403,-0.75092157018262,0.15804047666034,0.675722668684688,-0.358248530853331,1.24979378246872,1.15934430343727,0.339780531723689,0.522826689596927,-0.122788968249127,-0.410288243425013,0.830041471862194,0.751210108127635,-0.538949841922436
"1980-07-01",0.000957113058461538,0.000930686887384615,-1.29876348179268,-1.52286330363342,-1.38245990755148,0,-0.449264516065499,0,-1.02961893825419,0,-1.1851169048388,-0.763304195293375,-0.958909231639611,-1.50820682868133,-1.21491599287876,-0.799341164528918,-1.14363276183676,-1.92326897394201,-0.398261002936107,-0.241793488718051,-0.471951599314517,-0.0737993805171884,-0.358167505554648,-2.16287418479175,0.0565654640286811,-1.51227811290083,-0.684746462799748,-1.15478722483496,-0.235144716457975,4.29536384187048,0.205223341441739,5.00110839529643,1.97154541388247,3.35857853624587,-0.150162682839167,0.693092355087156,-0.359515435063224,-0.57466294025908,-0.551624877979537,-0.252667176727403,-0.75092157018262,0.15804047666034,0.675722668684688,-0.358248530853331,1.24979378246872,1.15934430343727,0.339780531723689,0.522826689596927,-0.122788968249127,-0.410288243425013,0.830041471862194,0.751210108127635,-0.538949841922436
"1980-08-01",0.000917380755692308,0.000845294621538462,-1.08945561647092,-0.825298988011095,-0.615900949591794,0,0.193882121783983,0,-0.932605644513082,0,-1.1851169048388,-1.01450990761341,-0.380383283991555,-1.42951634335998,-0.830438172053444,-1.38157006736502,-1.25384974436905,-1.59772208491458,0.0709575256958345,-0.336209375191715,-0.618676006893619,-0.195018420070621,0.22527527899793,-2.43893223538025,-0.485779666341544,-1.40250117405856,-0.684746462799748,-1.15478722483496,-0.235144716457975,4.29536384187048,0.205223341441739,5.00110839529643,1.97154541388247,3.35857853624587,-0.150162682839167,0.693092355087156,-0.359515435063224,-0.57466294025908,-0.551624877979537,-0.252667176727403,-0.75092157018262,0.15804047666034,0.675722668684688,-0.358248530853331,1.24979378246872,1.15934430343727,0.339780531723689,0.522826689596927,-0.122788968249127,-0.410288243425013,0.830041471862194,0.751210108127635,-0.538949841922436
"1980-09-01",0.00115097977107692,0.000844892839384615,-0.125899555045672,-1.16022283594606,-0.10656006489087,0,0.136221185462192,0,-0.149560319505863,0,-1.06181785124426,-0.949656566414232,-0.499273527168033,-1.31907223587533,-0.975024644753393,-0.553282297986559,-0.865597618957307,-1.256725198399,-0.227832029619318,-0.413886478474484,-0.432890683336111,-0.207001565051822,-0.174704576001952,-2.45338110296551,-0.677363609263198,-1.21662972130273,-0.684746462799748,-1.15478722483496,-0.235144716457975,4.29536384187048,0.205223341441739,5.00110839529643,1.97154541388247,3.35857853624587,-0.150162682839167,0.693092355087156,-0.359515435063224,-0.57466294025908,-0.551624877979537,-0.252667176727403,-0.75092157018262,0.15804047666034,0.675722668684688,-0.358248530853331,1.24979378246872,1.15934430343727,0.339780531723689,0.522826689596927,-0.122788968249127,-0.410288243425013,0.830041471862194,0.751210108127635,-0.538949841922436
"1980-10-01",0.00114132299815385,0.000980897250461539,-0.275973707970603,0.394329805845974,1.01988028165202,0,-0.466266703252352,0,-0.414273287800293,0,-1.1851169048388,-0.909337400895173,-0.842528504285667,-1.31647959668932,-1.15985575880249,0.0285372129715135,0.176996150285337,-1.10595985410346,-0.349688499785276,-0.487691938551821,-0.590812658283445,-0.255126528363792,-0.463523725831989,-2.40798324400062,-0.835528224412764,-1.24144990374815,-0.684746462799748,-1.15478722483496,-0.235144716457975,4.29536384187048,0.205223341441739,5.00110839529643,1.97154541388247,3.35857853624587,-0.150162682839167,0.693092355087156,-0.359515435063224,-0.57466294025908,-0.551624877979537,-0.252667176727403,-0.75092157018262,0.15804047666034,0.675722668684688,-0.358248530853331,1.24979378246872,1.15934430343727,0.339780531723689,0.522826689596927,-0.122788968249127,-0.410288243425013,0.830041471862194,0.751210108127635,-0.538949841922436
"1980-11-01",0.00105083818338462,0.000926398877538462,0.72943303932912,0.210398549051223,0.710965368049029,0,-0.320323491891584,0,0.206367964112187,0,-1.06181785124426,0.550392234948657,-0.911031907095551,-1.22999523421918,-1.25329141048928,0.769306308985087,0.881105380666685,-0.923931453683217,-0.559264207985477,-0.582644117392059,-0.654805686934077,-0.391403095885,-0.708044331283895,-2.2244758512911,-0.638475989823615,-1.09733895453006,-0.684746462799748,-1.15478722483496,-0.235144716457975,4.29536384187048,0.205223341441739,5.00110839529643,1.97154541388247,3.35857853624587,-0.150162682839167,0.693092355087156,-0.359515435063224,-0.57466294025908,-0.551624877979537,-0.252667176727403,-0.75092157018262,0.15804047666034,0.675722668684688,-0.358248530853331,1.24979378246872,1.15934430343727,0.339780531723689,0.522826689596927,-0.122788968249127,-0.410288243425013,0.830041471862194,0.751210108127635,-0.538949841922436
"1980-12-01",0.00117500597169231,0.00113446859815385,1.51162939579932,0.674710913214475,0.769044029887235,0,-0.335807388752868,0,1.17111128821457,0,-1.1851169048388,1.64782861947903,-1.02762155933978,-1.26916344273634,-1.31850667158506,1.32221490986497,1.32250871474685,-1.01046801945727,-0.625176056787004,-0.636834199560444,-0.143047847170584,-0.545337671736461,-0.762575921179222,-1.55334586736943,0.0765964080762455,-1.18940691758026,-0.684746462799748,-1.15478722483496,-0.235144716457975,4.29536384187048,0.205223341441739,5.00110839529643,1.97154541388247,3.35857853624587,-0.150162682839167,0.693092355087156,-0.359515435063224,-0.57466294025908,-0.551624877979537,-0.252667176727403,-0.75092157018262,0.15804047666034,0.675722668684688,-0.358248530853331,1.24979378246872,1.15934430343727,0.339780531723689,0.522826689596927,-0.122788968249127,-0.410288243425013,0.830041471862194,0.751210108127635,-0.538949841922436
"1981-01-01",0.00169045623138462,0.00193729154953846,1.26286126673087,0.807583916440913,0.585469158513261,0,-0.362342771262741,0,1.36349370321234,0,-1.08697728930994,1.90236710934152,-0.974330578923778,-1.147758786898,-1.23412967530187,1.28361410215033,1.139530523623,-0.861489677363395,-0.622820340518336,-0.534128396143246,1.36045492562109,-0.307694708363233,-0.755050309717401,-1.08696483646466,1.08797058084519,-1.09040435234756,-0.684746462799748,-1.15478722483496,-0.235144716457975,4.29536384187048,0.205223341441739,5.00110839529643,1.97154541388247,3.35857853624587,-0.150162682839167,0.693092355087156,-0.359515435063224,-0.57466294025908,-0.551624877979537,-0.252667176727403,-0.75092157018262,0.15804047666034,0.675722668684688,-0.358248530853331,1.24979378246872,1.15934430343727,0.339780531723689,0.522826689596927,-0.122788968249127,-0.410288243425013,0.830041471862194,0.751210108127635,-0.538949841922436
"1981-02-01",0.00146092430769231,0.00124172148184615,0.013058625023047,1.08209054157371,0.892022648469431,0,-0.715881249818443,0,-0.0559520231355795,0,-0.680144348321433,0.213904029458955,-0.729575805601903,-0.947017514496238,-1.0349394247212,0.478519466721767,1.34502363549573,-0.441436692723834,-0.625176060941009,-0.329477936788151,0.53903478375484,0.0978692996003955,-0.725821245003576,-1.1172472417109,1.03071725078519,-0.83326023805786,-0.684746462799748,-1.15478722483496,-0.235144716457975,4.29536384187048,0.205223341441739,5.00110839529643,1.97154541388247,3.35857853624587,-0.150162682839167,0.693092355087156,-0.359515435063224,-0.57466294025908,-0.551624877979537,-0.252667176727403,-0.75092157018262,0.15804047666034,0.675722668684688,-0.358248530853331,1.24979378246872,1.15934430343727,0.339780531723689,0.522826689596927,-0.122788968249127,-0.410288243425013,0.830041471862194,0.751210108127635,-0.538949841922436
"1981-03-01",0.000930430966153846,0.001006101504,0.297677206445638,0.775758480927322,0.225258746452818,0,-0.279887082119214,0,0.0828135527670344,0,-1.0869770319823,0.0376337064906859,-0.888479999546761,-1.15903092609805,-1.20196721283713,0.425170029644157,0.769851691132085,-0.901895351682566,-0.625176065355769,-0.35241574282833,-0.331821186456492,0.0465115094165972,-0.66776323865699,-1.0480673684075,0.390404298210044,-1.10526214151255,-0.684746462799748,-1.15478722483496,-0.235144716457975,4.29536384187048,0.205223341441739,5.00110839529643,1.97154541388247,3.35857853624587,-0.150162682839167,0.693092355087156,-0.359515435063224,-0.57466294025908,-0.551624877979537,-0.252667176727403,-0.75092157018262,0.15804047666034,0.675722668684688,-0.358248530853331,1.24979378246872,1.15934430343727,0.339780531723689,0.522826689596927,-0.122788968249127,-0.410288243425013,0.830041471862194,0.751210108127635,-0.538949841922436
"1981-04-01",0.000853368812307692,0.000914153294769231,-0.357793499728631,-0.216189196770466,-0.34536283674246,0,0.638559341576642,0,-0.542383406645608,0,-0.960408476318799,-0.176835674422487,-0.957141462233403,-1.19548556425751,-1.14232378594019,-0.474509752819682,-0.0924685641573831,-1.10505988772694,-0.326239070634453,-0.387994541470482,-0.353284563646242,-0.00600558270101561,-0.642342232858122,-0.98364367215925,0.0614453422086479,-1.1761272619644,-0.684746462799748,-1.15478722483496,-0.235144716457975,4.29536384187048,0.205223341441739,5.00110839529643,1.97154541388247,3.35857853624587,-0.150162682839167,0.693092355087156,-0.359515435063224,-0.57466294025908,-0.551624877979537,-0.252667176727403,-0.75092157018262,0.15804047666034,0.675722668684688,-0.358248530853331,1.24979378246872,1.15934430343727,0.339780531723689,0.522826689596927,-0.122788968249127,-0.410288243425013,0.830041471862194,0.751210108127635,-0.538949841922436
"1981-05-01",0.000943339923692308,0.000970890358153846,-1.4963973757791,-0.486489907262121,-1.04534243254282,0,0.19796070180391,0,-1.2953548164823,0,-1.0869770319823,-0.746288358485978,-0.970065589576406,-1.35493536711945,-1.10607995848658,-0.649603853252177,-0.684887930705972,-1.59233823433549,-0.0785513921755153,-0.491584258089456,-0.809158311187794,-0.368809480146081,-0.354450304854254,-1.16615416513996,-0.259296989246945,-1.30240456163933,-0.684746462799748,-1.15478722483496,-0.235144716457975,4.29536384187048,0.205223341441739,5.00110839529643,1.97154541388247,3.35857853624587,-0.150162682839167,0.693092355087156,-0.359515435063224,-0.57466294025908,-0.551624877979537,-0.252667176727403,-0.75092157018262,0.15804047666034,0.675722668684688,-0.358248530853331,1.24979378246872,1.15934430343727,0.339780531723689,0.522826689596927,-0.122788968249127,-0.410288243425013,0.830041471862194,0.751210108127635,-0.538949841922436
"1981-06-01",0.00081961344,0.000861330993230769,-0.616793507439082,-2.22809459791961,-2.04970212251733,0,-0.237024132499232,0,-0.659098410503411,0,-0.96040657209426,-0.864717870323566,-1.1476292564189,-1.38546735959692,-1.28152440431257,0.046067092608665,-1.28455334191325,-1.83093161914303,-0.468578783771321,-0.620065694142001,-0.902121960743814,-0.704599052413393,-0.660352533706975,-1.41670856879342,-0.601314538330448,-1.31142169574917,-0.684746462799748,-1.15478722483496,-0.235144716457975,4.29536384187048,0.205223341441739,5.00110839529643,1.97154541388247,3.35857853624587,-0.150162682839167,0.693092355087156,-0.359515435063224,-0.57466294025908,-0.551624877979537,-0.252667176727403,-0.75092157018262,0.15804047666034,0.675722668684688,-0.358248530853331,1.24979378246872,1.15934430343727,0.339780531723689,0.522826689596927,-0.122788968249127,-0.410288243425013,0.830041471862194,0.751210108127635,-0.538949841922436
"1981-07-01",0.000740280073846154,0.000746492100923077,-1.56379384078239,-2.3577284165814,-1.41672032420533,0,-0.299997955952243,0,-1.31060424484319,0,-1.0869770319823,-1.07634938243929,-0.874352136945526,-1.44109501424056,-1.03914035602685,-1.00463193336307,-1.28142478262918,-1.87848745736074,0.507229749642517,-0.731633890450671,-0.907792528781797,-0.898319120069574,-0.154135500323425,-1.74551392448195,-0.826045696858021,-1.41280907172304,-0.684746462799748,-1.15478722483496,-0.235144716457975,4.29536384187048,0.205223341441739,5.00110839529643,1.97154541388247,3.35857853624587,-0.150162682839167,0.693092355087156,-0.359515435063224,-0.57466294025908,-0.551624877979537,-0.252667176727403,-0.75092157018262,0.15804047666034,0.675722668684688,-0.358248530853331,1.24979378246872,1.15934430343727,0.339780531723689,0.522826689596927,-0.122788968249127,-0.410288243425013,0.830041471862194,0.751210108127635,-0.538949841922436
"1981-08-01",0.000719487182769231,0.000509157060923077,-1.44231057639851,-0.887066651814392,-0.224920217436264,0,1.25012965024439,0,-1.29767003894423,0,-1.08697728930994,-1.23591356845167,-0.166884010554439,-1.35850862906244,-0.570905398760372,-1.95493901575665,-1.51477823040524,-1.54627371971106,1.28672284061911,-0.857661304324609,-1.05176357171056,-1.06730095272376,0.558983819985971,-2.01949951757093,-1.36990860842177,-1.29891389672715,-0.684746462799748,-1.15478722483496,-0.235144716457975,4.29536384187048,0.205223341441739,5.00110839529643,1.97154541388247,3.35857853624587,-0.150162682839167,0.693092355087156,-0.359515435063224,-0.57466294025908,-0.551624877979537,-0.252667176727403,-0.75092157018262,0.15804047666034,0.675722668684688,-0.358248530853331,1.24979378246872,1.15934430343727,0.339780531723689,0.522826689596927,-0.122788968249127,-0.410288243425013,0.830041471862194,0.751210108127635,-0.538949841922436
"1981-09-01",0.000699495020307692,0.000439314756923077,-1.26418273495927,-0.435202108534676,0.642564896849525,0,1.01217715700095,0,-1.25407609768254,0,-0.960407344077181,-1.24260663467195,0.380160171973047,-1.24258925768595,-0.359353897949459,-2.11219995496758,-1.66297350386136,-1.19831301290969,2.02731555097748,-0.986061327319097,-1.07294223914687,-1.21786417494689,0.835940834220614,-2.18054072454958,-1.79504060920388,-1.16825000215026,-0.684746462799748,-1.15478722483496,-0.235144716457975,4.29536384187048,0.205223341441739,5.00110839529643,1.97154541388247,3.35857853624587,-0.150162682839167,0.693092355087156,-0.359515435063224,-0.57466294025908,-0.551624877979537,-0.252667176727403,-0.75092157018262,0.15804047666034,0.675722668684688,-0.358248530853331,1.24979378246872,1.15934430343727,0.339780531723689,0.522826689596927,-0.122788968249127,-0.410288243425013,0.830041471862194,0.751210108127635,-0.538949841922436
"1981-10-01",0.000844030700307692,0.000542959576615385,1.03406873127087,-0.459254523186579,0.0728118425811003,0,-0.0959066035662631,0,0.246377468467087,0,-1.0869770319823,0.0632405861674533,-1.09515211621939,-1.2398647624629,-1.25566432514621,0.73818398131528,0.0904222929763123,-1.04439577487722,-0.508071643871471,-1.10452120360592,-0.972930456118219,-1.33991374983796,-0.758897448138188,-1.8947503094186,-1.50309541988751,-1.19379551366603,-0.684746462799748,-1.15478722483496,-0.235144716457975,4.29536384187048,0.205223341441739,5.00110839529643,1.97154541388247,3.35857853624587,-0.150162682839167,0.693092355087156,-0.359515435063224,-0.57466294025908,-0.551624877979537,-0.252667176727403,-0.75092157018262,0.15804047666034,0.675722668684688,-0.358248530853331,1.24979378246872,1.15934430343727,0.339780531723689,0.522826689596927,-0.122788968249127,-0.410288243425013,0.830041471862194,0.751210108127635,-0.538949841922436
"1981-11-01",0.000932580066461538,0.000835063177846154,1.08360204547803,0.584556732561741,0.828549539002852,0,0.134341386687598,0,0.614664443146492,0,-0.96040657209426,1.81808754443732,-0.982919514793297,-1.14909159603008,-1.20849459123022,1.29319055614956,1.27374948386933,-0.85863719772746,-0.583358163096323,-1.15385105543531,-0.183073118696485,-1.34016615255483,-0.742534471197265,-1.1283227205454,-0.338040203199271,-1.10381588597621,-0.684746462799748,-1.15478722483496,-0.235144716457975,4.29536384187048,0.205223341441739,5.00110839529643,1.97154541388247,3.35857853624587,-0.150162682839167,0.693092355087156,-0.359515435063224,-0.57466294025908,-0.551624877979537,-0.252667176727403,-0.75092157018262,0.15804047666034,0.675722668684688,-0.358248530853331,1.24979378246872,1.15934430343727,0.339780531723689,0.522826689596927,-0.122788968249127,-0.410288243425013,0.830041471862194,0.751210108127635,-0.538949841922436
"1981-12-01",0.00177727582523077,0.00216990002215385,1.80118624976317,0.391350829244642,0.531790085735298,0,-0.223390228594133,0,1.95416445662064,0,-1.0869770319823,1.63082821162869,-1.11342274500531,-1.19019744062065,-1.25692059342224,1.41772310167198,1.09203015124828,-0.946920537321079,-0.618903692098389,-1.02779004252154,1.05068508567721,-1.02360991739347,-0.784060553745998,-0.606397445076208,0.891805617977351,-1.07761818865818,-0.684746462799748,-1.15478722483496,-0.235144716457975,4.29536384187048,0.205223341441739,5.00110839529643,1.97154541388247,3.35857853624587,-0.150162682839167,0.693092355087156,-0.359515435063224,-0.57466294025908,-0.551624877979537,-0.252667176727403,-0.75092157018262,0.15804047666034,0.675722668684688,-0.358248530853331,1.24979378246872,1.15934430343727,0.339780531723689,0.522826689596927,-0.122788968249127,-0.410288243425013,0.830041471862194,0.751210108127635,-0.538949841922436
"1982-01-01",0.001677462912,0.00191341484307692,1.31144869132204,0.537932235304575,0.647975527618495,0,-0.431674341370052,0,1.8084509910359,0,-1.04301507495048,1.38059094654172,-0.891247098320048,-1.08481878015499,-1.1760620908145,0.601754711875555,0.911184852442424,-0.816077149874449,-0.61454984521709,-0.722666823627413,2.31243745740167,-0.4536312619596,-0.704218189096768,-0.570991603735492,1.53992935259406,-1.07726177782239,-0.684746462799748,-1.15478722483496,-0.235144716457975,4.29536384187048,0.205223341441739,5.00110839529643,1.97154541388247,3.35857853624587,-0.150162682839167,0.693092355087156,-0.359515435063224,-0.57466294025908,-0.551624877979537,-0.252667176727403,-0.75092157018262,0.15804047666034,0.675722668684688,-0.358248530853331,1.24979378246872,1.15934430343727,0.339780531723689,0.522826689596927,-0.122788968249127,-0.410288243425013,0.830041471862194,0.751210108127635,-0.538949841922436
"1982-02-01",0.00170896160492308,0.00204943192615385,0.888574357562815,0.842467540799991,0.732278564213781,0,-0.453450728207454,0,0.890146579625567,0,-0.631470825123355,0.416667084522156,-0.813861024696804,-0.876694620617169,-0.993956453146499,0.654748641208613,1.00245432433217,-0.39010973103055,-0.625176068121775,-0.320478563195823,1.78786165699326,0.422813950603343,-0.744726692372306,-0.721000455806123,1.41976136397075,-0.80891903895632,-0.684746462799748,-1.15478722483496,-0.235144716457975,4.29536384187048,0.205223341441739,5.00110839529643,1.97154541388247,3.35857853624587,-0.150162682839167,0.693092355087156,-0.359515435063224,-0.57466294025908,-0.551624877979537,-0.252667176727403,-0.75092157018262,0.15804047666034,0.675722668684688,-0.358248530853331,1.24979378246872,1.15934430343727,0.339780531723689,0.522826689596927,-0.122788968249127,-0.410288243425013,0.830041471862194,0.751210108127635,-0.538949841922436
"1982-03-01",0.00148063591384615,0.00256233839261538,1.38490590534267,0.416519029271169,-0.409499657262727,0,-0.912647747063447,0,2.04921192590028,0,-1.04301507495048,1.7318353758589,-1.1076711100352,-1.09649225540399,-1.19733557976713,1.02762493183752,0.158338695551068,-0.857002488686577,-0.625176067809891,-0.0562130690099951,2.95506282807445,0.830676377362409,-0.783244405759831,-0.461107448262528,1.84344372788813,-1.09252060422203,-0.684746462799748,-1.15478722483496,-0.235144716457975,4.29536384187048,0.205223341441739,5.00110839529643,1.97154541388247,3.35857853624587,-0.150162682839167,0.693092355087156,-0.359515435063224,-0.57466294025908,-0.551624877979537,-0.252667176727403,-0.75092157018262,0.15804047666034,0.675722668684688,-0.358248530853331,1.24979378246872,1.15934430343727,0.339780531723689,0.522826689596927,-0.122788968249127,-0.410288243425013,0.830041471862194,0.751210108127635,-0.538949841922436
"1982-04-01",0.00162635611569231,0.00131849749661538,-0.982924743473893,-0.456694604909151,-0.506090249078566,0,-1.19857057497224,0,-0.913000433620697,0,-0.914978979753282,-0.308299906932394,-1.10012753426814,-1.13427972713595,-1.22003772729485,-0.378218487451583,-0.0205219110676395,-1.06301533785588,-0.611951448536108,0.342060903280993,1.44479840015332,1.64294243837754,-0.837877953562193,-0.957657350876174,1.41988067468976,-1.10237103126854,-0.684746462799748,-1.15478722483496,-0.235144716457975,4.29536384187048,0.205223341441739,5.00110839529643,1.97154541388247,3.35857853624587,-0.150162682839167,0.693092355087156,-0.359515435063224,-0.57466294025908,-0.551624877979537,-0.252667176727403,-0.75092157018262,0.15804047666034,0.675722668684688,-0.358248530853331,1.24979378246872,1.15934430343727,0.339780531723689,0.522826689596927,-0.122788968249127,-0.410288243425013,0.830041471862194,0.751210108127635,-0.538949841922436
"1982-05-01",0.000978103207384615,0.000950905905230769,-0.685213896251804,-1.26902127916202,-1.29534636515784,0,-1.12617584735904,0,-0.764865354952278,0,-1.04301507495048,-0.965868239838801,-1.21974869928162,-1.29959161233238,-1.19750150406007,-0.810073162176402,-0.831802735205433,-1.55712963596427,-0.384732885144561,0.313057178280103,-0.565941403115224,1.01496751549989,-0.601051347402273,-1.24133061643836,0.354686901793581,-1.23497127129577,-0.684746462799748,-1.15478722483496,-0.235144716457975,4.29536384187048,0.205223341441739,5.00110839529643,1.97154541388247,3.35857853624587,-0.150162682839167,0.693092355087156,-0.359515435063224,-0.57466294025908,-0.551624877979537,-0.252667176727403,-0.75092157018262,0.15804047666034,0.675722668684688,-0.358248530853331,1.24979378246872,1.15934430343727,0.339780531723689,0.522826689596927,-0.122788968249127,-0.410288243425013,0.830041471862194,0.751210108127635,-0.538949841922436
"1982-06-01",0.00130255195569231,0.001196093952,0.114658944904419,-1.41952326543523,-2.03491255261603,0,-1.12885556354852,0,0.526567641419408,0,-0.914978979753282,-0.219756131397413,-1.1775273750748,-1.33124747283709,-1.30123465408791,0.466388841027423,-1.08114851362348,-1.79907246459938,-0.625176068316305,0.162888854285793,-0.561623246709099,0.245826414648894,-0.739951415688026,-1.16317281208449,0.372506527485645,-1.30673812517044,-0.684746462799748,-1.15478722483496,-0.235144716457975,4.29536384187048,0.205223341441739,5.00110839529643,1.97154541388247,3.35857853624587,-0.150162682839167,0.693092355087156,-0.359515435063224,-0.57466294025908,-0.551624877979537,-0.252667176727403,-0.75092157018262,0.15804047666034,0.675722668684688,-0.358248530853331,1.24979378246872,1.15934430343727,0.339780531723689,0.522826689596927,-0.122788968249127,-0.410288243425013,0.830041471862194,0.751210108127635,-0.538949841922436
"1982-07-01",0.00197800491323077,0.00159780751753846,-0.763376920111329,-1.32948790314872,-1.46400665186941,0,-1.2401278716848,0,-0.154582636613685,0,-1.04301507495048,-0.360457703527235,-1.09629773504687,-1.38892477397447,-1.12385259828896,-0.148226339075752,-0.93377067045432,-1.84729307683117,-0.612436400845573,0.189392035360614,0.787572064877211,0.159665987428288,-0.377649490189054,-1.14014369445805,0.963603692180836,-1.34853324918803,-0.684746462799748,-1.15478722483496,-0.235144716457975,4.29536384187048,0.205223341441739,5.00110839529643,1.97154541388247,3.35857853624587,-0.150162682839167,0.693092355087156,-0.359515435063224,-0.57466294025908,-0.551624877979537,-0.252667176727403,-0.75092157018262,0.15804047666034,0.675722668684688,-0.358248530853331,1.24979378246872,1.15934430343727,0.339780531723689,0.522826689596927,-0.122788968249127,-0.410288243425013,0.830041471862194,0.751210108127635,-0.538949841922436
"1982-08-01",0.00115280896984615,0.00103303278276923,-1.00289301762698,-0.760546385394541,-0.640832898283038,0,-0.789790767831563,0,-0.870983945116366,0,-1.04301507495048,-1.03533743371996,-0.717597094915355,-1.30329081573205,-0.888918594593304,-0.892652988040755,-0.776223225262535,-1.51041902478888,-0.114661254586477,0.255190585791474,-0.00557188358932254,0.277771970825858,-0.0417306496632868,-1.50115588021381,0.355985597807161,-1.29342585025855,-0.684746462799748,-1.15478722483496,-0.235144716457975,4.29536384187048,0.205223341441739,5.00110839529643,1.97154541388247,3.35857853624587,-0.150162682839167,0.693092355087156,-0.359515435063224,-0.57466294025908,-0.551624877979537,-0.252667176727403,-0.75092157018262,0.15804047666034,0.675722668684688,-0.358248530853331,1.24979378246872,1.15934430343727,0.339780531723689,0.522826689596927,-0.122788968249127,-0.410288243425013,0.830041471862194,0.751210108127635,-0.538949841922436
"1982-09-01",0.000936931081846154,0.000779485026461539,-1.02083168280405,-0.23521717025832,0.3245548559424,0,-0.642758469930301,0,-1.08146104495482,0,-0.914978979753282,-1.22132047705974,-0.257502239112958,-1.18310947596817,-0.506904979664042,-1.28125011809064,-0.725858377315172,-1.15755807003028,0.439213614029458,0.170442176894519,-0.80959111780763,0.0875707150023746,0.469931477897706,-1.82681961865465,-0.477108358646287,-1.15552127243609,-0.684746462799748,-1.15478722483496,-0.235144716457975,4.29536384187048,0.205223341441739,5.00110839529643,1.97154541388247,3.35857853624587,-0.150162682839167,0.693092355087156,-0.359515435063224,-0.57466294025908,-0.551624877979537,-0.252667176727403,-0.75092157018262,0.15804047666034,0.675722668684688,-0.358248530853331,1.24979378246872,1.15934430343727,0.339780531723689,0.522826689596927,-0.122788968249127,-0.410288243425013,0.830041471862194,0.751210108127635,-0.538949841922436
"1982-10-01",0.000810389110153846,0.00119553071261538,1.0654041995867,0.123234417679111,0.448468758906408,0,-0.602837113732086,0,0.941418805300311,0,-1.04301507495048,0.320753625429089,-1.11976910128033,-1.18029174056324,-1.22766728575006,1.14939860972582,0.59247328408294,-1.00152970397472,-0.608684273087612,0.0451423114600498,-0.512239598872901,-0.149855303502037,-0.754709836887074,-1.45148370310757,-0.240394264103728,-1.12183274389678,-0.684746462799748,-1.15478722483496,-0.235144716457975,4.29536384187048,0.205223341441739,5.00110839529643,1.97154541388247,3.35857853624587,-0.150162682839167,0.693092355087156,-0.359515435063224,-0.57466294025908,-0.551624877979537,-0.252667176727403,-0.75092157018262,0.15804047666034,0.675722668684688,-0.358248530853331,1.24979378246872,1.15934430343727,0.339780531723689,0.522826689596927,-0.122788968249127,-0.410288243425013,0.830041471862194,0.751210108127635,-0.538949841922436
"1982-11-01",0.00177132760615385,0.00222401096861538,1.75860581818935,0.565651410290641,0.57012855267467,0,-0.517135525803601,0,2.65742502183472,0,-0.914978979753282,0.926729675235431,-1.05983098841426,-1.08619526430804,-1.16778034248661,1.3697455619771,0.875907570859944,-0.813148379985331,-0.617362697149525,0.0282743011928713,0.648070449673543,-0.06033915268688,-0.775500333641731,-1.00985172883158,0.420144529950825,-1.02819615292054,-0.684746462799748,-1.15478722483496,-0.235144716457975,4.29536384187048,0.205223341441739,5.00110839529643,1.97154541388247,3.35857853624587,-0.150162682839167,0.693092355087156,-0.359515435063224,-0.57466294025908,-0.551624877979537,-0.252667176727403,-0.75092157018262,0.15804047666034,0.675722668684688,-0.358248530853331,1.24979378246872,1.15934430343727,0.339780531723689,0.522826689596927,-0.122788968249127,-0.410288243425013,0.830041471862194,0.751210108127635,-0.538949841922436
"1982-12-01",0.00256611828184615,0.00204876332307692,1.72831687200141,0.216113755054066,0.271437338143114,0,-0.462132877094265,0,2.05175031847799,0,-1.04301507495048,1.65068259273016,-1.11038681832994,-1.12882047171571,-1.21012840850833,1.28494303154879,0.74079336286665,-0.902669891710637,-0.625176064368807,0.260477265482199,1.92033092326897,0.638371318992624,-0.771408938490526,-0.629254066996721,1.50592393707945,-1.12535232591495,-0.684746462799748,-1.15478722483496,-0.235144716457975,4.29536384187048,0.205223341441739,5.00110839529643,1.97154541388247,3.35857853624587,-0.150162682839167,0.693092355087156,-0.359515435063224,-0.57466294025908,-0.551624877979537,-0.252667176727403,-0.75092157018262,0.15804047666034,0.675722668684688,-0.358248530853331,1.24979378246872,1.15934430343727,0.339780531723689,0.522826689596927,-0.122788968249127,-0.410288243425013,0.830041471862194,0.751210108127635,-0.538949841922436
"1983-01-01",0.00232643023753846,0.00323104187076923,2.56100771115786,0.791987195916168,0.20760152403793,0,-1.32664766319883,0,3.83514767156967,0,-1.40032901704532,2.74969656892964,-1.32891205955033,-1.21910404776227,-1.29279837917281,1.0581297282072,0.523329348250434,-0.799550037455762,-0.625176056326595,0.722321913408933,4.61043245567985,1.76959304863999,-0.767901302458401,-0.0691040567234653,2.86842374154003,-1.20242461823596,-0.684746462799748,-1.15478722483496,-0.235144716457975,4.29536384187048,0.205223341441739,5.00110839529643,1.97154541388247,3.35857853624587,-0.150162682839167,0.693092355087156,-0.359515435063224,-0.57466294025908,-0.551624877979537,-0.252667176727403,-0.75092157018262,0.15804047666034,0.675722668684688,-0.358248530853331,1.24979378246872,1.15934430343727,0.339780531723689,0.522826689596927,-0.122788968249127,-0.410288243425013,0.830041471862194,0.751210108127635,-0.538949841922436
"1983-02-01",0.00290085625107692,0.00314223853292308,1.19435380439732,0.981760994525599,0.624330947761651,0,-1.33767834122495,0,2.12891683553566,0,-1.02707038529405,1.11813210519998,-1.10195888494126,-1.02677790340928,-1.11485750701344,0.656984354486455,0.661818058353643,-0.371464163276319,-0.625176054954914,1.5432950676791,5.63794870410862,3.73318910104201,-0.750449769810136,0.0432336149448415,3.12958467218063,-0.961486890877858,-0.684746462799748,-1.15478722483496,-0.235144716457975,4.29536384187048,0.205223341441739,5.00110839529643,1.97154541388247,3.35857853624587,-0.150162682839167,0.693092355087156,-0.359515435063224,-0.57466294025908,-0.551624877979537,-0.252667176727403,-0.75092157018262,0.15804047666034,0.675722668684688,-0.358248530853331,1.24979378246872,1.15934430343727,0.339780531723689,0.522826689596927,-0.122788968249127,-0.410288243425013,0.830041471862194,0.751210108127635,-0.538949841922436
"1983-03-01",0.00310031441723077,0.00282517773784615,1.03651006960995,0.330508160034355,-0.0710256304936182,0,-1.33767834122495,0,2.02455769040074,0,-1.40032901704532,0.748399640232384,-1.40367585255864,-1.22998140094448,-1.29279772161286,0.755150660163215,0.318649007530121,-0.840714591468546,-0.625176063084448,2.01898122774647,3.44531305219768,4.16194924021802,-0.757416038661548,0.0494412649581892,2.93998296173099,-1.21706507883965,-0.684746462799748,-1.15478722483496,-0.235144716457975,4.29536384187048,0.205223341441739,5.00110839529643,1.97154541388247,3.35857853624587,-0.150162682839167,0.693092355087156,-0.359515435063224,-0.57466294025908,-0.551624877979537,-0.252667176727403,-0.75092157018262,0.15804047666034,0.675722668684688,-0.358248530853331,1.24979378246872,1.15934430343727,0.339780531723689,0.522826689596927,-0.122788968249127,-0.410288243425013,0.830041471862194,0.751210108127635,-0.538949841922436
"1983-04-01",0.00224198784,0.00199878849969231,0.59827895855439,0.144167317877152,-0.813284490257703,0,-1.33767834122495,0,1.22865714361037,0,-1.28420513298154,-0.187222908880935,-1.42072256822973,-1.26493402898125,-1.32340483561966,0.336534456163428,-0.0976020382551464,-1.0477449313592,-0.625176067705224,2.2873522661458,1.93978825505205,3.87163386684868,-0.841677697281292,-0.0701192723599634,2.35098734022683,-1.22936695604807,-0.684746462799748,-1.15478722483496,-0.235144716457975,4.29536384187048,0.205223341441739,5.00110839529643,1.97154541388247,3.35857853624587,-0.150162682839167,0.693092355087156,-0.359515435063224,-0.57466294025908,-0.551624877979537,-0.252667176727403,-0.75092157018262,0.15804047666034,0.675722668684688,-0.358248530853331,1.24979378246872,1.15934430343727,0.339780531723689,0.522826689596927,-0.122788968249127,-0.410288243425013,0.830041471862194,0.751210108127635,-0.538949841922436
"1983-05-01",0.00299221906707692,0.00283611066092308,0.954052285325188,-0.529034973945425,-1.68068181100576,0,-1.33767834122495,0,3.00256253160925,0,-1.40032901704532,-0.211110158370472,-1.59653654166256,-1.41772988007406,-1.42626123905341,0.246247605006438,-0.849093675689675,-1.54434850428235,-0.625176056194905,2.48431888354513,2.67840086906,3.50854746770741,-0.823289106652343,-0.0245819741389784,2.25483685517271,-1.46880119401299,-0.684746462799748,-1.15478722483496,-0.235144716457975,4.29536384187048,0.205223341441739,5.00110839529643,1.97154541388247,3.35857853624587,-0.150162682839167,0.693092355087156,-0.359515435063224,-0.57466294025908,-0.551624877979537,-0.252667176727403,-0.75092157018262,0.15804047666034,0.675722668684688,-0.358248530853331,1.24979378246872,1.15934430343727,0.339780531723689,0.522826689596927,-0.122788968249127,-0.410288243425013,0.830041471862194,0.751210108127635,-0.538949841922436
"1983-06-01",0.00345681021046154,0.00294508418953846,-0.166922742494617,-1.92682147409199,-2.1410760789621,0,-1.33767834122495,0,1.29315203251729,0,-1.28420513298154,0.196114672252103,-1.461629914618,-1.44696787479791,-1.34549797304445,0.14291505440904,-1.28615895898309,-1.78751528144262,-0.625176049081558,2.92701466330829,3.98013031468448,3.92802506379534,-0.660569058389409,0.0798905205963365,2.47187886812275,-1.48145698057744,-0.684746462799748,-1.15478722483496,-0.235144716457975,4.29536384187048,0.205223341441739,5.00110839529643,1.97154541388247,3.35857853624587,-0.150162682839167,0.693092355087156,-0.359515435063224,-0.57466294025908,-0.551624877979537,-0.252667176727403,-0.75092157018262,0.15804047666034,0.675722668684688,-0.358248530853331,1.24979378246872,1.15934430343727,0.339780531723689,0.522826689596927,-0.122788968249127,-0.410288243425013,0.830041471862194,0.751210108127635,-0.538949841922436
"1983-07-01",0.00334406272984615,0.00245024950153846,-0.338106964611232,-1.27658519673404,-1.41717486816681,0,-1.31659389044051,0,0.699443414534904,0,-1.40032901704532,-0.548091660624593,-1.43681661582715,-1.50024560801343,-1.31583314243967,-0.739267689043379,-1.01453716437493,-1.83596232199647,-0.520587617400351,3.27620431521482,2.71758745922179,4.40403881422891,-0.538030783858536,-0.330939679544313,1.69355225288811,-1.45850610392487,-0.684746462799748,-1.15478722483496,-0.235144716457975,4.29536384187048,0.205223341441739,5.00110839529643,1.97154541388247,3.35857853624587,-0.150162682839167,0.693092355087156,-0.359515435063224,-0.57466294025908,-0.551624877979537,-0.252667176727403,-0.75092157018262,0.15804047666034,0.675722668684688,-0.358248530853331,1.24979378246872,1.15934430343727,0.339780531723689,0.522826689596927,-0.122788968249127,-0.410288243425013,0.830041471862194,0.751210108127635,-0.538949841922436
"1983-08-01",0.001780724736,0.00138946601353846,-1.62928509155339,-1.22599753203556,-0.360188616420845,0,-0.829447062994157,0,-1.36064544725244,0,-1.40032901704532,-1.1325271055209,-0.813584525005482,-1.42118001120804,-0.637687296426494,-1.66086096888135,-0.925305221240712,-1.49738847713799,0.102752886155166,3.35063781888289,0.389724868707174,4.41550545357966,0.486986703771761,-0.766390348605682,0.629567169673625,-1.46508539592267,-0.684746462799748,-1.15478722483496,-0.235144716457975,4.29536384187048,0.205223341441739,5.00110839529643,1.97154541388247,3.35857853624587,-0.150162682839167,0.693092355087156,-0.359515435063224,-0.57466294025908,-0.551624877979537,-0.252667176727403,-0.75092157018262,0.15804047666034,0.675722668684688,-0.358248530853331,1.24979378246872,1.15934430343727,0.339780531723689,0.522826689596927,-0.122788968249127,-0.410288243425013,0.830041471862194,0.751210108127635,-0.538949841922436
"1983-09-01",0.00179026205538462,0.00189666228184615,0.842964551405921,-0.927764710417642,-0.625154570529138,0,-0.864413879287012,0,1.37949587091287,0,-1.28420513298154,0.0711121176631763,-1.19238910211712,-1.31013144338828,-1.15285767708169,0.0931825499360826,-0.723309335064522,-1.14275014625487,-0.536270422900882,3.13146223615363,0.0424881194616706,3.70143074801245,-0.51070560131762,-0.602436316411095,0.230936568131379,-1.2796076760806,-0.684746462799748,-1.15478722483496,-0.235144716457975,4.29536384187048,0.205223341441739,5.00110839529643,1.97154541388247,3.35857853624587,-0.150162682839167,0.693092355087156,-0.359515435063224,-0.57466294025908,-0.551624877979537,-0.252667176727403,-0.75092157018262,0.15804047666034,0.675722668684688,-0.358248530853331,1.24979378246872,1.15934430343727,0.339780531723689,0.522826689596927,-0.122788968249127,-0.410288243425013,0.830041471862194,0.751210108127635,-0.538949841922436
"1983-10-01",0.00233783760738462,0.00173574728861538,0.657291447412543,-0.122509645380658,0.286193328027679,0,-0.766808156081979,0,0.769165057288256,0,-1.40032901704532,0.380348394257433,-1.35689979759473,-1.30746804920186,-1.33137314704016,0.690219705407105,0.401936192371997,-0.985908161171493,-0.625176062956205,3.06510542475322,0.593802815260557,3.33987225165868,-0.765826941669037,-0.417302947814682,0.546459230061045,-1.30073407345757,-0.684746462799748,-1.15478722483496,-0.235144716457975,4.29536384187048,0.205223341441739,5.00110839529643,1.97154541388247,3.35857853624587,-0.150162682839167,0.693092355087156,-0.359515435063224,-0.57466294025908,-0.551624877979537,-0.252667176727403,-0.75092157018262,0.15804047666034,0.675722668684688,-0.358248530853331,1.24979378246872,1.15934430343727,0.339780531723689,0.522826689596927,-0.122788968249127,-0.410288243425013,0.830041471862194,0.751210108127635,-0.538949841922436
"1983-11-01",0.00202679042953846,0.00183148894523077,0.695739306492656,0.288075097760792,0.75747409580748,0,-0.761412648125339,0,0.643653245872992,0,-1.28420513298154,0.827409410310413,-1.23539526087157,-1.22043121115856,-1.27707940867379,0.987966528437964,1.17584609829615,-0.796602733776323,-0.622653883186645,3.00320307067228,0.315004466251589,2.92812866422674,-0.744456343362116,-0.102179637891435,0.801605318956798,-1.15794670720853,-0.684746462799748,-1.15478722483496,-0.235144716457975,4.29536384187048,0.205223341441739,5.00110839529643,1.97154541388247,3.35857853624587,-0.150162682839167,0.693092355087156,-0.359515435063224,-0.57466294025908,-0.551624877979537,-0.252667176727403,-0.75092157018262,0.15804047666034,0.675722668684688,-0.358248530853331,1.24979378246872,1.15934430343727,0.339780531723689,0.522826689596927,-0.122788968249127,-0.410288243425013,0.830041471862194,0.751210108127635,-0.538949841922436
"1983-12-01",0.00177826893784615,0.00192031939938462,1.31224599199459,0.565576882641571,0.869825751683517,0,-0.80209600964063,0,1.21127874990747,0,-1.40032901704532,1.49176433501562,-1.28336737930448,-1.25973824123093,-1.30972769834499,0.810031554459326,1.29836388995018,-0.886579831928825,-0.625176067747235,2.93682558293968,0.677316996652895,2.61946854350026,-0.732077746240537,0.127393642607735,1.01149217738359,-1.24781827097284,-0.684746462799748,-1.15478722483496,-0.235144716457975,4.29536384187048,0.205223341441739,5.00110839529643,1.97154541388247,3.35857853624587,-0.150162682839167,0.693092355087156,-0.359515435063224,-0.57466294025908,-0.551624877979537,-0.252667176727403,-0.75092157018262,0.15804047666034,0.675722668684688,-0.358248530853331,1.24979378246872,1.15934430343727,0.339780531723689,0.522826689596927,-0.122788968249127,-0.410288243425013,0.830041471862194,0.751210108127635,-0.538949841922436
"1984-01-01",0.00196613240123077,0.000966742537846154,0.624886098706924,1.16245902896762,1.03628290609222,0,-0.805453860885942,0,0.4320566824085,0,-1.40029016057161,0.314155957755239,-1.1873914043517,-1.17725079085131,-1.26261133637791,0.659691059728646,1.35947983956403,-0.698898481787841,-0.617659534112946,2.95575734961509,0.408770256590923,2.49150983338245,-0.719534272225637,0.520635239686771,0.839456121270928,-1.15406060837636,-0.684746462799748,-1.15478722483496,-0.235144716457975,4.29536384187048,0.205223341441739,5.00110839529643,1.97154541388247,3.35857853624587,-0.150162682839167,0.693092355087156,-0.359515435063224,-0.57466294025908,-0.551624877979537,-0.252667176727403,-0.75092157018262,0.15804047666034,0.675722668684688,-0.358248530853331,1.24979378246872,1.15934430343727,0.339780531723689,0.522826689596927,-0.122788968249127,-0.410288243425013,0.830041471862194,0.751210108127635,-0.538949841922436
"1984-02-01",0.00151493254892308,0.00180500224984615,-0.245506255065416,1.46720045664675,1.20554439647692,0,-0.360233407472632,0,-0.403323757754073,0,-1.16002694523605,0.0901106752420151,-1.06911711126676,-1.04485440069021,-1.11600472993182,0.635924585844886,1.53996678153173,-0.390406415348481,-0.62517606397587,2.85374161878524,-0.247115838554127,2.22510939415024,-0.669675270576089,0.676065161351739,0.622335032990551,-1.0305657546648,-0.684746462799748,-1.15478722483496,-0.235144716457975,4.29536384187048,0.205223341441739,5.00110839529643,1.97154541388247,3.35857853624587,-0.150162682839167,0.693092355087156,-0.359515435063224,-0.57466294025908,-0.551624877979537,-0.252667176727403,-0.75092157018262,0.15804047666034,0.675722668684688,-0.358248530853331,1.24979378246872,1.15934430343727,0.339780531723689,0.522826689596927,-0.122788968249127,-0.410288243425013,0.830041471862194,0.751210108127635,-0.538949841922436
"1984-03-01",0.00102338052923077,0.00138739950276923,0.317270268518402,0.729575187352639,0.250242784627855,0,-0.508868701426828,0,-0.0711850475361382,0,-1.40029016057161,-0.124933062030875,-1.14459763855665,-1.18834852325242,-1.13316748288468,0.565231472289602,0.600938435904981,-0.741320316413805,-0.622460182257663,2.67066820435707,-0.705663774350951,1.84002912599468,-0.473588580553045,0.444128376052863,-0.0466643562613533,-1.16905607898717,-0.684746462799748,-1.15478722483496,-0.235144716457975,4.29536384187048,0.205223341441739,5.00110839529643,1.97154541388247,3.35857853624587,-0.150162682839167,0.693092355087156,-0.359515435063224,-0.57466294025908,-0.551624877979537,-0.252667176727403,-0.75092157018262,0.15804047666034,0.675722668684688,-0.358248530853331,1.24979378246872,1.15934430343727,0.339780531723689,0.522826689596927,-0.122788968249127,-0.410288243425013,0.830041471862194,0.751210108127635,-0.538949841922436
"1984-04-01",0.00105832317046154,0.00151951104,-0.116788433007745,-0.42392202944397,-0.869130182127566,0,-0.577605284174252,0,-0.215853743344101,0,-1.28416385762801,0.148886481170511,-1.23528922203137,-1.22417633809737,-1.27205247248318,0.927512994448835,-0.125955548506966,-0.954642087918124,-0.625176067897489,2.51429956524272,-0.304502402266654,1.6923905063773,-0.768127597017293,0.35412388024473,0.211581020434716,-1.18295029814974,-0.684746462799748,-1.15478722483496,-0.235144716457975,4.29536384187048,0.205223341441739,5.00110839529643,1.97154541388247,3.35857853624587,-0.150162682839167,0.693092355087156,-0.359515435063224,-0.57466294025908,-0.551624877979537,-0.252667176727403,-0.75092157018262,0.15804047666034,0.675722668684688,-0.358248530853331,1.24979378246872,1.15934430343727,0.339780531723689,0.522826689596927,-0.122788968249127,-0.410288243425013,0.830041471862194,0.751210108127635,-0.538949841922436
"1984-05-01",0.00101459528861538,0.00131072973784615,-0.887540001089025,-0.330500556656079,-1.19337194589964,0,-0.658546521620339,0,-0.771937631499078,0,-1.4002899547095,-0.35366920805612,-1.41793655271588,-1.38088204452371,-1.39540490982723,0.530644235416579,-0.496944985633329,-1.46637541167342,-0.625176066062803,2.37005371815444,-0.495279273949712,1.39006930214917,-0.778683400304069,0.13779544730347,0.207754704744277,-1.42769427710617,-0.684746462799748,-1.15478722483496,-0.235144716457975,4.29536384187048,0.205223341441739,5.00110839529643,1.97154541388247,3.35857853624587,-0.150162682839167,0.693092355087156,-0.359515435063224,-0.57466294025908,-0.551624877979537,-0.252667176727403,-0.75092157018262,0.15804047666034,0.675722668684688,-0.358248530853331,1.24979378246872,1.15934430343727,0.339780531723689,0.522826689596927,-0.122788968249127,-0.410288243425013,0.830041471862194,0.751210108127635,-0.538949841922436
"1984-06-01",0.00122045830892308,0.00118804989046154,-1.30410032467616,-1.47497481744805,-1.60466909390385,0,-0.893498713011821,0,-1.0348315848763,0,-1.28416385762801,-0.702343434114486,-0.894568037220005,-1.41087913408617,-0.939470597682695,-0.971084245772862,-1.38597536537578,-1.71695513027097,0.221290038038144,2.22186386069802,-0.554530656675697,1.00862475847895,0.00830465161621092,-0.317258574664698,-0.127758200695279,-1.4420037419084,-0.684746462799748,-1.15478722483496,-0.235144716457975,4.29536384187048,0.205223341441739,5.00110839529643,1.97154541388247,3.35857853624587,-0.150162682839167,0.693092355087156,-0.359515435063224,-0.57466294025908,-0.551624877979537,-0.252667176727403,-0.75092157018262,0.15804047666034,0.675722668684688,-0.358248530853331,1.24979378246872,1.15934430343727,0.339780531723689,0.522826689596927,-0.122788968249127,-0.410288243425013,0.830041471862194,0.751210108127635,-0.538949841922436
"1984-07-01",0.000983978673230769,0.000892795569230769,-1.49539717020478,-1.18404698305568,-1.00050795182364,0,-0.617759216076711,0,-1.26075560513819,0,-1.4002899547095,-1.16709527697988,-0.542982232648622,-1.46554217444442,-0.577687472039054,-1.83199455361903,-1.58129134130619,-1.76689105198062,0.589780599801651,2.08873541898235,-0.6613878989596,0.75938529250291,0.696869343060664,-0.712955256081858,-0.579534634035369,-1.538871844494,-0.684746462799748,-1.15478722483496,-0.235144716457975,4.29536384187048,0.205223341441739,5.00110839529643,1.97154541388247,3.35857853624587,-0.150162682839167,0.693092355087156,-0.359515435063224,-0.57466294025908,-0.551624877979537,-0.252667176727403,-0.75092157018262,0.15804047666034,0.675722668684688,-0.358248530853331,1.24979378246872,1.15934430343727,0.339780531723689,0.522826689596927,-0.122788968249127,-0.410288243425013,0.830041471862194,0.751210108127635,-0.538949841922436
"1984-08-01",0.00121005247015385,0.000881084868923077,-0.456089985449565,-1.72566368355544,-1.09945976499705,0,-0.408889223274308,0,-0.65164921506731,0,-1.40029134427876,-0.87623725248188,-0.868707801931638,-1.38440390827469,-0.889645307926491,-1.05630598838282,-1.51521410731183,-1.41799632835075,0.13894939446892,1.9490706717483,-0.498154417618678,0.592162687136118,0.058466077582242,-0.859798341505961,-0.891117483918107,-1.42383969691893,-0.684746462799748,-1.15478722483496,-0.235144716457975,4.29536384187048,0.205223341441739,5.00110839529643,1.97154541388247,3.35857853624587,-0.150162682839167,0.693092355087156,-0.359515435063224,-0.57466294025908,-0.551624877979537,-0.252667176727403,-0.75092157018262,0.15804047666034,0.675722668684688,-0.358248530853331,1.24979378246872,1.15934430343727,0.339780531723689,0.522826689596927,-0.122788968249127,-0.410288243425013,0.830041471862194,0.751210108127635,-0.538949841922436
"1984-09-01",0.00108602673230769,0.000789760866461539,-0.383528904747309,-0.714188484184898,0.175884995941128,0,-0.0715575832107195,0,-0.601981073393998,0,-1.28416385762801,-0.863740426703591,-1.22157836846669,-1.27049813378034,-1.23196882372738,0.164319809041285,-0.247908692705926,-1.05255696422142,-0.213252869523237,1.83290199152397,-0.714692908482587,0.51345689288206,-0.669142624112188,-0.85769608929359,-1.10097480538327,-1.23451700257189,-0.684746462799748,-1.15478722483496,-0.235144716457975,4.29536384187048,0.205223341441739,5.00110839529643,1.97154541388247,3.35857853624587,-0.150162682839167,0.693092355087156,-0.359515435063224,-0.57466294025908,-0.551624877979537,-0.252667176727403,-0.75092157018262,0.15804047666034,0.675722668684688,-0.358248530853331,1.24979378246872,1.15934430343727,0.339780531723689,0.522826689596927,-0.122788968249127,-0.410288243425013,0.830041471862194,0.751210108127635,-0.538949841922436
"1984-10-01",0.00115113670892308,0.000860379441230769,-0.730597359250979,0.749701911323901,1.27757808388483,0,0.0846952048288211,0,-0.947089932975497,0,-1.40029041789925,-0.808631047594942,-0.953775753714098,-1.26780308925695,-0.966407650446579,0.0056677026635122,0.294668739400479,-0.890951076661541,0.420431921838205,1.68076295461634,-0.855258963393824,0.298251066281029,-0.147130924391925,-0.852403921035861,-1.32155729996202,-1.25495559307485,-0.684746462799748,-1.15478722483496,-0.235144716457975,4.29536384187048,0.205223341441739,5.00110839529643,1.97154541388247,3.35857853624587,-0.150162682839167,0.693092355087156,-0.359515435063224,-0.57466294025908,-0.551624877979537,-0.252667176727403,-0.75092157018262,0.15804047666034,0.675722668684688,-0.358248530853331,1.24979378246872,1.15934430343727,0.339780531723689,0.522826689596927,-0.122788968249127,-0.410288243425013,0.830041471862194,0.751210108127635,-0.538949841922436
"1984-11-01",0.00130968735507692,0.000903089043692308,0.768690038200832,0.513237179381563,0.961978016046312,0,-0.192059722147051,0,0.0272238265202413,0,-1.28416560745596,-0.233178326146576,-0.864449748722474,-1.17858286677095,-0.961534912063206,0.535142444618487,0.330419765749073,-0.695870146653045,0.401987533109603,1.52261615093234,-0.753594366894986,0.085673050272964,-0.266777691885184,-0.785868877347104,-1.2900381058631,-1.10957469261371,-0.684746462799748,-1.15478722483496,-0.235144716457975,4.29536384187048,0.205223341441739,5.00110839529643,1.97154541388247,3.35857853624587,-0.150162682839167,0.693092355087156,-0.359515435063224,-0.57466294025908,-0.551624877979537,-0.252667176727403,-0.75092157018262,0.15804047666034,0.675722668684688,-0.358248530853331,1.24979378246872,1.15934430343727,0.339780531723689,0.522826689596927,-0.122788968249127,-0.410288243425013,0.830041471862194,0.751210108127635,-0.538949841922436
"1984-12-01",0.00133486351753846,0.00117692068430769,1.37129463816227,0.248400836119601,0.581604927972855,0,-0.331442793303774,0,1.03941571935678,0,-1.4002899547095,1.44428920386009,-1.24705711615358,-1.21894809347639,-1.29941869270488,1.29915951523852,1.23581054776285,-0.788568838526889,-0.625176065393343,1.43499373185886,-0.309564267243345,0.0311490618184636,-0.755867248130758,-0.179680390420017,-0.0677567703314787,-1.20069239353379,-0.684746462799748,-1.15478722483496,-0.235144716457975,4.29536384187048,0.205223341441739,5.00110839529643,1.97154541388247,3.35857853624587,-0.150162682839167,0.693092355087156,-0.359515435063224,-0.57466294025908,-0.551624877979537,-0.252667176727403,-0.75092157018262,0.15804047666034,0.675722668684688,-0.358248530853331,1.24979378246872,1.15934430343727,0.339780531723689,0.522826689596927,-0.122788968249127,-0.410288243425013,0.830041471862194,0.751210108127635,-0.538949841922436
"1985-01-01",0.00115834459569231,0.00147916817723077,1.35772084819317,0.550699886270686,0.497038409619742,0,-0.477674654446346,0,1.58141673040404,0,-1.36793532702264,1.90684780128921,-1.09524281148112,-1.12291566753641,-1.21289859896573,0.851990077024079,1.01181621085902,-0.687965987935858,-0.625176068248346,1.44036440914917,1.09752893436885,0.0883832981297892,-0.666930786268956,0.467210496905302,0.619159925902909,-1.09534817688021,-0.684746462799748,-1.15478722483496,-0.235144716457975,4.29536384187048,0.205223341441739,5.00110839529643,1.97154541388247,3.35857853624587,-0.150162682839167,0.693092355087156,-0.359515435063224,-0.57466294025908,-0.551624877979537,-0.252667176727403,-0.75092157018262,0.15804047666034,0.675722668684688,-0.358248530853331,1.24979378246872,1.15934430343727,0.339780531723689,0.522826689596927,-0.122788968249127,-0.410288243425013,0.830041471862194,0.751210108127635,-0.538949841922436
"1985-02-01",0.00173777968246154,0.00186404260430769,0.908887966019447,1.0646012446349,0.846718047515941,0,-0.189511098871516,0,0.539502894920485,0,-0.991204573418282,0.654318312219416,-0.91169535922452,-0.919188680759822,-1.04532054276868,0.880491914065261,1.18542845110461,-0.245420165486103,-0.625176057801238,1.73318391811042,1.41380090194069,0.655918755998217,-0.702115150365186,0.463541356426033,0.850739938335909,-0.841648600215967,-0.684746462799748,-1.15478722483496,-0.235144716457975,4.29536384187048,0.205223341441739,5.00110839529643,1.97154541388247,3.35857853624587,-0.150162682839167,0.693092355087156,-0.359515435063224,-0.57466294025908,-0.551624877979537,-0.252667176727403,-0.75092157018262,0.15804047666034,0.675722668684688,-0.358248530853331,1.24979378246872,1.15934430343727,0.339780531723689,0.522826689596927,-0.122788968249127,-0.410288243425013,0.830041471862194,0.751210108127635,-0.538949841922436
"1985-03-01",0.00154915784861538,0.00227665471015385,0.886384600503475,0.739905571258076,0.0601957696064521,0,-1.10091904413821,0,1.11518295227195,0,-1.36793532702264,1.09999010804918,-1.21232902816529,-1.13429524679925,-1.2499205390216,1.16615848828396,0.627824616165584,-0.730520145204348,-0.625176068845987,1.90741303143781,1.80477302564618,1.04482302356027,-0.756638060289871,0.640490587847774,1.48907786824857,-1.1105930950524,-0.684746462799748,-1.15478722483496,-0.235144716457975,4.29536384187048,0.205223341441739,5.00110839529643,1.97154541388247,3.35857853624587,-0.150162682839167,0.693092355087156,-0.359515435063224,-0.57466294025908,-0.551624877979537,-0.252667176727403,-0.75092157018262,0.15804047666034,0.675722668684688,-0.358248530853331,1.24979378246872,1.15934430343727,0.339780531723689,0.522826689596927,-0.122788968249127,-0.410288243425013,0.830041471862194,0.751210108127635,-0.538949841922436
"1985-04-01",0.00146913913107692,0.00149095544123077,0.0670876847000697,0.112279279138343,-0.604452591355766,0,-1.12635823488219,0,0.0788459186206516,0,-1.2507308212654,0.0940315647118756,-1.24007568286044,-1.17159645204134,-1.2892873378434,0.718623977094177,0.153734974964523,-0.944534132226242,-0.625176066045657,2.06296237088853,0.539054532216405,1.23788877334533,-0.845376679698659,0.358958464438928,1.31901613707489,-1.1871783992943,-0.684746462799748,-1.15478722483496,-0.235144716457975,4.29536384187048,0.205223341441739,5.00110839529643,1.97154541388247,3.35857853624587,-0.150162682839167,0.693092355087156,-0.359515435063224,-0.57466294025908,-0.551624877979537,-0.252667176727403,-0.75092157018262,0.15804047666034,0.675722668684688,-0.358248530853331,1.24979378246872,1.15934430343727,0.339780531723689,0.522826689596927,-0.122788968249127,-0.410288243425013,0.830041471862194,0.751210108127635,-0.538949841922436
"1985-05-01",0.00139816529723077,0.00129827847876923,-0.947684405720892,-0.888260797688607,-1.28496993769703,0,-1.0817235852664,0,-0.687254796214657,0,-1.36793532702264,-0.579295429017195,-1.34369959093242,-1.33312896927804,-1.31764943260268,-0.241681832354131,-0.616840279319681,-1.45791164742677,-0.625176069379863,2.03385138741432,-0.203919291266338,0.888423814668473,-0.692145348195938,0.0576040753910388,0.956996250607448,-1.37471473691723,-0.684746462799748,-1.15478722483496,-0.235144716457975,4.29536384187048,0.205223341441739,5.00110839529643,1.97154541388247,3.35857853624587,-0.150162682839167,0.693092355087156,-0.359515435063224,-0.57466294025908,-0.551624877979537,-0.252667176727403,-0.75092157018262,0.15804047666034,0.675722668684688,-0.358248530853331,1.24979378246872,1.15934430343727,0.339780531723689,0.522826689596927,-0.122788968249127,-0.410288243425013,0.830041471862194,0.751210108127635,-0.538949841922436
"1985-06-01",0.00112398362584615,0.00113351669169231,-1.3516416671067,-2.17619865357577,-1.68722101354203,0,-1.02009289026876,0,-1.06234408564101,0,-1.2507308212654,-0.986279736783796,-0.98841283116164,-1.36392919530629,-0.936488563329503,-0.959839998132197,-1.19979387055404,-1.70928817533534,-0.264068502443624,1.93488153877246,-0.568541016627763,0.467669914679601,-0.0576632889119189,-0.344500351058339,0.446972463790093,-1.3893730080568,-0.684746462799748,-1.15478722483496,-0.235144716457975,4.29536384187048,0.205223341441739,5.00110839529643,1.97154541388247,3.35857853624587,-0.150162682839167,0.693092355087156,-0.359515435063224,-0.57466294025908,-0.551624877979537,-0.252667176727403,-0.75092157018262,0.15804047666034,0.675722668684688,-0.358248530853331,1.24979378246872,1.15934430343727,0.339780531723689,0.522826689596927,-0.122788968249127,-0.410288243425013,0.830041471862194,0.751210108127635,-0.538949841922436
"1985-07-01",0.00104165355323077,0.000981992625230769,-1.30525443879809,-1.99812186301955,-1.24820204455249,0,-0.595125385089553,0,-1.11573604432369,0,-1.36793532702264,-1.1269304624402,-0.784185808300609,-1.42072932996191,-0.69737488943311,-1.4279595874433,-1.24540104821372,-1.75937251104035,0.0189386073892826,1.79695748025593,-0.8573799457951,0.109859232481979,0.438378540877953,-0.800914580074852,-0.160836341674401,-1.48843180655443,-0.684746462799748,-1.15478722483496,-0.235144716457975,4.29536384187048,0.205223341441739,5.00110839529643,1.97154541388247,3.35857853624587,-0.150162682839167,0.693092355087156,-0.359515435063224,-0.57466294025908,-0.551624877979537,-0.252667176727403,-0.75092157018262,0.15804047666034,0.675722668684688,-0.358248530853331,1.24979378246872,1.15934430343727,0.339780531723689,0.522826689596927,-0.122788968249127,-0.410288243425013,0.830041471862194,0.751210108127635,-0.538949841922436
"1985-08-01",0.00108127836553846,0.000725188253538462,-1.41531766495137,-0.961480167111607,-0.286142656624474,0,-0.614164378468168,0,-1.2345819652952,0,-1.36793604754004,-1.19710865144069,-0.229234953680141,-1.33710388499538,-0.316840565194747,-2.12746134446937,-1.44469533026542,-1.4094101548843,0.908569979060853,1.6436230928927,-0.924292271217721,-0.177057635657501,1.01887236104578,-1.16931710912948,-0.779029133459511,-1.37121366584926,-0.684746462799748,-1.15478722483496,-0.235144716457975,4.29536384187048,0.205223341441739,5.00110839529643,1.97154541388247,3.35857853624587,-0.150162682839167,0.693092355087156,-0.359515435063224,-0.57466294025908,-0.551624877979537,-0.252667176727403,-0.75092157018262,0.15804047666034,0.675722668684688,-0.358248530853331,1.24979378246872,1.15934430343727,0.339780531723689,0.522826689596927,-0.122788968249127,-0.410288243425013,0.830041471862194,0.751210108127635,-0.538949841922436
"1985-09-01",0.001059553152,0.000616157302153846,-1.16849129539585,-0.369099064917004,0.407222990758989,0,-0.269883240880777,0,-1.16127630685461,0,-1.2507308212654,-1.18761485338527,-0.193888183182238,-1.22003967571588,-0.284764243082881,-1.92009511185729,-1.36250314117297,-1.0428209773911,0.950329431241529,1.49703306664066,-0.958794033888759,-0.405629820571703,0.856931176498432,-1.35793677275688,-1.26596362154116,-1.24053436215707,-0.684746462799748,-1.15478722483496,-0.235144716457975,4.29536384187048,0.205223341441739,5.00110839529643,1.97154541388247,3.35857853624587,-0.150162682839167,0.693092355087156,-0.359515435063224,-0.57466294025908,-0.551624877979537,-0.252667176727403,-0.75092157018262,0.15804047666034,0.675722668684688,-0.358248530853331,1.24979378246872,1.15934430343727,0.339780531723689,0.522826689596927,-0.122788968249127,-0.410288243425013,0.830041471862194,0.751210108127635,-0.538949841922436
"1985-10-01",0.00087375168,0.000534773553230769,-0.563607105059608,0.468356629112596,1.18561182449425,0,-0.173273701888812,0,-0.994970306234898,0,-1.36793532702264,-1.12288526623869,-0.551274701156217,-1.21735944208377,-0.539959860568251,-1.30131427374285,-0.615288787515025,-0.88065792673924,0.930280381348388,1.35251455042143,-1.03173522015509,-0.593462813677388,0.483462511317504,-1.4431333427981,-1.75611228922662,-1.19951869923178,-0.684746462799748,-1.15478722483496,-0.235144716457975,4.29536384187048,0.205223341441739,5.00110839529643,1.97154541388247,3.35857853624587,-0.150162682839167,0.693092355087156,-0.359515435063224,-0.57466294025908,-0.551624877979537,-0.252667176727403,-0.75092157018262,0.15804047666034,0.675722668684688,-0.358248530853331,1.24979378246872,1.15934430343727,0.339780531723689,0.522826689596927,-0.122788968249127,-0.410288243425013,0.830041471862194,0.751210108127635,-0.538949841922436
"1985-11-01",0.000942210432,0.000555943414153846,0.0170447684125943,0.853963963009136,1.50619731108258,0,-0.220936065677441,0,-0.540207153960292,0,-1.2507308212654,-0.212592259379964,-0.896386566546741,-1.12472572464534,-1.11402777595545,-0.0222994379762237,0.714317582968405,-0.684993541517611,-0.000149591642727028,1.20836303909884,-1.02746001013327,-0.754462700682648,-0.506417231055869,-1.25277492245499,-1.85788875145991,-1.11264971164946,-0.684746462799748,-1.15478722483496,-0.235144716457975,4.29536384187048,0.205223341441739,5.00110839529643,1.97154541388247,3.35857853624587,-0.150162682839167,0.693092355087156,-0.359515435063224,-0.57466294025908,-0.551624877979537,-0.252667176727403,-0.75092157018262,0.15804047666034,0.675722668684688,-0.358248530853331,1.24979378246872,1.15934430343727,0.339780531723689,0.522826689596927,-0.122788968249127,-0.410288243425013,0.830041471862194,0.751210108127635,-0.538949841922436
"1985-12-01",0.000876152891076923,0.000503394048,0.0252639968166679,0.968302152848413,1.68924198231279,0,-0.193457660190716,0,-0.472149310344543,0,-1.36793532702264,0.454360256901857,-0.662914367858459,-1.16670800250524,-1.12368524928281,-0.110244720634574,0.614270995502908,-0.778033599948068,0.373102509549287,1.07787470655162,-0.901441748337243,-0.887287888802595,-0.379870050551804,-0.990275347980611,-2.08355602235401,-1.14375070952807,-0.684746462799748,-1.15478722483496,-0.235144716457975,4.29536384187048,0.205223341441739,5.00110839529643,1.97154541388247,3.35857853624587,-0.150162682839167,0.693092355087156,-0.359515435063224,-0.57466294025908,-0.551624877979537,-0.252667176727403,-0.75092157018262,0.15804047666034,0.675722668684688,-0.358248530853331,1.24979378246872,1.15934430343727,0.339780531723689,0.522826689596927,-0.122788968249127,-0.410288243425013,0.830041471862194,0.751210108127635,-0.538949841922436
"1986-01-01",0.000841731485538462,0.000533174222769231,0.936566666436772,1.11211581495809,1.2173778123145,0,-0.444700161419297,0,0.0658338651724772,0,-1.19020561039495,1.29833526164665,-0.978540814816502,-0.996237698952485,-1.11821172029583,0.763441547143585,1.0176847377797,-0.587183546353344,-0.587126847312798,1.06220850809387,0.136007160715813,-0.909582033094359,-0.662360349691246,-0.279229857708279,-1.30446191126607,-1.02959978324181,-0.684746462799748,-1.15478722483496,-0.235144716457975,4.29536384187048,0.205223341441739,5.00110839529643,1.97154541388247,3.35857853624587,-0.150162682839167,0.693092355087156,-0.359515435063224,-0.57466294025908,-0.551624877979537,-0.252667176727403,-0.75092157018262,0.15804047666034,0.675722668684688,-0.358248530853331,1.24979378246872,1.15934430343727,0.339780531723689,0.522826689596927,-0.122788968249127,-0.410288243425013,0.830041471862194,0.751210108127635,-0.538949841922436
"1986-02-01",0.00104877636923077,0.00125038549661538,1.3692530300791,0.964241460654889,0.731468395737701,0,-0.315196966392633,0,0.762779949629812,0,-0.794432302601397,1.06457074943078,-0.798029184142281,-0.777666704136503,-0.951598194945619,1.26760350000446,1.23208224881882,-0.131578441694058,-0.625176036392612,1.07681375225534,-0.137735439886792,-0.943203128892151,-0.715938450375641,0.216986657750101,-0.644059405869104,-0.692715698558996,-0.684746462799748,-1.15478722483496,-0.235144716457975,4.29536384187048,0.205223341441739,5.00110839529643,1.97154541388247,3.35857853624587,-0.150162682839167,0.693092355087156,-0.359515435063224,-0.57466294025908,-0.551624877979537,-0.252667176727403,-0.75092157018262,0.15804047666034,0.675722668684688,-0.358248530853331,1.24979378246872,1.15934430343727,0.339780531723689,0.522826689596927,-0.122788968249127,-0.410288243425013,0.830041471862194,0.751210108127635,-0.538949841922436
"1986-03-01",0.00109939764184615,0.00136964204307692,0.500605026508999,0.616403887561633,0.170914748885623,0,-0.101327649690039,0,0.218371269319054,0,-1.19020561039495,0.608306245350243,-1.09374618202307,-1.00844712805433,-1.15276211170293,1.08928177186068,0.919309094398245,-0.630992685470322,-0.625176028847575,1.12521575367703,-0.0379379525591394,-0.876015061870672,-0.73608815124335,0.293504812012032,0.0189984026057715,-1.04569870660306,-0.684746462799748,-1.15478722483496,-0.235144716457975,4.29536384187048,0.205223341441739,5.00110839529643,1.97154541388247,3.35857853624587,-0.150162682839167,0.693092355087156,-0.359515435063224,-0.57466294025908,-0.551624877979537,-0.252667176727403,-0.75092157018262,0.15804047666034,0.675722668684688,-0.358248530853331,1.24979378246872,1.15934430343727,0.339780531723689,0.522826689596927,-0.122788968249127,-0.410288243425013,0.830041471862194,0.751210108127635,-0.538949841922436
"1986-04-01",0.00111520219569231,0.00113415596307692,-0.575149246204474,0.397773834977493,-0.31413210629742,0,-0.156508756973732,0,-0.748002537631826,0,-1.06707582692233,-0.276701494987378,-1.14474434838906,-1.04846339451941,-1.16759655448182,0.195718316808249,0.258578884926633,-0.851303994690399,-0.625176065745716,1.10670397499953,-0.595954038674407,-0.880083515005426,-0.801018779638932,-0.0394558084179153,-0.336140302100608,-1.06127331980722,-0.684746462799748,-1.15478722483496,-0.235144716457975,4.29536384187048,0.205223341441739,5.00110839529643,1.97154541388247,3.35857853624587,-0.150162682839167,0.693092355087156,-0.359515435063224,-0.57466294025908,-0.551624877979537,-0.252667176727403,-0.75092157018262,0.15804047666034,0.675722668684688,-0.358248530853331,1.24979378246872,1.15934430343727,0.339780531723689,0.522826689596927,-0.122788968249127,-0.410288243425013,0.830041471862194,0.751210108127635,-0.538949841922436
"1986-05-01",0.00124455247753846,0.00108725148553846,0.0654938033013934,-0.497629448500298,-1.3783545482162,0,-0.1799626243032,0,0.113582189728513,0,-1.19020530160178,-0.3629571945709,-1.28116116188907,-1.22176888393316,-1.20991875647902,0.538898073069669,-0.646848575380401,-1.3798318059325,-0.448478608866437,1.02868312769385,-0.644663465023887,-0.987730237057754,-0.673432319935067,-0.208542685563669,-0.373817603836991,-1.26523677493553,-0.684746462799748,-1.15478722483496,-0.235144716457975,4.29536384187048,0.205223341441739,5.00110839529643,1.97154541388247,3.35857853624587,-0.150162682839167,0.693092355087156,-0.359515435063224,-0.57466294025908,-0.551624877979537,-0.252667176727403,-0.75092157018262,0.15804047666034,0.675722668684688,-0.358248530853331,1.24979378246872,1.15934430343727,0.339780531723689,0.522826689596927,-0.122788968249127,-0.410288243425013,0.830041471862194,0.751210108127635,-0.538949841922436
"1986-06-01",0.00112079586461538,0.00108679839507692,-1.5441488225757,-1.41716521061871,-1.53769941462228,0,-0.447225075521099,0,-1.26827744279375,0,-1.06707582692233,-0.781915524430506,-1.01827511310346,-1.25481129804176,-1.03372545946835,-0.614215687720576,-1.18251968312807,-1.63862457975259,-0.201297428190805,0.995672071057436,-0.444972427023733,-0.967498632023122,-0.354882568701418,-0.555920183466135,-0.244126154546762,-1.28046098085533,-0.684746462799748,-1.15478722483496,-0.235144716457975,4.29536384187048,0.205223341441739,5.00110839529643,1.97154541388247,3.35857853624587,-0.150162682839167,0.693092355087156,-0.359515435063224,-0.57466294025908,-0.551624877979537,-0.252667176727403,-0.75092157018262,0.15804047666034,0.675722668684688,-0.358248530853331,1.24979378246872,1.15934430343727,0.339780531723689,0.522826689596927,-0.122788968249127,-0.410288243425013,0.830041471862194,0.751210108127635,-0.538949841922436
"1986-07-01",0.00106122727384615,0.000680486754461538,-1.1961700358102,-1.70290677238048,-1.51107025906104,0,-0.272484024338526,0,-1.12050633777532,0,-1.19020530160178,-1.10532410407436,-0.884032884024907,-1.31575256767474,-0.796490434336466,-1.36459937112015,-1.48356807589204,-1.69018529708039,0.378207433182922,0.932402494509426,-0.738701798357395,-1.00974705989309,0.0865925863721253,-0.9904989651412,-0.723339866918739,-1.32361150666447,-0.684746462799748,-1.15478722483496,-0.235144716457975,4.29536384187048,0.205223341441739,5.00110839529643,1.97154541388247,3.35857853624587,-0.150162682839167,0.693092355087156,-0.359515435063224,-0.57466294025908,-0.551624877979537,-0.252667176727403,-0.75092157018262,0.15804047666034,0.675722668684688,-0.358248530853331,1.24979378246872,1.15934430343727,0.339780531723689,0.522826689596927,-0.122788968249127,-0.410288243425013,0.830041471862194,0.751210108127635,-0.538949841922436
"1986-08-01",0.001050043392,0.000742674284307692,-0.212361841353906,-0.8161687121918,-0.887657349494111,0,-0.0772418387965478,0,-0.303606379634499,0,-1.19020561039495,-0.805131038580595,-0.875271175258189,-1.22603251426875,-0.849338307975838,-0.275942894857043,-0.998889609689519,-1.32987304024874,0.179204751610625,0.840463891088102,-0.755176353799842,-1.08184018877151,-0.086816993020905,-1.01061604162309,-0.89734885252338,-1.26176932375549,-0.684746462799748,-1.15478722483496,-0.235144716457975,4.29536384187048,0.205223341441739,5.00110839529643,1.97154541388247,3.35857853624587,-0.150162682839167,0.693092355087156,-0.359515435063224,-0.57466294025908,-0.551624877979537,-0.252667176727403,-0.75092157018262,0.15804047666034,0.675722668684688,-0.358248530853331,1.24979378246872,1.15934430343727,0.339780531723689,0.522826689596927,-0.122788968249127,-0.410288243425013,0.830041471862194,0.751210108127635,-0.538949841922436
"1986-09-01",0.00109574252307692,0.000837465540923077,-0.759738470849729,-0.623276676745349,0.310497370863804,0,-0.0305367234890111,0,-0.741531660954449,0,-1.06707582692233,-0.772222178530449,-0.606847250670895,-1.10044089767558,-0.596042161986592,-0.322009110134443,-0.408746279933141,-0.952461853281511,0.315868129065871,0.76909694594022,-0.768946569614365,-1.08315632692996,0.182882524946132,-1.02482121982016,-0.915970162520389,-1.11792223062218,-0.684746462799748,-1.15478722483496,-0.235144716457975,4.29536384187048,0.205223341441739,5.00110839529643,1.97154541388247,3.35857853624587,-0.150162682839167,0.693092355087156,-0.359515435063224,-0.57466294025908,-0.551624877979537,-0.252667176727403,-0.75092157018262,0.15804047666034,0.675722668684688,-0.358248530853331,1.24979378246872,1.15934430343727,0.339780531723689,0.522826689596927,-0.122788968249127,-0.410288243425013,0.830041471862194,0.751210108127635,-0.538949841922436
"1986-10-01",0.00110436462276923,0.000735681998769231,-0.572412569841608,0.110700996467215,1.01821240672436,0,0.468517599162507,0,-0.796980133397833,0,-1.19020561039495,-0.940465129860594,-0.762117433659373,-1.09756320993351,-0.817504844670539,-0.362378465254899,0.0369068787689294,-0.785558606164034,0.402198675198355,0.681585662152338,-0.80802662713883,-1.1184449240455,-0.124723982757627,-1.18951698355022,-1.22755510557364,-1.0807624486536,-0.684746462799748,-1.15478722483496,-0.235144716457975,4.29536384187048,0.205223341441739,5.00110839529643,1.97154541388247,3.35857853624587,-0.150162682839167,0.693092355087156,-0.359515435063224,-0.57466294025908,-0.551624877979537,-0.252667176727403,-0.75092157018262,0.15804047666034,0.675722668684688,-0.358248530853331,1.24979378246872,1.15934430343727,0.339780531723689,0.522826689596927,-0.122788968249127,-0.410288243425013,0.830041471862194,0.751210108127635,-0.538949841922436
"1986-11-01",0.000960097801846154,0.000637792393846154,0.0889598571833568,0.931194623441136,1.41079415720797,0,0.502424126152551,0,-0.499271311520083,0,-1.06707582692233,-0.564896097691979,-0.699607169540877,-0.998182789352359,-0.887707807546848,-0.00787889602953293,0.635762591869987,-0.58414630350537,0.372784627042606,0.59002957087681,-0.904140571198053,-1.17047668128573,-0.278078804189579,-1.16424824440378,-1.45490389010996,-0.982890952507858,-0.684746462799748,-1.15478722483496,-0.235144716457975,4.29536384187048,0.205223341441739,5.00110839529643,1.97154541388247,3.35857853624587,-0.150162682839167,0.693092355087156,-0.359515435063224,-0.57466294025908,-0.551624877979537,-0.252667176727403,-0.75092157018262,0.15804047666034,0.675722668684688,-0.358248530853331,1.24979378246872,1.15934430343727,0.339780531723689,0.522826689596927,-0.122788968249127,-0.410288243425013,0.830041471862194,0.751210108127635,-0.538949841922436
"1986-12-01",0.00103955248246154,0.000806939401846154,1.97085482465967,0.599973309111882,0.613309217569582,0,0.0973433339771285,0,1.41826241442184,0,-1.19020530160178,1.81949656899348,-1.12835404361573,-1.04321914142684,-1.1730886047406,1.39781339261301,1.19820290586194,-0.679788276220444,-0.624973616475375,0.503104978015255,-0.384292422096207,-1.22164289191267,-0.744623347699222,-0.525782674612875,-0.651213164945341,-1.08096716975692,-0.684746462799748,-1.15478722483496,-0.235144716457975,4.29536384187048,0.205223341441739,5.00110839529643,1.97154541388247,3.35857853624587,-0.150162682839167,0.693092355087156,-0.359515435063224,-0.57466294025908,-0.551624877979537,-0.252667176727403,-0.75092157018262,0.15804047666034,0.675722668684688,-0.358248530853331,1.24979378246872,1.15934430343727,0.339780531723689,0.522826689596927,-0.122788968249127,-0.410288243425013,0.830041471862194,0.751210108127635,-0.538949841922436
"1987-01-01",0.000888326075076923,0.00101994553107692,1.3292979631509,1.10013560183842,0.939155742020996,0,0.98044118604941,0,0.992258917797533,0,-1.11409447606444,1.53386174540654,-0.944346073819274,-0.919529380140035,-1.09310597198038,1.06599528125821,1.46254683491375,-0.494645049643903,-0.604119263255938,0.589879667468323,0.345021890753432,-1.12385291573212,-0.710389995160162,0.268179933354034,0.208637324975569,-0.92418422438556,-0.684746462799748,-1.15478722483496,-0.235144716457975,4.29536384187048,0.205223341441739,5.00110839529643,1.97154541388247,3.35857853624587,-0.150162682839167,0.693092355087156,-0.359515435063224,-0.57466294025908,-0.551624877979537,-0.252667176727403,-0.75092157018262,0.15804047666034,0.675722668684688,-0.358248530853331,1.24979378246872,1.15934430343727,0.339780531723689,0.522826689596927,-0.122788968249127,-0.410288243425013,0.830041471862194,0.751210108127635,-0.538949841922436
"1987-02-01",0.00131826647630769,0.00246026835692308,1.12911725867362,0.681239961145144,0.708609709646044,0,-0.193382016636423,0,1.24694515370796,0,-0.710166249481746,1.70487461671429,-0.746472973929491,-0.691958813639772,-0.885568765043887,1.29449295797462,1.16545335346781,-0.0270277500918333,-0.606266248067455,0.764677379931351,1.54423060021112,-0.637003979312377,-0.701009244535531,0.587497084331113,1.60386175717375,-0.695602606317014,-0.684746462799748,-1.15478722483496,-0.235144716457975,4.29536384187048,0.205223341441739,5.00110839529643,1.97154541388247,3.35857853624587,-0.150162682839167,0.693092355087156,-0.359515435063224,-0.57466294025908,-0.551624877979537,-0.252667176727403,-0.75092157018262,0.15804047666034,0.675722668684688,-0.358248530853331,1.24979378246872,1.15934430343727,0.339780531723689,0.522826689596927,-0.122788968249127,-0.410288243425013,0.830041471862194,0.751210108127635,-0.538949841922436
"1987-03-01",0.00107091063138462,0.00136800186092308,-0.128029796533589,0.5128628376471,0.424175841979443,0,-0.278819943499547,0,-0.110155011046828,0,-1.11409478485761,0.293457482208935,-0.965425418207742,-0.93222886399602,-1.06976040204591,0.0739669577918088,0.815895439612006,-0.539616070639385,-0.608631945024358,0.953204176978654,0.580330713497403,-0.0213994689956592,-0.654001835805205,0.310976745250731,1.30693365917348,-0.940846881224853,-0.684746462799748,-1.15478722483496,-0.235144716457975,4.29536384187048,0.205223341441739,5.00110839529643,1.97154541388247,3.35857853624587,-0.150162682839167,0.693092355087156,-0.359515435063224,-0.57466294025908,-0.551624877979537,-0.252667176727403,-0.75092157018262,0.15804047666034,0.675722668684688,-0.358248530853331,1.24979378246872,1.15934430343727,0.339780531723689,0.522826689596927,-0.122788968249127,-0.410288243425013,0.830041471862194,0.751210108127635,-0.538949841922436
"1987-04-01",0.00119200603569231,0.00128538015507692,-0.0408968801271959,0.241308785034256,-0.473309780632214,0,-0.965110127158468,0,-0.128313605063354,0,-0.988427493522148,0.0339832766591538,-1.07046682070638,-0.973887917372176,-1.00296129822788,0.110811589132476,0.122503903911122,-0.76566868834801,-0.220701638731811,0.983598385320344,-0.11711761927587,-0.00541298113469362,-0.610673350152098,0.157151347279407,0.833075904985015,-0.957578979142202,-0.684746462799748,-1.15478722483496,-0.235144716457975,4.29536384187048,0.205223341441739,5.00110839529643,1.97154541388247,3.35857853624587,-0.150162682839167,0.693092355087156,-0.359515435063224,-0.57466294025908,-0.551624877979537,-0.252667176727403,-0.75092157018262,0.15804047666034,0.675722668684688,-0.358248530853331,1.24979378246872,1.15934430343727,0.339780531723689,0.522826689596927,-0.122788968249127,-0.410288243425013,0.830041471862194,0.751210108127635,-0.538949841922436
"1987-05-01",0.00188780357907692,0.00171393434584615,0.260562888136246,-1.44605255326988,-1.65877439014725,0,-0.741282430617232,0,1.03219525340851,0,-1.11409478485761,0.0382045932540896,-1.29353764959259,-1.15432485093606,-1.25796145601943,0.468492936729523,-0.771542083738067,-1.30811006022794,-0.619742021892266,0.973287356903747,0.447998145456243,-0.204292031710826,-0.822663659454054,0.173648836593917,0.945851745668564,-1.22973997670944,-0.684746462799748,-1.15478722483496,-0.235144716457975,4.29536384187048,0.205223341441739,5.00110839529643,1.97154541388247,3.35857853624587,-0.150162682839167,0.693092355087156,-0.359515435063224,-0.57466294025908,-0.551624877979537,-0.252667176727403,-0.75092157018262,0.15804047666034,0.675722668684688,-0.358248530853331,1.24979378246872,1.15934430343727,0.339780531723689,0.522826689596927,-0.122788968249127,-0.410288243425013,0.830041471862194,0.751210108127635,-0.538949841922436
"1987-06-01",0.001599875712,0.00138655464369231,-0.803901824637696,-2.03052861419588,-1.92491827460167,0,-0.613236484202175,0,-0.22041507920918,0,-0.988427493522148,-0.664538344225367,-1.12364808402709,-1.18872832729607,-1.01292289303007,-0.354541990505501,-1.25881013657487,-1.57372111379431,-0.272038101277772,1.11196868608729,0.761835196469317,0.0686645368319801,-0.420341395566897,-0.0319328002397634,0.959914595445985,-1.24604242046372,-0.684746462799748,-1.15478722483496,-0.235144716457975,4.29536384187048,0.205223341441739,5.00110839529643,1.97154541388247,3.35857853624587,-0.150162682839167,0.693092355087156,-0.359515435063224,-0.57466294025908,-0.551624877979537,-0.252667176727403,-0.75092157018262,0.15804047666034,0.675722668684688,-0.358248530853331,1.24979378246872,1.15934430343727,0.339780531723689,0.522826689596927,-0.122788968249127,-0.410288243425013,0.830041471862194,0.751210108127635,-0.538949841922436
"1987-07-01",0.00130441358769231,0.00114271762707692,-1.21207369241303,-1.04196406589351,-1.1097285745729,0,-0.709125460007405,0,-0.926608040701186,0,-1.11409447606444,-1.0652156013899,-0.762634070862924,-1.25217955419231,-0.623072478669424,-1.29351006570533,-1.13044126497208,-1.6266273268303,0.626006669878828,1.18121501491337,0.0681288771094406,0.207916169639426,0.301176663681024,-0.511579691815702,0.40488927070678,-1.29479566057352,-0.684746462799748,-1.15478722483496,-0.235144716457975,4.29536384187048,0.205223341441739,5.00110839529643,1.97154541388247,3.35857853624587,-0.150162682839167,0.693092355087156,-0.359515435063224,-0.57466294025908,-0.551624877979537,-0.252667176727403,-0.75092157018262,0.15804047666034,0.675722668684688,-0.358248530853331,1.24979378246872,1.15934430343727,0.339780531723689,0.522826689596927,-0.122788968249127,-0.410288243425013,0.830041471862194,0.751210108127635,-0.538949841922436
"1987-08-01",0.000987860558769231,0.000832145427692308,-1.39937647514139,-1.36913959355905,-0.390915343180952,0,-0.112654237021157,0,-1.20890943875241,0,-1.11409602003028,-1.18186204776606,-0.26901696419054,-1.15876193489442,-0.219328918591978,-1.77735368284767,-1.22370306209919,-1.2568685838466,0.760963978095007,1.124785427513,-0.555026146287583,0.11035126594526,0.888306881085961,-0.884864162976518,-0.320348958631759,-1.16680254590364,-0.684746462799748,-1.15478722483496,-0.235144716457975,4.29536384187048,0.205223341441739,5.00110839529643,1.97154541388247,3.35857853624587,-0.150162682839167,0.693092355087156,-0.359515435063224,-0.57466294025908,-0.551624877979537,-0.252667176727403,-0.75092157018262,0.15804047666034,0.675722668684688,-0.358248530853331,1.24979378246872,1.15934430343727,0.339780531723689,0.522826689596927,-0.122788968249127,-0.410288243425013,0.830041471862194,0.751210108127635,-0.538949841922436
"1987-09-01",0.000914435712,0.000756810919384615,-0.652243869564089,-0.793314276264637,0.12492630909733,0,-0.404440780144137,0,-0.842213414012563,0,-0.988427493522148,-1.12559168953331,-0.653583475386609,-1.02800124392414,-0.695815705208822,-1.16775304310473,-0.772274162645318,-0.869521561193725,0.0185214123254816,0.991483821515116,-0.923909573059305,-0.104931192478514,-0.07314142434336,-1.0759592967982,-0.916706958539554,-1.01635294704037,-0.684746462799748,-1.15478722483496,-0.235144716457975,4.29536384187048,0.205223341441739,5.00110839529643,1.97154541388247,3.35857853624587,-0.150162682839167,0.693092355087156,-0.359515435063224,-0.57466294025908,-0.551624877979537,-0.252667176727403,-0.75092157018262,0.15804047666034,0.675722668684688,-0.358248530853331,1.24979378246872,1.15934430343727,0.339780531723689,0.522826689596927,-0.122788968249127,-0.410288243425013,0.830041471862194,0.751210108127635,-0.538949841922436
"1987-10-01",0.00104114011569231,0.000808050993230769,0.164178860108604,0.293274998304361,0.738534359500369,0,-0.233146666486341,0,-0.411658458395808,0,-1.11409478485761,-0.693618013472834,-0.914118488598454,-1.02501095919178,-0.922913676626364,0.310901550678722,0.253118775757862,-0.69816359545069,-0.447212635702837,0.83720866103654,-0.998633541143484,-0.35043704530053,-0.394594661759626,-1.05724633536252,-1.20706157084358,-1.03890028497853,-0.684746462799748,-1.15478722483496,-0.235144716457975,4.29536384187048,0.205223341441739,5.00110839529643,1.97154541388247,3.35857853624587,-0.150162682839167,0.693092355087156,-0.359515435063224,-0.57466294025908,-0.551624877979537,-0.252667176727403,-0.75092157018262,0.15804047666034,0.675722668684688,-0.358248530853331,1.24979378246872,1.15934430343727,0.339780531723689,0.522826689596927,-0.122788968249127,-0.410288243425013,0.830041471862194,0.751210108127635,-0.538949841922436
"1987-11-01",0.00134666230153846,0.00106901142646154,0.919897626786382,0.603246137586684,1.09270502120118,0,-0.158226806496409,0,0.570128825597286,0,-0.988427493522148,0.534683253832507,-0.888708051363625,-0.921550113623249,-1.02323124111023,0.99460090874924,1.28201726682145,-0.491410687723676,-0.423176639422778,0.703617586387775,-0.784976047364099,-0.538448220791267,-0.621033379515817,-0.729398174027585,-0.600506574513976,-0.876524230988783,-0.684746462799748,-1.15478722483496,-0.235144716457975,4.29536384187048,0.205223341441739,5.00110839529643,1.97154541388247,3.35857853624587,-0.150162682839167,0.693092355087156,-0.359515435063224,-0.57466294025908,-0.551624877979537,-0.252667176727403,-0.75092157018262,0.15804047666034,0.675722668684688,-0.358248530853331,1.24979378246872,1.15934430343727,0.339780531723689,0.522826689596927,-0.122788968249127,-0.410288243425013,0.830041471862194,0.751210108127635,-0.538949841922436
"1987-12-01",0.00113021576861538,0.000945268726153846,0.935537063049953,0.52728628003937,0.873202363968843,0,-0.208594274107215,0,0.485106745156478,0,-1.11409447606444,1.56799013785664,-1.01710059370011,-0.968448580889875,-1.10539883597629,0.976745811265055,1.37439600925584,-0.589644948646225,-0.609628902398815,0.642435027121733,-0.126471538550424,-0.564224647293931,-0.683453872992626,-0.240006529581201,-0.0166029391346922,-0.9774715466438,-0.684746462799748,-1.15478722483496,-0.235144716457975,4.29536384187048,0.205223341441739,5.00110839529643,1.97154541388247,3.35857853624587,-0.150162682839167,0.693092355087156,-0.359515435063224,-0.57466294025908,-0.551624877979537,-0.252667176727403,-0.75092157018262,0.15804047666034,0.675722668684688,-0.358248530853331,1.24979378246872,1.15934430343727,0.339780531723689,0.522826689596927,-0.122788968249127,-0.410288243425013,0.830041471862194,0.751210108127635,-0.538949841922436
"1988-01-01",0.00119939035569231,0.00121073489723077,0.76511934389756,1.29415279184966,1.15538980943148,0,-0.0381931307261664,0,0.379053571117542,0,-1.00487247957721,1.04730950776906,-0.865684591509642,-0.824354983837144,-0.989379397551986,0.85948347882896,1.47638991670157,-0.383560406753117,-0.625176061725875,0.69588463814302,0.241782576111221,-0.372553096521722,-0.626564226042739,0.23322665801995,0.212952279692609,-0.788071306424289,-0.684746462799748,-1.15478722483496,-0.235144716457975,4.29536384187048,0.205223341441739,5.00110839529643,1.97154541388247,3.35857853624587,-0.150162682839167,0.693092355087156,-0.359515435063224,-0.57466294025908,-0.551624877979537,-0.252667176727403,-0.75092157018262,0.15804047666034,0.675722668684688,-0.358248530853331,1.24979378246872,1.15934430343727,0.339780531723689,0.522826689596927,-0.122788968249127,-0.410288243425013,0.830041471862194,0.751210108127635,-0.538949841922436
"1988-02-01",0.00121363350646154,0.00174693249969231,1.3811855021793,0.672478490720668,0.206950152628946,0,-0.0454872015748977,0,1.21191711542519,0,-0.737340562972434,1.38953528949947,-0.737849147182922,-0.664105539488707,-0.865579819444941,1.49814596799204,0.883241940814008,-0.0465060453553763,-0.625176058205904,0.745690045613133,0.669198790538165,-0.279845739381821,-0.685251628450578,0.470417348892695,0.601747073013094,-0.685711955476012,-0.684746462799748,-1.15478722483496,-0.235144716457975,4.29536384187048,0.205223341441739,5.00110839529643,1.97154541388247,3.35857853624587,-0.150162682839167,0.693092355087156,-0.359515435063224,-0.57466294025908,-0.551624877979537,-0.252667176727403,-0.75092157018262,0.15804047666034,0.675722668684688,-0.358248530853331,1.24979378246872,1.15934430343727,0.339780531723689,0.522826689596927,-0.122788968249127,-0.410288243425013,0.830041471862194,0.751210108127635,-0.538949841922436
"1988-03-01",0.00141571654892308,0.00191650362092308,0.268273914355839,1.07996799412824,0.421789536753955,0,-0.97415559090754,0,0.604722935100945,0,-1.00487247957721,0.937708644739559,-0.916477406147455,-0.837678431479128,-1.00646477761791,0.69246268826035,0.772169461874188,-0.42996499487902,-0.625176063487829,0.950173802039823,1.51414466063854,0.61305968503723,-0.665348540866402,0.472608357986478,1.22921609877056,-0.805444383514585,-0.684746462799748,-1.15478722483496,-0.235144716457975,4.29536384187048,0.205223341441739,5.00110839529643,1.97154541388247,3.35857853624587,-0.150162682839167,0.693092355087156,-0.359515435063224,-0.57466294025908,-0.551624877979537,-0.252667176727403,-0.75092157018262,0.15804047666034,0.675722668684688,-0.358248530853331,1.24979378246872,1.15934430343727,0.339780531723689,0.522826689596927,-0.122788968249127,-0.410288243425013,0.830041471862194,0.751210108127635,-0.538949841922436
"1988-04-01",0.00114064597661538,0.00128954454646154,0.227405955356285,0.144229069357808,-0.926708784921359,0,-0.702282194635372,0,-0.0320210688399445,0,-0.875565649025762,-0.131617945530651,-1.12440895736999,-0.881377159659851,-1.06847355723242,0.567568577013871,-0.122557651593785,-0.662948531803782,-0.625176068898466,1.04011972394487,0.0843592675991213,0.96297076953531,-0.842959154371632,0.243096548684328,0.640166519982165,-0.823396603198233,-0.684746462799748,-1.15478722483496,-0.235144716457975,4.29536384187048,0.205223341441739,5.00110839529643,1.97154541388247,3.35857853624587,-0.150162682839167,0.693092355087156,-0.359515435063224,-0.57466294025908,-0.551624877979537,-0.252667176727403,-0.75092157018262,0.15804047666034,0.675722668684688,-0.358248530853331,1.24979378246872,1.15934430343727,0.339780531723689,0.522826689596927,-0.122788968249127,-0.410288243425013,0.830041471862194,0.751210108127635,-0.538949841922436
"1988-05-01",0.00145371021784615,0.00132961606892308,-0.225276160394492,-1.30174658280408,-1.88642940559938,0,-0.957764016555072,0,0.0729871538620544,0,-1.00487247957721,0.104326655289456,-1.27339920286145,-1.07066093675687,-1.16387608030975,0.342085159593824,-0.955714500264171,-1.22209157854612,-0.617637789377851,0.998275996644531,0.0608913622914713,0.659690059862262,-0.785433164110989,0.165432709306509,0.923152009222032,-1.10654369962168,-0.684746462799748,-1.15478722483496,-0.235144716457975,4.29536384187048,0.205223341441739,5.00110839529643,1.97154541388247,3.35857853624587,-0.150162682839167,0.693092355087156,-0.359515435063224,-0.57466294025908,-0.551624877979537,-0.252667176727403,-0.75092157018262,0.15804047666034,0.675722668684688,-0.358248530853331,1.24979378246872,1.15934430343727,0.339780531723689,0.522826689596927,-0.122788968249127,-0.410288243425013,0.830041471862194,0.751210108127635,-0.538949841922436
"1988-06-01",0.00147678982892308,0.00121541822030769,-1.17275225833597,-2.15021575987686,-1.89805072115053,0,-0.834437768797864,0,-0.87307920381492,0,-0.875565649025762,-0.696678473761236,-1.09145399853108,-1.10674679349969,-0.997783890403054,-0.23905585765985,-1.14520289017961,-1.49588192422863,-0.462494374139612,1.01906087959384,0.264594159198037,0.43594014228323,-0.491622806962001,-0.00351742578873064,0.906639219651084,-1.12394659435068,-0.684746462799748,-1.15478722483496,-0.235144716457975,4.29536384187048,0.205223341441739,5.00110839529643,1.97154541388247,3.35857853624587,-0.150162682839167,0.693092355087156,-0.359515435063224,-0.57466294025908,-0.551624877979537,-0.252667176727403,-0.75092157018262,0.15804047666034,0.675722668684688,-0.358248530853331,1.24979378246872,1.15934430343727,0.339780531723689,0.522826689596927,-0.122788968249127,-0.410288243425013,0.830041471862194,0.751210108127635,-0.538949841922436
"1988-07-01",0.00104124849230769,0.000945161856,-1.66401933336518,-2.44210563975064,-1.32426543511339,0,-0.510342132490349,0,-1.37606582358068,0,-1.00487247957721,-1.15848165103008,-0.790066497478612,-1.17330789207717,-0.508129356282707,-1.65983850947756,-1.25084589128205,-1.55039856560346,0.375772984545086,0.990250995207376,-0.447012777381038,0.182636420952936,0.377233679059452,-0.518822316064589,0.209377144463247,-1.23632066953591,-0.684746462799748,-1.15478722483496,-0.235144716457975,4.29536384187048,0.205223341441739,5.00110839529643,1.97154541388247,3.35857853624587,-0.150162682839167,0.693092355087156,-0.359515435063224,-0.57466294025908,-0.551624877979537,-0.252667176727403,-0.75092157018262,0.15804047666034,0.675722668684688,-0.358248530853331,1.24979378246872,1.15934430343727,0.339780531723689,0.522826689596927,-0.122788968249127,-0.410288243425013,0.830041471862194,0.751210108127635,-0.538949841922436
"1988-08-01",0.000952940425846154,0.000753073033846154,-1.6628481861107,-0.775316487823049,0.10915988437181,0,1.01948959305092,0,-1.38000565614621,0,-1.00487247957721,-1.27400238227653,0.407083528081413,-1.07531918202739,0.283770853328907,-2.5392797940159,-1.32272305387566,-1.16933492888783,1.371384924566,0.853517118063418,-1.02439710672133,-0.213927456304335,1.66968196223974,-0.965515314352373,-0.692106972030544,-1.1030098091393,-0.684746462799748,-1.15478722483496,-0.235144716457975,4.29536384187048,0.205223341441739,5.00110839529643,1.97154541388247,3.35857853624587,-0.150162682839167,0.693092355087156,-0.359515435063224,-0.57466294025908,-0.551624877979537,-0.252667176727403,-0.75092157018262,0.15804047666034,0.675722668684688,-0.358248530853331,1.24979378246872,1.15934430343727,0.339780531723689,0.522826689596927,-0.122788968249127,-0.410288243425013,0.830041471862194,0.751210108127635,-0.538949841922436
"1988-09-01",0.00107497107692308,0.000682690619076923,-1.34435004967874,-0.111381602694051,0.929990015766014,0,1.64503619619937,0,-1.25765974298704,0,-0.875566163681042,-1.27529173646424,0.767101574854598,-0.93815810858997,0.432452280589937,-2.67062425053316,-1.52758073910038,-0.770110476422181,1.78109272338107,0.688178827584283,-1.10208385138363,-0.544718186512044,1.78691867958883,-1.29252796921353,-1.41844806965282,-0.884815535732317,-0.684746462799748,-1.15478722483496,-0.235144716457975,4.29536384187048,0.205223341441739,5.00110839529643,1.97154541388247,3.35857853624587,-0.150162682839167,0.693092355087156,-0.359515435063224,-0.57466294025908,-0.551624877979537,-0.252667176727403,-0.75092157018262,0.15804047666034,0.675722668684688,-0.358248530853331,1.24979378246872,1.15934430343727,0.339780531723689,0.522826689596927,-0.122788968249127,-0.410288243425013,0.830041471862194,0.751210108127635,-0.538949841922436
"1988-10-01",0.000757104147692308,0.000635004731076923,0.511729478734258,0.0551706580825196,0.749776584983058,0,0.204355028326255,0,-0.279036624076766,0,-1.00487247957721,-0.651890514246443,-0.694359035148913,-0.935015071266054,-0.847566512702481,-0.765619262201824,-0.390347555862098,-0.593411761938003,0.306864551426074,0.539895926632937,-1.01030132341187,-0.780685699578923,-0.350958416815622,-1.39163082943773,-1.74125194148527,-0.907909797204561,-0.684746462799748,-1.15478722483496,-0.235144716457975,4.29536384187048,0.205223341441739,5.00110839529643,1.97154541388247,3.35857853624587,-0.150162682839167,0.693092355087156,-0.359515435063224,-0.57466294025908,-0.551624877979537,-0.252667176727403,-0.75092157018262,0.15804047666034,0.675722668684688,-0.358248530853331,1.24979378246872,1.15934430343727,0.339780531723689,0.522826689596927,-0.122788968249127,-0.410288243425013,0.830041471862194,0.751210108127635,-0.538949841922436
"1988-11-01",0.000975262552615385,0.000673659204923077,-0.386038598000075,0.396800290944521,1.32141699802347,0,-0.00302949065771436,0,-0.718265452867579,0,-0.875565649025762,0.339237976552449,-0.69587226930146,-0.826483866155181,-0.974673069369158,0.202788042657112,1.19780588812009,-0.38030391922274,-0.263590612214921,0.413683718039915,-0.97664663010397,-0.952313205721816,-0.579106944776691,-1.05807431475095,-1.47847275746672,-0.739081326270284,-0.684746462799748,-1.15478722483496,-0.235144716457975,4.29536384187048,0.205223341441739,5.00110839529643,1.97154541388247,3.35857853624587,-0.150162682839167,0.693092355087156,-0.359515435063224,-0.57466294025908,-0.551624877979537,-0.252667176727403,-0.75092157018262,0.15804047666034,0.675722668684688,-0.358248530853331,1.24979378246872,1.15934430343727,0.339780531723689,0.522826689596927,-0.122788968249127,-0.410288243425013,0.830041471862194,0.751210108127635,-0.538949841922436
"1988-12-01",0.000847987465846154,0.000613544211692308,0.809557517236099,0.790284984411446,1.23562076327433,0,0.516556148507709,0,-0.0939539623485399,0,-1.00487381768094,0.420645206979001,-0.6705139581962,-0.875671544859944,-0.899896448291387,0.201768962968203,0.747439073082235,-0.48156536589774,0.224340044914345,0.295720073726017,-0.854348115982885,-1.08465948960685,-0.3964056564639,-0.90274694962387,-1.68061814105325,-0.843740437648004,-0.684746462799748,-1.15478722483496,-0.235144716457975,4.29536384187048,0.205223341441739,5.00110839529643,1.97154541388247,3.35857853624587,-0.150162682839167,0.693092355087156,-0.359515435063224,-0.57466294025908,-0.551624877979537,-0.252667176727403,-0.75092157018262,0.15804047666034,0.675722668684688,-0.358248530853331,1.24979378246872,1.15934430343727,0.339780531723689,0.522826689596927,-0.122788968249127,-0.410288243425013,0.830041471862194,0.751210108127635,-0.538949841922436
"1989-01-01",0.00132635138953846,0.001264969728,2.13098250949745,0.589203850885364,0.345570282320188,0,-1.11293298675939,0,2.01296779767506,0,-0.741648742329464,2.43971577223432,-0.915517486656563,-0.642966413848057,-0.892773101400952,1.48859125895082,0.988754486149092,-0.273244125960296,-0.625176068926292,0.304432563208995,0.551866376290994,-0.916542578364616,-0.775752366997428,0.259491795089509,0.368105985352237,-0.701540318786733,-0.684746462799748,-1.15478722483496,-0.235144716457975,4.29536384187048,0.205223341441739,5.00110839529643,1.97154541388247,3.35857853624587,-0.150162682839167,0.693092355087156,-0.359515435063224,-0.57466294025908,-0.551624877979537,-0.252667176727403,-0.75092157018262,0.15804047666034,0.675722668684688,-0.358248530853331,1.24979378246872,1.15934430343727,0.339780531723689,0.522826689596927,-0.122788968249127,-0.410288243425013,0.830041471862194,0.751210108127635,-0.538949841922436
"1989-02-01",0.00196301845661538,0.00234588237784615,1.67243822995252,0.838361706144744,0.606745942611672,0,-1.17272542296017,0,1.85817813976077,0,-0.297815174570641,1.85873325116698,-0.660536428475886,-0.382890951278578,-0.640436992932248,1.27993467670448,1.06093637596827,0.223019948152549,-0.625176067640844,0.497636088146969,1.66306773817438,-0.102787644989182,-0.693366648212975,0.637855167089821,1.52922185514256,-0.306320525459184,-0.684746462799748,-1.15478722483496,-0.235144716457975,4.29536384187048,0.205223341441739,5.00110839529643,1.97154541388247,3.35857853624587,-0.150162682839167,0.693092355087156,-0.359515435063224,-0.57466294025908,-0.551624877979537,-0.252667176727403,-0.75092157018262,0.15804047666034,0.675722668684688,-0.358248530853331,1.24979378246872,1.15934430343727,0.339780531723689,0.522826689596927,-0.122788968249127,-0.410288243425013,0.830041471862194,0.751210108127635,-0.538949841922436
"1989-03-01",0.00144004200369231,0.00167664171323077,0.31952274091107,0.547167275704845,0.174917041844237,0,-1.33767834122495,0,0.337803357262678,0,-0.741648742329464,0.664220018124661,-0.85647991573459,-0.657355341366683,-0.872095361759014,0.685684510646122,0.718074233241821,-0.321027685555208,-0.625176065661478,0.776354338544256,1.60785691913368,0.869975641144965,-0.673088574114302,0.465702884435531,1.60129320438472,-0.719977625424869,-0.684746462799748,-1.15478722483496,-0.235144716457975,4.29536384187048,0.205223341441739,5.00110839529643,1.97154541388247,3.35857853624587,-0.150162682839167,0.693092355087156,-0.359515435063224,-0.57466294025908,-0.551624877979537,-0.252667176727403,-0.75092157018262,0.15804047666034,0.675722668684688,-0.358248530853331,1.24979378246872,1.15934430343727,0.339780531723689,0.522826689596927,-0.122788968249127,-0.410288243425013,0.830041471862194,0.751210108127635,-0.538949841922436
"1989-04-01",0.00115949597538462,0.00125705282953846,-0.637772866356967,0.227390853038809,-0.424572533269085,0,-1.18208793481247,0,-0.632800529043875,0,-0.603565701133685,-0.501842525143564,-0.967001077604167,-0.704911500191524,-0.889099861951635,-0.06598601513642,0.204056998526249,-0.560944871479177,-0.625176069562522,0.874281324680522,0.133555814764649,1.04843624079698,-0.761140485762771,0.198084578295019,0.954326295335975,-0.738642866898468,-0.684746462799748,-1.15478722483496,-0.235144716457975,4.29536384187048,0.205223341441739,5.00110839529643,1.97154541388247,3.35857853624587,-0.150162682839167,0.693092355087156,-0.359515435063224,-0.57466294025908,-0.551624877979537,-0.252667176727403,-0.75092157018262,0.15804047666034,0.675722668684688,-0.358248530853331,1.24979378246872,1.15934430343727,0.339780531723689,0.522826689596927,-0.122788968249127,-0.410288243425013,0.830041471862194,0.751210108127635,-0.538949841922436
"1989-05-01",0.00119411517046154,0.00118668096,-1.18721566210857,-1.18664480396606,-1.28382113700398,0,-0.8573969423357,0,-1.00192106456753,0,-0.741648742329464,-0.768528332688405,-0.81368446845149,-0.911081306412317,-0.68959431137707,-0.6104348708283,-0.71857733958211,-1.13666488509944,-0.600346736945716,0.797777603250402,-0.433424531904553,0.671538250666114,-0.207869771746576,-0.0900315493946429,0.376595652362214,-0.861568583935702,-0.684746462799748,-1.15478722483496,-0.235144716457975,4.29536384187048,0.205223341441739,5.00110839529643,1.97154541388247,3.35857853624587,-0.150162682839167,0.693092355087156,-0.359515435063224,-0.57466294025908,-0.551624877979537,-0.252667176727403,-0.75092157018262,0.15804047666034,0.675722668684688,-0.358248530853331,1.24979378246872,1.15934430343727,0.339780531723689,0.522826689596927,-0.122788968249127,-0.410288243425013,0.830041471862194,0.751210108127635,-0.538949841922436
"1989-06-01",0.00106413607384615,0.00106768636061538,-0.775083848994277,-1.7862376273568,-1.97899858812178,0,-0.80420115846652,0,-0.709920112800548,0,-0.603565701133685,-1.03490556109205,-0.757461498340235,-0.950415709749093,-0.670162099865379,-0.812251547837678,-1.37906200274996,-1.41857231257863,-0.573750070781997,0.660942928986941,-0.844343275087191,0.189802568153212,-0.15093083356069,-0.509589091369346,-0.190426562862038,-0.93878486143152,-0.684746462799748,-1.15478722483496,-0.235144716457975,4.29536384187048,0.205223341441739,5.00110839529643,1.97154541388247,3.35857853624587,-0.150162682839167,0.693092355087156,-0.359515435063224,-0.57466294025908,-0.551624877979537,-0.252667176727403,-0.75092157018262,0.15804047666034,0.675722668684688,-0.358248530853331,1.24979378246872,1.15934430343727,0.339780531723689,0.522826689596927,-0.122788968249127,-0.410288243425013,0.830041471862194,0.751210108127635,-0.538949841922436
"1989-07-01",0.00105786759876923,0.000950017979076923,-0.712135493005501,-2.28853439195265,-1.58301959184859,0,-0.546723897218181,0,-0.545315240087048,0,-0.741648742329464,-0.903251237690292,-0.576111015314765,-1.02295217198296,-0.560368767785772,-0.755959016780827,-1.26314739431745,-1.47469449741733,-0.380862389653558,0.529356166291321,-0.751817360968725,-0.217483155016745,0.190524188466414,-0.852131064191946,-0.355615393090784,-1.00025242273208,-0.684746462799748,-1.15478722483496,-0.235144716457975,4.29536384187048,0.205223341441739,5.00110839529643,1.97154541388247,3.35857853624587,-0.150162682839167,0.693092355087156,-0.359515435063224,-0.57466294025908,-0.551624877979537,-0.252667176727403,-0.75092157018262,0.15804047666034,0.675722668684688,-0.358248530853331,1.24979378246872,1.15934430343727,0.339780531723689,0.522826689596927,-0.122788968249127,-0.410288243425013,0.830041471862194,0.751210108127635,-0.538949841922436
"1989-08-01",0.00134035802584615,0.00109914863261538,-0.435183941076316,-1.19309591726942,-0.70981383850679,0,-0.766764975278896,0,-0.125146850932672,0,-0.741648742329464,-0.684489551627513,-0.72864909550001,-0.916117987063269,-0.652984990187045,-0.243612733610636,-0.807601802533131,-1.08225872810257,-0.528062558124543,0.43958211639773,-0.427905797056539,-0.406893441816664,-0.162458600452926,-0.846863986218715,-0.407089014226444,-0.919981138038571,-0.684746462799748,-1.15478722483496,-0.235144716457975,4.29536384187048,0.205223341441739,5.00110839529643,1.97154541388247,3.35857853624587,-0.150162682839167,0.693092355087156,-0.359515435063224,-0.57466294025908,-0.551624877979537,-0.252667176727403,-0.75092157018262,0.15804047666034,0.675722668684688,-0.358248530853331,1.24979378246872,1.15934430343727,0.339780531723689,0.522826689596927,-0.122788968249127,-0.410288243425013,0.830041471862194,0.751210108127635,-0.538949841922436
"1989-09-01",0.00187735263507692,0.00142544926523077,-0.271757821676313,-0.8154281202962,-0.144218233057443,0,-0.381762089894931,0,0.0039334709322751,0,-0.603565701133685,-0.578208063673292,-0.573082234963602,-0.766677071689392,-0.485088565383014,0.0663689761302354,-0.574542177625199,-0.671187017110714,-0.436849843729807,0.436775304300869,0.281003613469468,-0.286172955683459,-0.0342214767959406,-0.867146658578295,-0.158055215791452,-0.804571667256945,-0.684746462799748,-1.15478722483496,-0.235144716457975,4.29536384187048,0.205223341441739,5.00110839529643,1.97154541388247,3.35857853624587,-0.150162682839167,0.693092355087156,-0.359515435063224,-0.57466294025908,-0.551624877979537,-0.252667176727403,-0.75092157018262,0.15804047666034,0.675722668684688,-0.358248530853331,1.24979378246872,1.15934430343727,0.339780531723689,0.522826689596927,-0.122788968249127,-0.410288243425013,0.830041471862194,0.751210108127635,-0.538949841922436
"1989-10-01",0.001267201152,0.000987257796923077,-0.391553507633542,-0.228378513179806,0.826563766507111,0,-0.422958623303923,0,-0.423180538402245,0,-0.741648742329464,-0.867127458906991,-0.595107416380538,-0.763334356177791,-0.597752146625065,-0.221974268505963,0.0582232123725664,-0.489305306612313,-0.125961173169992,0.467838908897704,-0.161881596979438,-0.0752758381649452,-0.166038548299296,-1.07896134933838,-0.519812293072768,-0.830192423283811,-0.684746462799748,-1.15478722483496,-0.235144716457975,4.29536384187048,0.205223341441739,5.00110839529643,1.97154541388247,3.35857853624587,-0.150162682839167,0.693092355087156,-0.359515435063224,-0.57466294025908,-0.551624877979537,-0.252667176727403,-0.75092157018262,0.15804047666034,0.675722668684688,-0.358248530853331,1.24979378246872,1.15934430343727,0.339780531723689,0.522826689596927,-0.122788968249127,-0.410288243425013,0.830041471862194,0.751210108127635,-0.538949841922436
"1989-11-01",0.00108961095876923,0.000823830291692308,0.535808527003074,0.397406733071798,1.02537587390912,0,-1.01282098561578,0,-0.115743360105172,0,-0.603565701133685,0.225720921825088,-0.563223985801878,-0.645213709975071,-0.78595961180805,0.529952350389066,1.02535843151163,-0.269883906673237,-0.487148534022312,0.381314919972624,-0.799708221884024,-0.229352781295489,-0.504351123111894,-0.968641877429373,-0.757371330777457,-0.64922036878014,-0.684746462799748,-1.15478722483496,-0.235144716457975,4.29536384187048,0.205223341441739,5.00110839529643,1.97154541388247,3.35857853624587,-0.150162682839167,0.693092355087156,-0.359515435063224,-0.57466294025908,-0.551624877979537,-0.252667176727403,-0.75092157018262,0.15804047666034,0.675722668684688,-0.358248530853331,1.24979378246872,1.15934430343727,0.339780531723689,0.522826689596927,-0.122788968249127,-0.410288243425013,0.830041471862194,0.751210108127635,-0.538949841922436
"1989-12-01",0.00109905115569231,0.000822344123076923,1.87398323291183,0.426361363543275,0.269198299497047,0,-0.99445254788413,0,1.57907750932034,0,-0.741648742329464,1.93517352418723,-0.780689469178373,-0.698909178757774,-0.882246005045562,1.0632209817184,0.82449164198454,-0.374106736961409,-0.625176059315231,0.30219047343549,0.118649709166371,-0.227418319000845,-0.646360385029301,-0.26060753492535,0.0360603005735791,-0.761395726413469,-0.684746462799748,-1.15478722483496,-0.235144716457975,4.29536384187048,0.205223341441739,5.00110839529643,1.97154541388247,3.35857853624587,-0.150162682839167,0.693092355087156,-0.359515435063224,-0.57466294025908,-0.551624877979537,-0.252667176727403,-0.75092157018262,0.15804047666034,0.675722668684688,-0.358248530853331,1.24979378246872,1.15934430343727,0.339780531723689,0.522826689596927,-0.122788968249127,-0.410288243425013,0.830041471862194,0.751210108127635,-0.538949841922436
"1990-01-01",0.00258044402215385,0.00303227933538462,1.52492040681011,1.00115436643003,0.740571108888987,0,-1.32532285327902,0,2.42161795589836,0,-0.653758486721197,2.44744713817984,-0.734618903544695,-0.558865114008305,-0.81372694359655,0.883666040252307,0.937028576130428,-0.195893567564246,-0.625176067862312,0.612820058050027,3.08731185040306,0.919885822257634,-0.681583915365609,0.744642554198628,2.20084421961673,-0.587428015347924,-0.684746462799748,-1.15478722483496,-0.235144716457975,4.29536384187048,0.205223341441739,5.00110839529643,1.97154541388247,3.35857853624587,-0.150162682839167,0.693092355087156,-0.359515435063224,-0.57466294025908,-0.551624877979537,-0.252667176727403,-0.75092157018262,0.15804047666034,0.675722668684688,-0.358248530853331,1.24979378246872,1.15934430343727,0.339780531723689,0.522826689596927,-0.122788968249127,-0.410288243425013,0.830041471862194,0.751210108127635,-0.538949841922436
"1990-02-01",0.00151718905107692,0.00116680257969231,0.0277716902182434,1.04251124945104,0.962671868199359,0,-1.12755100954248,0,-0.165614486035825,0,-0.200510844562804,-0.206964758385148,-0.0515019820095549,-0.28899967674478,-0.0628283364247678,-0.40764623883373,1.08730906012332,0.310347576325888,-0.487153071191698,0.819956846352801,0.0385818595396078,1.12753948448135,0.193388284209109,0.236439782578468,1.10565252243266,-0.179141292243058,-0.684746462799748,-1.15478722483496,-0.235144716457975,4.29536384187048,0.205223341441739,5.00110839529643,1.97154541388247,3.35857853624587,-0.150162682839167,0.693092355087156,-0.359515435063224,-0.57466294025908,-0.551624877979537,-0.252667176727403,-0.75092157018262,0.15804047666034,0.675722668684688,-0.358248530853331,1.24979378246872,1.15934430343727,0.339780531723689,0.522826689596927,-0.122788968249127,-0.410288243425013,0.830041471862194,0.751210108127635,-0.538949841922436
"1990-03-01",0.000988641792,0.00120879209353846,0.149043026371777,1.08283539219211,0.417163990593142,0,-0.771103829339365,0,-0.0513218941263982,0,-0.653758486721197,0.343837724780738,-0.458710150179116,-0.573889614509889,-0.677887881259288,0.298295214172836,0.806214947586459,-0.244686859549677,-0.451386279593752,0.732766045714101,-0.395199404958559,0.580804832820451,-0.383012923255066,0.354141443443879,0.496507111310922,-0.606525912760302,-0.684746462799748,-1.15478722483496,-0.235144716457975,4.29536384187048,0.205223341441739,5.00110839529643,1.97154541388247,3.35857853624587,-0.150162682839167,0.693092355087156,-0.359515435063224,-0.57466294025908,-0.551624877979537,-0.252667176727403,-0.75092157018262,0.15804047666034,0.675722668684688,-0.358248530853331,1.24979378246872,1.15934430343727,0.339780531723689,0.522826689596927,-0.122788968249127,-0.410288243425013,0.830041471862194,0.751210108127635,-0.538949841922436
"1990-04-01",0.00114319694769231,0.00136831945846154,-0.06096198707492,0.5736965635395,-0.375625714235239,0,-1.22222728745476,0,-0.137219748148339,0,-0.512747571631959,0.244214637788057,-0.90853479224739,-0.623270983500749,-0.877456228808655,0.658231022900082,0.39770292254732,-0.489366798567797,-0.625176068311042,0.635248709409652,-0.539776137707964,0.119889248442482,-0.835362009739991,0.272458767746602,0.370008212195911,-0.626209956909352,-0.684746462799748,-1.15478722483496,-0.235144716457975,4.29536384187048,0.205223341441739,5.00110839529643,1.97154541388247,3.35857853624587,-0.150162682839167,0.693092355087156,-0.359515435063224,-0.57466294025908,-0.551624877979537,-0.252667176727403,-0.75092157018262,0.15804047666034,0.675722668684688,-0.358248530853331,1.24979378246872,1.15934430343727,0.339780531723689,0.522826689596927,-0.122788968249127,-0.410288243425013,0.830041471862194,0.751210108127635,-0.538949841922436
"1990-05-01",0.00126238446276923,0.00137884235815385,-0.342011754054357,-1.36773847375657,-1.48316071364479,0,-1.08833864043284,0,-0.0892437471533903,0,-0.653758486721197,-0.213108645847287,-1.05069556892829,-0.83723630437812,-1.00717735341227,0.506249708478811,-0.606687529485854,-1.07672057294358,-0.614082449414403,0.569738335358901,-0.210500412740563,-0.0280966258681651,-0.79011055056075,0.136226363636679,0.54183820730069,-0.93804722508076,-0.684746462799748,-1.15478722483496,-0.235144716457975,4.29536384187048,0.205223341441739,5.00110839529643,1.97154541388247,3.35857853624587,-0.150162682839167,0.693092355087156,-0.359515435063224,-0.57466294025908,-0.551624877979537,-0.252667176727403,-0.75092157018262,0.15804047666034,0.675722668684688,-0.358248530853331,1.24979378246872,1.15934430343727,0.339780531723689,0.522826689596927,-0.122788968249127,-0.410288243425013,0.830041471862194,0.751210108127635,-0.538949841922436
"1990-06-01",0.00171885755076923,0.00151064533661538,-1.04247891202545,-1.97260615121223,-1.82661024699009,0,-0.330754700394972,0,-0.606224206925075,0,-0.512747571631959,-0.66951045996956,-0.56174690364242,-0.878032244510932,-0.525940244155253,-0.646999559747698,-1.35737918360535,-1.36432333361751,-0.318989824619007,0.592508146199913,0.466755888581092,0.153861975343004,0.000328979421717938,-0.276076949832556,0.502206116883408,-0.956680247495088,-0.684746462799748,-1.15478722483496,-0.235144716457975,4.29536384187048,0.205223341441739,5.00110839529643,1.97154541388247,3.35857853624587,-0.150162682839167,0.693092355087156,-0.359515435063224,-0.57466294025908,-0.551624877979537,-0.252667176727403,-0.75092157018262,0.15804047666034,0.675722668684688,-0.358248530853331,1.24979378246872,1.15934430343727,0.339780531723689,0.522826689596927,-0.122788968249127,-0.410288243425013,0.830041471862194,0.751210108127635,-0.538949841922436
"1990-07-01",0.00137287269415385,0.00117950231630769,-0.706446916294668,-2.42241330550537,-1.86700933345046,0,-0.238207709505457,0,-0.359911943118694,0,-0.653758486721197,-0.95704680656287,-0.609830735937695,-0.953281592770884,-0.559507254663742,-0.749311819060286,-1.46643376163305,-1.42157536130183,0.0258138596774748,0.618290240189074,0.202519291743962,0.285914325278568,0.0477367567073888,-0.650519651251509,0.166783915499242,-0.960824899274952,-0.684746462799748,-1.15478722483496,-0.235144716457975,4.29536384187048,0.205223341441739,5.00110839529643,1.97154541388247,3.35857853624587,-0.150162682839167,0.693092355087156,-0.359515435063224,-0.57466294025908,-0.551624877979537,-0.252667176727403,-0.75092157018262,0.15804047666034,0.675722668684688,-0.358248530853331,1.24979378246872,1.15934430343727,0.339780531723689,0.522826689596927,-0.122788968249127,-0.410288243425013,0.830041471862194,0.751210108127635,-0.538949841922436
"1990-08-01",0.00147857994830769,0.00118644196430769,-0.301519567093463,-1.14824219695412,-0.787617422404892,0,-0.222047611955847,0,0.039198263661887,0,-0.653759516031759,-0.955272676079558,-0.202516739113949,-0.842494415185796,-0.298883808607607,-0.771748662095322,-1.11022280190301,-1.02122810595743,0.402864376174678,0.6302514983698,0.0218367999597637,0.394908713500335,0.368272476714134,-0.846512722235743,-0.168852021851341,-0.934623599826069,-0.684746462799748,-1.15478722483496,-0.235144716457975,4.29536384187048,0.205223341441739,5.00110839529643,1.97154541388247,3.35857853624587,-0.150162682839167,0.693092355087156,-0.359515435063224,-0.57466294025908,-0.551624877979537,-0.252667176727403,-0.75092157018262,0.15804047666034,0.675722668684688,-0.358248530853331,1.24979378246872,1.15934430343727,0.339780531723689,0.522826689596927,-0.122788968249127,-0.410288243425013,0.830041471862194,0.751210108127635,-0.538949841922436
"1990-09-01",0.00186715335876923,0.00150794770707692,-0.0122824093409019,-1.13245766675372,-0.164249421053116,0,-0.312626515623818,0,0.383333198240502,0,-0.512747571631959,-0.756969863838873,-0.508814500553207,-0.687444669054023,-0.539280272364497,0.170633817889129,-0.524721754506356,-0.601853975265675,-0.380530568214123,0.66808272495156,0.597207113385852,0.556476104703396,-0.207055664469948,-0.803329519957778,-0.134927309688581,-0.694423108581969,-0.684746462799748,-1.15478722483496,-0.235144716457975,4.29536384187048,0.205223341441739,5.00110839529643,1.97154541388247,3.35857853624587,-0.150162682839167,0.693092355087156,-0.359515435063224,-0.57466294025908,-0.551624877979537,-0.252667176727403,-0.75092157018262,0.15804047666034,0.675722668684688,-0.358248530853331,1.24979378246872,1.15934430343727,0.339780531723689,0.522826689596927,-0.122788968249127,-0.410288243425013,0.830041471862194,0.751210108127635,-0.538949841922436
"1990-10-01",0.00169338940061538,0.00143046817476923,-0.0311430059167033,0.649568265524773,0.795161899350269,0,-0.188857026745341,0,-0.0120151365214636,0,-0.653758486721197,-0.393955519875569,-0.674800176330211,-0.683909118670838,-0.771715767453611,0.500822396525672,0.422689464608919,-0.416286482930853,-0.47237399031548,0.696086232382021,0.262657932782139,0.655534257167318,-0.520279474743053,-0.821299495343761,-0.134515187672811,-0.720511541264214,-0.684746462799748,-1.15478722483496,-0.235144716457975,4.29536384187048,0.205223341441739,5.00110839529643,1.97154541388247,3.35857853624587,-0.150162682839167,0.693092355087156,-0.359515435063224,-0.57466294025908,-0.551624877979537,-0.252667176727403,-0.75092157018262,0.15804047666034,0.675722668684688,-0.358248530853331,1.24979378246872,1.15934430343727,0.339780531723689,0.522826689596927,-0.122788968249127,-0.410288243425013,0.830041471862194,0.751210108127635,-0.538949841922436
"1990-11-01",0.00141920967876923,0.00113210496,0.191107936305754,1.03599582943335,1.11040017285184,0,-0.0460240826423321,0,-0.12666547456744,0,-0.512747571631959,-0.445871949243652,-0.608541875346902,-0.561258319410776,-0.754078475406697,0.477401227473615,0.973863892132037,-0.192398439524385,-0.457751264038303,0.679183330804243,-0.202011988167497,0.667560094469348,-0.53387132032519,-0.868818298782971,-0.393850641055064,-0.534069851182963,-0.684746462799748,-1.15478722483496,-0.235144716457975,4.29536384187048,0.205223341441739,5.00110839529643,1.97154541388247,3.35857853624587,-0.150162682839167,0.693092355087156,-0.359515435063224,-0.57466294025908,-0.551624877979537,-0.252667176727403,-0.75092157018262,0.15804047666034,0.675722668684688,-0.358248530853331,1.24979378246872,1.15934430343727,0.339780531723689,0.522826689596927,-0.122788968249127,-0.410288243425013,0.830041471862194,0.751210108127635,-0.538949841922436
"1990-12-01",0.00117441428676923,0.00102420155076923,0.211249757545139,0.786751947973326,1.13534152799355,0,-0.137198425273499,0,-0.169399470662633,0,-0.653758486721197,0.0457746076188157,-0.618633115696638,-0.616883969940416,-0.777339110514861,0.586882308426103,1.24476847741129,-0.298758546284007,-0.360628438414197,0.565080991529673,-0.749127634728206,0.437673647000749,-0.50548688352383,-0.76141494518974,-0.643719149374143,-0.649261993403297,-0.684746462799748,-1.15478722483496,-0.235144716457975,4.29536384187048,0.205223341441739,5.00110839529643,1.97154541388247,3.35857853624587,-0.150162682839167,0.693092355087156,-0.359515435063224,-0.57466294025908,-0.551624877979537,-0.252667176727403,-0.75092157018262,0.15804047666034,0.675722668684688,-0.358248530853331,1.24979378246872,1.15934430343727,0.339780531723689,0.522826689596927,-0.122788968249127,-0.410288243425013,0.830041471862194,0.751210108127635,-0.538949841922436
"1991-01-01",0.000952559379692308,0.000920835426461538,1.77732642518183,0.732829277447105,0.765490819080156,0,-0.159516961883609,0,1.11407416438324,0,-0.808271897762058,1.58734465145377,-0.707674528835696,-0.611767491335633,-0.825582201448682,0.837639042421166,1.04976337479884,-0.0612135418483494,-0.615822112416903,0.433985291723927,-0.351415738042142,0.160630047911615,-0.609682239552575,-0.345056414488525,-0.322439570821241,-0.672065682986962,-0.684746462799748,-1.15478722483496,-0.235144716457975,4.29536384187048,0.205223341441739,5.00110839529643,1.97154541388247,3.35857853624587,-0.150162682839167,0.693092355087156,-0.359515435063224,-0.57466294025908,-0.551624877979537,-0.252667176727403,-0.75092157018262,0.15804047666034,0.675722668684688,-0.358248530853331,1.24979378246872,1.15934430343727,0.339780531723689,0.522826689596927,-0.122788968249127,-0.410288243425013,0.830041471862194,0.751210108127635,-0.538949841922436
"1991-02-01",0.00158621822030769,0.00169162754953846,0.676448461931772,0.768378114308152,0.787143760052792,0,-1.01786448384634,0,0.750796071359918,0,-0.371577628060901,2.08944129466543,-0.495161027768251,-0.348180429989325,-0.625631921164259,1.16581956027279,1.25292384635112,0.462527953961521,-0.621957451260447,0.490328296983182,0.962194837246237,0.197603562668245,-0.644159511704037,0.541457353163057,1.00577875219204,-0.272919366914364,-0.684746462799748,-1.15478722483496,-0.235144716457975,4.29536384187048,0.205223341441739,5.00110839529643,1.97154541388247,3.35857853624587,-0.150162682839167,0.693092355087156,-0.359515435063224,-0.57466294025908,-0.551624877979537,-0.252667176727403,-0.75092157018262,0.15804047666034,0.675722668684688,-0.358248530853331,1.24979378246872,1.15934430343727,0.339780531723689,0.522826689596927,-0.122788968249127,-0.410288243425013,0.830041471862194,0.751210108127635,-0.538949841922436
"1991-03-01",0.00112099516061538,0.00180528440123077,1.41262616266773,0.565679943733426,-0.422138386634209,0,-1.14868237137334,0,1.99965144940103,0,-0.808271897762058,1.34081693750544,-0.826660827017065,-0.626545388053405,-0.862201276444566,0.88518525397539,0.268110978560285,-0.111596429617602,-0.625084360463505,0.633351655929822,1.34607470282524,0.577733307897195,-0.677661923653502,0.624776542666712,1.19445179265919,-0.691183792355777,-0.684746462799748,-1.15478722483496,-0.235144716457975,4.29536384187048,0.205223341441739,5.00110839529643,1.97154541388247,3.35857853624587,-0.150162682839167,0.693092355087156,-0.359515435063224,-0.57466294025908,-0.551624877979537,-0.252667176727403,-0.75092157018262,0.15804047666034,0.675722668684688,-0.358248530853331,1.24979378246872,1.15934430343727,0.339780531723689,0.522826689596927,-0.122788968249127,-0.410288243425013,0.830041471862194,0.751210108127635,-0.538949841922436
"1991-04-01",0.00176216300307692,0.00188943232984615,-0.28381940416935,0.0282163497120354,-0.520642432536252,0,-1.03201738532783,0,-0.44899746700159,0,-0.672410623414242,0.364635513683479,-0.982559991629475,-0.674817284421255,-0.914232351038208,0.268629607384916,-0.0277068913245844,-0.364761109110177,-0.625176068445698,0.972288431604081,2.15848385638516,1.31936947913881,-0.826130905147678,0.402942046792378,1.2447497496923,-0.713143582728603,-0.684746462799748,-1.15478722483496,-0.235144716457975,4.29536384187048,0.205223341441739,5.00110839529643,1.97154541388247,3.35857853624587,-0.150162682839167,0.693092355087156,-0.359515435063224,-0.57466294025908,-0.551624877979537,-0.252667176727403,-0.75092157018262,0.15804047666034,0.675722668684688,-0.358248530853331,1.24979378246872,1.15934430343727,0.339780531723689,0.522826689596927,-0.122788968249127,-0.410288243425013,0.830041471862194,0.751210108127635,-0.538949841922436
"1991-05-01",0.00127788701538462,0.00115985885538462,-1.19885207623855,-0.804243436596301,-1.25955471996974,0,-1.13958507109109,0,-1.07978054228263,0,-0.808271897762058,-0.624034844887985,-1.17641790824041,-0.883841242264806,-1.02021293136671,-0.228979843540293,-0.622408440757768,-0.972364845321715,-0.570925553740296,1.02479856178079,-0.182486757712238,0.924815356281749,-0.748344814742651,0.0919667881537524,0.525710793677898,-0.901477992453229,-0.684746462799748,-1.15478722483496,-0.235144716457975,4.29536384187048,0.205223341441739,5.00110839529643,1.97154541388247,3.35857853624587,-0.150162682839167,0.693092355087156,-0.359515435063224,-0.57466294025908,-0.551624877979537,-0.252667176727403,-0.75092157018262,0.15804047666034,0.675722668684688,-0.358248530853331,1.24979378246872,1.15934430343727,0.339780531723689,0.522826689596927,-0.122788968249127,-0.410288243425013,0.830041471862194,0.751210108127635,-0.538949841922436
"1991-06-01",0.00115745489723077,0.00107162008615385,-0.618642889825831,-1.39426265112386,-1.66594281341882,0,-0.941268182051951,0,-0.588578302484467,0,-0.672410623414242,-0.573289342867064,-0.621967926873013,-0.923673496847991,-0.480786479439076,-0.643130105050054,-1.21045377214,-1.2698820344351,-0.157801877258219,0.898486848339032,-0.763444747794539,0.280348782851472,0.168512133128476,-0.251240077208043,0.0483602356334264,-0.922704949316429,-0.684746462799748,-1.15478722483496,-0.235144716457975,4.29536384187048,0.205223341441739,5.00110839529643,1.97154541388247,3.35857853624587,-0.150162682839167,0.693092355087156,-0.359515435063224,-0.57466294025908,-0.551624877979537,-0.252667176727403,-0.75092157018262,0.15804047666034,0.675722668684688,-0.358248530853331,1.24979378246872,1.15934430343727,0.339780531723689,0.522826689596927,-0.122788968249127,-0.410288243425013,0.830041471862194,0.751210108127635,-0.538949841922436
"1991-07-01",0.00110380466215385,0.00103858515692308,-1.42738539098726,-1.69782270909718,-1.26560064015173,0,-0.893743444371804,0,-1.20509175877224,0,-0.808271897762058,-0.975917833448878,-0.585292991001134,-0.997147737791956,-0.385274691817455,-0.973698487117368,-1.08438799996202,-1.32912622906975,0.0020742200757319,0.785130149294613,-0.630427289830042,-0.0840419649370506,0.431700494837514,-0.598485223859781,-0.0853514964810753,-0.984511711272047,-0.684746462799748,-1.15478722483496,-0.235144716457975,4.29536384187048,0.205223341441739,5.00110839529643,1.97154541388247,3.35857853624587,-0.150162682839167,0.693092355087156,-0.359515435063224,-0.57466294025908,-0.551624877979537,-0.252667176727403,-0.75092157018262,0.15804047666034,0.675722668684688,-0.358248530853331,1.24979378246872,1.15934430343727,0.339780531723689,0.522826689596927,-0.122788968249127,-0.410288243425013,0.830041471862194,0.751210108127635,-0.538949841922436
"1991-08-01",0.000951200994461539,0.000916318523076923,-1.49024315371712,-0.982076202335859,-0.219975863405713,0,0.952785149927729,0,-1.26786653584276,0,-0.808271897762058,-1.13159369199928,0.447761666629784,-0.889012100792184,0.294701033930936,-1.85234081981149,-1.2158575751721,-0.915016844211547,1.44192827288212,0.657767819722675,-0.912996326639275,-0.317875129905905,1.50222701617556,-1.08203271378948,-0.718730705457935,-0.900157011023126,-0.684746462799748,-1.15478722483496,-0.235144716457975,4.29536384187048,0.205223341441739,5.00110839529643,1.97154541388247,3.35857853624587,-0.150162682839167,0.693092355087156,-0.359515435063224,-0.57466294025908,-0.551624877979537,-0.252667176727403,-0.75092157018262,0.15804047666034,0.675722668684688,-0.358248530853331,1.24979378246872,1.15934430343727,0.339780531723689,0.522826689596927,-0.122788968249127,-0.410288243425013,0.830041471862194,0.751210108127635,-0.538949841922436
"1991-09-01",0.000853409575384615,0.000787767552,-0.664555153476748,-0.217773015781239,0.530427465297126,0,1.38030407832298,0,-0.933411953177526,0,-0.672410623414242,-1.27308613251012,0.562420760405909,-0.73757635877462,0.380585595982689,-2.1871148425548,-1.33391310549492,-0.481255032664455,1.66929509225923,0.507439254153776,-1.07787933557191,-0.522663047765341,1.47526633021479,-1.53907890434679,-1.38469383459929,-0.780756579377908,-0.684746462799748,-1.15478722483496,-0.235144716457975,4.29536384187048,0.205223341441739,5.00110839529643,1.97154541388247,3.35857853624587,-0.150162682839167,0.693092355087156,-0.359515435063224,-0.57466294025908,-0.551624877979537,-0.252667176727403,-0.75092157018262,0.15804047666034,0.675722668684688,-0.358248530853331,1.24979378246872,1.15934430343727,0.339780531723689,0.522826689596927,-0.122788968249127,-0.410288243425013,0.830041471862194,0.751210108127635,-0.538949841922436
"1991-10-01",0.00108744023630769,0.000781360393846154,-0.128392409551415,0.18510173559602,0.844869730570636,0,-0.135602534445963,0,-0.430379852592033,0,-0.80827292707262,-0.235310961112731,-0.910580427553962,-0.734057427873397,-0.872772319722986,0.432437373161246,0.516321613367378,-0.289173703232118,-0.49478268635901,0.370272466304267,-0.886160827369828,-0.70683950611214,-0.642310828514868,-1.37688464198117,-1.1596326528548,-0.803948898856629,-0.684746462799748,-1.15478722483496,-0.235144716457975,4.29536384187048,0.205223341441739,5.00110839529643,1.97154541388247,3.35857853624587,-0.150162682839167,0.693092355087156,-0.359515435063224,-0.57466294025908,-0.551624877979537,-0.252667176727403,-0.75092157018262,0.15804047666034,0.675722668684688,-0.358248530853331,1.24979378246872,1.15934430343727,0.339780531723689,0.522826689596927,-0.122788968249127,-0.410288243425013,0.830041471862194,0.751210108127635,-0.538949841922436
"1991-11-01",0.000980966990769231,0.000723208585846154,-0.214691627993592,0.567135575187801,1.21683335077808,0,0.76638046481093,0,-0.754100961799806,0,-0.672410623414242,-0.41404684677133,-0.282657720722113,-0.614163751789936,-0.508815739272565,-0.0940896835037045,0.610609510530909,-0.0577145346430713,0.741928354097947,0.248297613542556,-0.968433980587221,-0.832647255638883,-0.0449372965852365,-1.43035047010351,-1.51962867601455,-0.620713105232016,-0.684746462799748,-1.15478722483496,-0.235144716457975,4.29536384187048,0.205223341441739,5.00110839529643,1.97154541388247,3.35857853624587,-0.150162682839167,0.693092355087156,-0.359515435063224,-0.57466294025908,-0.551624877979537,-0.252667176727403,-0.75092157018262,0.15804047666034,0.675722668684688,-0.358248530853331,1.24979378246872,1.15934430343727,0.339780531723689,0.522826689596927,-0.122788968249127,-0.410288243425013,0.830041471862194,0.751210108127635,-0.538949841922436
"1991-12-01",0.00124320977723077,0.000745676396307692,1.40631115257005,0.757535406049407,0.900994885049663,0,-0.451159142482078,0,0.652129563438453,0,-0.808271897762058,0.933867678802487,-0.800390203551346,-0.668404119617247,-0.821636732181896,1.09331192243568,1.12841908250793,-0.167622066339276,-0.386783788611961,0.130163389487963,-0.796951699376449,-0.920471968855999,-0.578091892252114,-1.07839493616584,-1.15529932475218,-0.733261483526717,-0.684746462799748,-1.15478722483496,-0.235144716457975,4.29536384187048,0.205223341441739,5.00110839529643,1.97154541388247,3.35857853624587,-0.150162682839167,0.693092355087156,-0.359515435063224,-0.57466294025908,-0.551624877979537,-0.252667176727403,-0.75092157018262,0.15804047666034,0.675722668684688,-0.358248530853331,1.24979378246872,1.15934430343727,0.339780531723689,0.522826689596927,-0.122788968249127,-0.410288243425013,0.830041471862194,0.751210108127635,-0.538949841922436
"1992-01-01",0.00116756059569231,0.000770846444307692,1.04678518503468,0.870679875886749,0.601896057664349,0,-0.938508012732937,0,0.816280644691492,0,-0.873245068363851,1.65890691769179,-0.767855511632084,-0.613839183083392,-0.849837395974531,0.675936902783864,1.00298001349198,0.00793789758610169,-0.573400188601909,0.100067695692485,0.399069707956782,-0.880843581219352,-0.597971414305135,-0.260922104367242,-0.19056215379612,-0.689394533915154,-0.684746462799748,-1.15478722483496,-0.235144716457975,4.29536384187048,0.205223341441739,5.00110839529643,1.97154541388247,3.35857853624587,-0.150162682839167,0.693092355087156,-0.359515435063224,-0.57466294025908,-0.551624877979537,-0.252667176727403,-0.75092157018262,0.15804047666034,0.675722668684688,-0.358248530853331,1.24979378246872,1.15934430343727,0.339780531723689,0.522826689596927,-0.122788968249127,-0.410288243425013,0.830041471862194,0.751210108127635,-0.538949841922436
"1992-02-01",0.001582107264,0.00170186608246154,1.12015300570711,0.85214676598871,0.724856065634859,0,-0.545389484706679,0,1.1104012023743,0,-0.596635353120094,1.1781568890405,-0.667276042768742,-0.437117143665392,-0.65568558888353,0.585644312488396,0.937403388635278,0.380494380871539,-0.50658833561678,0.397367507388462,1.79085569446144,-0.293317578094363,-0.530158767271219,0.416713790324742,0.518386324917927,-0.444678971768765,-0.684746462799748,-1.15478722483496,-0.235144716457975,4.29536384187048,0.205223341441739,5.00110839529643,1.97154541388247,3.35857853624587,-0.150162682839167,0.693092355087156,-0.359515435063224,-0.57466294025908,-0.551624877979537,-0.252667176727403,-0.75092157018262,0.15804047666034,0.675722668684688,-0.358248530853331,1.24979378246872,1.15934430343727,0.339780531723689,0.522826689596927,-0.122788968249127,-0.410288243425013,0.830041471862194,0.751210108127635,-0.538949841922436
"1992-03-01",0.00130557444923077,0.00160413261784615,1.01496115307306,0.508426951974551,-0.0213568410999391,0,-0.257789755863399,0,0.96233326465254,0,-0.873245068363851,0.389739409360102,-0.933406522748005,-0.628655084645943,-0.879403702180805,1.34932723771265,0.722753788677932,-0.0432752752549785,-0.62517002802404,0.514112540373014,0.215241402412762,-0.303483798634917,-0.718700723385806,0.425934783506292,0.640588642701479,-0.708659129938541,-0.684746462799748,-1.15478722483496,-0.235144716457975,4.29536384187048,0.205223341441739,5.00110839529643,1.97154541388247,3.35857853624587,-0.150162682839167,0.693092355087156,-0.359515435063224,-0.57466294025908,-0.551624877979537,-0.252667176727403,-0.75092157018262,0.15804047666034,0.675722668684688,-0.358248530853331,1.24979378246872,1.15934430343727,0.339780531723689,0.522826689596927,-0.122788968249127,-0.410288243425013,0.830041471862194,0.751210108127635,-0.538949841922436
"1992-04-01",0.00155103126646154,0.00170101696984615,0.38351305936702,-0.252054882608124,-0.811315305481073,0,-0.485598034506463,0,0.748258949703324,0,-0.739550235421294,0.212541215012998,-0.991999445173593,-0.67689643049548,-0.933329426164303,1.12068506224304,0.0389714701570555,-0.300826428796348,-0.625176064437976,0.559438937379171,0.284653499005744,-0.244281875042863,-0.844135288757118,0.376006058241055,1.07205783348682,-0.732047165193453,-0.684746462799748,-1.15478722483496,-0.235144716457975,4.29536384187048,0.205223341441739,5.00110839529643,1.97154541388247,3.35857853624587,-0.150162682839167,0.693092355087156,-0.359515435063224,-0.57466294025908,-0.551624877979537,-0.252667176727403,-0.75092157018262,0.15804047666034,0.675722668684688,-0.358248530853331,1.24979378246872,1.15934430343727,0.339780531723689,0.522826689596927,-0.122788968249127,-0.410288243425013,0.830041471862194,0.751210108127635,-0.538949841922436
"1992-05-01",0.00231808071876923,0.00236953834338462,0.496251750437935,-0.726363746808986,-1.54070432039704,0,-0.980316536366407,0,1.98798548296889,0,-0.873245068363851,0.603655451069989,-1.21339961058852,-0.885714355643538,-1.06736556872412,0.687825846980118,-0.689174334490607,-0.918810524315651,-0.625176063467244,0.71366757611028,1.50423818747,0.220577568772042,-0.835616230107899,0.413283321176761,1.70709878727332,-0.861381773427446,-0.684746462799748,-1.15478722483496,-0.235144716457975,4.29536384187048,0.205223341441739,5.00110839529643,1.97154541388247,3.35857853624587,-0.150162682839167,0.693092355087156,-0.359515435063224,-0.57466294025908,-0.551624877979537,-0.252667176727403,-0.75092157018262,0.15804047666034,0.675722668684688,-0.358248530853331,1.24979378246872,1.15934430343727,0.339780531723689,0.522826689596927,-0.122788968249127,-0.410288243425013,0.830041471862194,0.751210108127635,-0.538949841922436
"1992-06-01",0.00235704428307692,0.00155064756184615,-1.2203594358677,-1.02300125086456,-1.51375625582144,0,-0.856609142942946,0,-0.811493907230008,0,-0.739550235421294,-0.61742466517433,-0.89988963162118,-0.925495285355959,-0.722467486549651,-0.903318284145495,-1.10186818061334,-1.22139763895502,-0.440136344713392,0.979061222672058,1.48113604358495,0.938475380600959,-0.233249816070111,-0.0751442290877885,1.33199984116768,-0.943550280427894,-0.684746462799748,-1.15478722483496,-0.235144716457975,4.29536384187048,0.205223341441739,5.00110839529643,1.97154541388247,3.35857853624587,-0.150162682839167,0.693092355087156,-0.359515435063224,-0.57466294025908,-0.551624877979537,-0.252667176727403,-0.75092157018262,0.15804047666034,0.675722668684688,-0.358248530853331,1.24979378246872,1.15934430343727,0.339780531723689,0.522826689596927,-0.122788968249127,-0.410288243425013,0.830041471862194,0.751210108127635,-0.538949841922436
"1992-07-01",0.00141694715076923,0.00135287982276923,-1.14407371231754,-2.4337104194873,-1.74550621271209,0,-0.6228746471877,0,-0.792237709430544,0,-0.873245068363851,-0.909281918058543,-0.600705930845048,-0.99887987885899,-0.416612026143816,-1.36996693226492,-1.45543731192385,-1.28166708264186,0.360567161839379,1.04963729811309,0.418919638207466,1.08273835949503,0.328817362500176,-0.520027276977603,0.624815207469207,-1.00458398507939,-0.684746462799748,-1.15478722483496,-0.235144716457975,4.29536384187048,0.205223341441739,5.00110839529643,1.97154541388247,3.35857853624587,-0.150162682839167,0.693092355087156,-0.359515435063224,-0.57466294025908,-0.551624877979537,-0.252667176727403,-0.75092157018262,0.15804047666034,0.675722668684688,-0.358248530853331,1.24979378246872,1.15934430343727,0.339780531723689,0.522826689596927,-0.122788968249127,-0.410288243425013,0.830041471862194,0.751210108127635,-0.538949841922436
"1992-08-01",0.00129467218707692,0.00114899035569231,-1.03972527692449,-1.50118555281697,-0.896185864588131,0,-0.0412885703419392,0,-0.828685021629281,0,-0.873245068363851,-1.13637606995213,-0.0238954162876247,-0.890896456761654,0.025421030377929,-1.67174358702976,-1.35438950618304,-0.860451210414239,0.765594229615958,1.02186510714918,-0.0896476751929509,1.01811745853546,0.967485265620473,-0.955724144455608,0.0221576946273456,-0.857496775246364,-0.684746462799748,-1.15478722483496,-0.235144716457975,4.29536384187048,0.205223341441739,5.00110839529643,1.97154541388247,3.35857853624587,-0.150162682839167,0.693092355087156,-0.359515435063224,-0.57466294025908,-0.551624877979537,-0.252667176727403,-0.75092157018262,0.15804047666034,0.675722668684688,-0.358248530853331,1.24979378246872,1.15934430343727,0.339780531723689,0.522826689596927,-0.122788968249127,-0.410288243425013,0.830041471862194,0.751210108127635,-0.538949841922436
"1992-09-01",0.00129717264738462,0.00117507119261538,0.232804433653452,-0.920850673945499,-0.72724196833762,0,-0.529537079545079,0,0.190617257231348,0,-0.739550235421294,-0.635377108760132,-0.865859991731921,-0.739628742594806,-0.81996137903389,0.237593621865086,-0.596389652567367,-0.419203327978137,-0.561337675684958,0.944057484519365,-0.253976401944872,0.86255360796315,-0.627147194734627,-0.919475896812874,-0.0997385551128902,-0.799900704136197,-0.684746462799748,-1.15478722483496,-0.235144716457975,4.29536384187048,0.205223341441739,5.00110839529643,1.97154541388247,3.35857853624587,-0.150162682839167,0.693092355087156,-0.359515435063224,-0.57466294025908,-0.551624877979537,-0.252667176727403,-0.75092157018262,0.15804047666034,0.675722668684688,-0.358248530853331,1.24979378246872,1.15934430343727,0.339780531723689,0.522826689596927,-0.122788968249127,-0.410288243425013,0.830041471862194,0.751210108127635,-0.538949841922436
"1992-10-01",0.00142323964061538,0.00124530810092308,0.752252301339113,0.10332446269857,0.213757894154482,0,-0.114754719279519,0,0.708240912020969,0,-0.873245068363851,0.290836033319616,-0.926038662482239,-0.736078161356611,-0.966821255652347,1.01126966254201,0.553770745563122,-0.223983466378628,-0.625176069166061,0.85334007696891,-0.420252142087497,0.659527775454424,-0.775295755374395,-0.701816737907552,0.0540331928618009,-0.821787651418498,-0.684746462799748,-1.15478722483496,-0.235144716457975,4.29536384187048,0.205223341441739,5.00110839529643,1.97154541388247,3.35857853624587,-0.150162682839167,0.693092355087156,-0.359515435063224,-0.57466294025908,-0.551624877979537,-0.252667176727403,-0.75092157018262,0.15804047666034,0.675722668684688,-0.358248530853331,1.24979378246872,1.15934430343727,0.339780531723689,0.522826689596927,-0.122788968249127,-0.410288243425013,0.830041471862194,0.751210108127635,-0.538949841922436
"1992-11-01",0.00149999288123077,0.00123521711261538,0.745398011369449,0.181670908505193,0.656632496390994,0,-0.130591092523642,0,0.587614702914083,0,-0.739550235421294,1.33575485789222,-0.761343003319064,-0.616265383045639,-0.835759366319701,0.966074584717222,1.09861489619264,0.0115986803565081,-0.625175984595459,0.803156034165286,0.0581096978349295,0.490959200893288,-0.648759716129782,-0.240895039280985,0.502575910339997,-0.638884854779143,-0.684746462799748,-1.15478722483496,-0.235144716457975,4.29536384187048,0.205223341441739,5.00110839529643,1.97154541388247,3.35857853624587,-0.150162682839167,0.693092355087156,-0.359515435063224,-0.57466294025908,-0.551624877979537,-0.252667176727403,-0.75092157018262,0.15804047666034,0.675722668684688,-0.358248530853331,1.24979378246872,1.15934430343727,0.339780531723689,0.522826689596927,-0.122788968249127,-0.410288243425013,0.830041471862194,0.751210108127635,-0.538949841922436
"1992-12-01",0.00159463358030769,0.00107917764923077,-0.00270448203813279,0.575451583206989,0.951575290982033,0,-0.396380037410801,0,-0.269391549302203,0,-0.873245068363851,0.696164867726401,-0.768281033201891,-0.670398946260932,-0.878347989688182,0.688475007310079,1.36949440144975,-0.100313517823035,-0.600426138345472,0.775192587128473,-0.0233018769455196,0.44335904945829,-0.588517168680217,0.0560412642953732,0.495897068394801,-0.750784049047294,-0.684746462799748,-1.15478722483496,-0.235144716457975,4.29536384187048,0.205223341441739,5.00110839529643,1.97154541388247,3.35857853624587,-0.150162682839167,0.693092355087156,-0.359515435063224,-0.57466294025908,-0.551624877979537,-0.252667176727403,-0.75092157018262,0.15804047666034,0.675722668684688,-0.358248530853331,1.24979378246872,1.15934430343727,0.339780531723689,0.522826689596927,-0.122788968249127,-0.410288243425013,0.830041471862194,0.751210108127635,-0.538949841922436
"1993-01-01",0.00133733854523077,0.00120373773784615,0.777172607009645,0.95056031364734,0.94345843452692,0,-0.277730375248856,0,0.400821980519837,0,-0.748026607898929,0.334118172681974,-0.652990330476756,-0.5066843399235,-0.729876981609736,0.897588807588421,1.30240772134672,0.021561670200065,-0.282042905908742,0.720037178700255,-0.372067816188431,0.285633341928508,-0.552783510054222,0.260877092422352,0.066573842530183,-0.551068106546463,-0.684746462799748,-1.15478722483496,-0.235144716457975,4.29536384187048,0.205223341441739,5.00110839529643,1.97154541388247,3.35857853624587,-0.150162682839167,0.693092355087156,-0.359515435063224,-0.57466294025908,-0.551624877979537,-0.252667176727403,-0.75092157018262,0.15804047666034,0.675722668684688,-0.358248530853331,1.24979378246872,1.15934430343727,0.339780531723689,0.522826689596927,-0.122788968249127,-0.410288243425013,0.830041471862194,0.751210108127635,-0.538949841922436
"1993-02-01",0.00159079742030769,0.00209232256984615,1.70107289923584,0.679335886179518,-0.0216022179692233,0,-0.741117670676588,0,1.89104760931767,0,-0.304876245025598,1.98340398338985,-0.46937709000018,-0.230832711899894,-0.562620472226076,1.4881159307485,0.691311767873058,0.556020150672138,-0.625176067471101,0.701137718793911,0.797643045338419,0.165125960141533,-0.688898770790644,0.646185141543138,0.919284295270414,-0.137877482525873,-0.684746462799748,-1.15478722483496,-0.235144716457975,4.29536384187048,0.205223341441739,5.00110839529643,1.97154541388247,3.35857853624587,-0.150162682839167,0.693092355087156,-0.359515435063224,-0.57466294025908,-0.551624877979537,-0.252667176727403,-0.75092157018262,0.15804047666034,0.675722668684688,-0.358248530853331,1.24979378246872,1.15934430343727,0.339780531723689,0.522826689596927,-0.122788968249127,-0.410288243425013,0.830041471862194,0.751210108127635,-0.538949841922436
"1993-03-01",0.00162689303630769,0.00142079429907692,0.145044043937588,0.874782303563752,0.332267740750388,0,-1.22771793317521,0,-0.150165459514552,0,-0.748026607898929,0.471918256513794,-0.733357051855714,-0.522214757008328,-0.800089259918608,0.412423721927635,0.863779248847024,-0.0298865513306694,-0.625176066941425,0.880818922469664,0.764265110716694,0.54037913483225,-0.656126792117257,0.34673447783153,0.966958811932252,-0.57094966753713,-0.684746462799748,-1.15478722483496,-0.235144716457975,4.29536384187048,0.205223341441739,5.00110839529643,1.97154541388247,3.35857853624587,-0.150162682839167,0.693092355087156,-0.359515435063224,-0.57466294025908,-0.551624877979537,-0.252667176727403,-0.75092157018262,0.15804047666034,0.675722668684688,-0.358248530853331,1.24979378246872,1.15934430343727,0.339780531723689,0.522826689596927,-0.122788968249127,-0.410288243425013,0.830041471862194,0.751210108127635,-0.538949841922436
"1993-04-01",0.00125374907076923,0.00137930236061538,-0.614677024927354,0.208096283503431,-0.434044120881329,0,-1.23528413265135,0,-0.552293196131443,0,-0.610157405972395,0.231717796657572,-0.896740309595388,-0.572757534503328,-0.868574237843774,0.487461044469025,0.279336518906538,-0.288274598892354,-0.625176069152322,0.92490732408503,0.294111637052253,0.48736286409306,-0.845376679698659,0.320289004342143,0.782825858299112,-0.59471652688645,-0.684746462799748,-1.15478722483496,-0.235144716457975,4.29536384187048,0.205223341441739,5.00110839529643,1.97154541388247,3.35857853624587,-0.150162682839167,0.693092355087156,-0.359515435063224,-0.57466294025908,-0.551624877979537,-0.252667176727403,-0.75092157018262,0.15804047666034,0.675722668684688,-0.358248530853331,1.24979378246872,1.15934430343727,0.339780531723689,0.522826689596927,-0.122788968249127,-0.410288243425013,0.830041471862194,0.751210108127635,-0.538949841922436
"1993-05-01",0.00130400285538462,0.001175233536,-0.459724874976046,-1.05977745163769,-1.24379041928143,0,-1.11099315485156,0,-0.453164018457759,0,-0.748026607898929,-0.430169508163032,-0.99506521826187,-0.791529673931874,-0.87975451041177,-0.466745336142274,-0.679663157397163,-0.908291664435253,-0.390934849560818,0.861628701641681,-0.635599039703914,0.205271746553419,-0.611793645684213,-0.0897053756961699,0.181260282739441,-0.913816891562054,-0.684746462799748,-1.15478722483496,-0.235144716457975,4.29536384187048,0.205223341441739,5.00110839529643,1.97154541388247,3.35857853624587,-0.150162682839167,0.693092355087156,-0.359515435063224,-0.57466294025908,-0.551624877979537,-0.252667176727403,-0.75092157018262,0.15804047666034,0.675722668684688,-0.358248530853331,1.24979378246872,1.15934430343727,0.339780531723689,0.522826689596927,-0.122788968249127,-0.410288243425013,0.830041471862194,0.751210108127635,-0.538949841922436
"1993-06-01",0.00133358913969231,0.00126546570830769,-0.828017110210081,-1.72901913125264,-1.92158161444469,0,-1.01097962580953,0,-0.551285482783039,0,-0.610157405972395,-0.566238386251777,-0.843789515230622,-0.833204124769259,-0.829313415766534,0.0835985075204205,-1.19040393008938,-1.21186925931086,-0.569629974844826,0.776314278150608,-0.253373943475149,-0.0260834775177667,-0.509013121597111,-0.248769625070664,0.227496093538097,-0.936615978422965,-0.684746462799748,-1.15478722483496,-0.235144716457975,4.29536384187048,0.205223341441739,5.00110839529643,1.97154541388247,3.35857853624587,-0.150162682839167,0.693092355087156,-0.359515435063224,-0.57466294025908,-0.551624877979537,-0.252667176727403,-0.75092157018262,0.15804047666034,0.675722668684688,-0.358248530853331,1.24979378246872,1.15934430343727,0.339780531723689,0.522826689596927,-0.122788968249127,-0.410288243425013,0.830041471862194,0.751210108127635,-0.538949841922436
"1993-07-01",0.001170514944,0.00107932740923077,-1.14433365297526,-1.79213382907881,-1.48188881993858,0,-0.353952508648117,0,-0.841813872727498,0,-0.748026607898929,-0.967159006428558,-0.517483832570145,-0.910085359515353,-0.307486446188942,-1.03854934900762,-1.37032186285904,-1.27234444243753,0.533319315561676,0.729526322911693,-0.362324641223085,-0.0956046173524267,0.421834556110335,-0.714770538165284,-0.103981876883622,-0.941324163562498,-0.684746462799748,-1.15478722483496,-0.235144716457975,4.29536384187048,0.205223341441739,5.00110839529643,1.97154541388247,3.35857853624587,-0.150162682839167,0.693092355087156,-0.359515435063224,-0.57466294025908,-0.551624877979537,-0.252667176727403,-0.75092157018262,0.15804047666034,0.675722668684688,-0.358248530853331,1.24979378246872,1.15934430343727,0.339780531723689,0.522826689596927,-0.122788968249127,-0.410288243425013,0.830041471862194,0.751210108127635,-0.538949841922436
"1993-08-01",0.00103717705846154,0.000959035835076923,-1.30900643961027,-1.39656406492709,-0.821515538998646,0,0.317024710002057,0,-1.24441145072287,0,-0.748026607898929,-1.2199219534057,-0.273900320768524,-0.796960945077341,-0.238830393084602,-1.53192114761778,-1.25057794148025,-0.849775172498095,0.542475697582407,0.651856973253505,-0.678771073295115,-0.181648221234865,0.43558340704379,-1.17449292119285,-0.582751139384189,-0.910113300692953,-0.684746462799748,-1.15478722483496,-0.235144716457975,4.29536384187048,0.205223341441739,5.00110839529643,1.97154541388247,3.35857853624587,-0.150162682839167,0.693092355087156,-0.359515435063224,-0.57466294025908,-0.551624877979537,-0.252667176727403,-0.75092157018262,0.15804047666034,0.675722668684688,-0.358248530853331,1.24979378246872,1.15934430343727,0.339780531723689,0.522826689596927,-0.122788968249127,-0.410288243425013,0.830041471862194,0.751210108127635,-0.538949841922436
"1993-09-01",0.00109893444923077,0.000921570136615385,0.350414082274554,-0.579462510666481,-0.250627743140565,0,0.265367388072924,0,0.278207869236191,0,-0.610157405972395,-0.645581698141825,-0.307866694669878,-0.638485386024159,-0.295641599702616,-0.351385145502092,-0.858715482446016,-0.407087688674258,0.285889320258905,0.521089510221516,-0.71526835447079,-0.358846896617013,0.166340405783063,-1.33873925520184,-0.929548094463228,-0.665083552689079,-0.684746462799748,-1.15478722483496,-0.235144716457975,4.29536384187048,0.205223341441739,5.00110839529643,1.97154541388247,3.35857853624587,-0.150162682839167,0.693092355087156,-0.359515435063224,-0.57466294025908,-0.551624877979537,-0.252667176727403,-0.75092157018262,0.15804047666034,0.675722668684688,-0.358248530853331,1.24979378246872,1.15934430343727,0.339780531723689,0.522826689596927,-0.122788968249127,-0.410288243425013,0.830041471862194,0.751210108127635,-0.538949841922436
"1993-10-01",0.00189356925046154,0.00109491450092308,-0.265933495066682,0.45456986577951,0.844851018814322,0,0.0801965584641098,0,-0.312404857545421,0,-0.748026607898929,-0.448943923679114,-0.750094794097504,-0.634760789033661,-0.751786550216388,0.384603184391886,0.372223107006711,-0.211203340406259,0.19078211108586,0.52509554958628,0.18269159925672,-0.147084947001032,-0.5468324606499,-1.06937121534615,-0.521199134822227,-0.688358721177353,-0.684746462799748,-1.15478722483496,-0.235144716457975,4.29536384187048,0.205223341441739,5.00110839529643,1.97154541388247,3.35857853624587,-0.150162682839167,0.693092355087156,-0.359515435063224,-0.57466294025908,-0.551624877979537,-0.252667176727403,-0.75092157018262,0.15804047666034,0.675722668684688,-0.358248530853331,1.24979378246872,1.15934430343727,0.339780531723689,0.522826689596927,-0.122788968249127,-0.410288243425013,0.830041471862194,0.751210108127635,-0.538949841922436
"1993-11-01",0.00121678759384615,0.000991653740307692,0.0797313438805583,0.616075965905733,1.18220527339883,0,0.264649865681805,0,-0.223280897376944,0,-0.610157405972395,-0.71017501919601,-0.393070006240413,-0.509230542321677,-0.502331869429203,0.155701854935927,0.664018260296288,0.0251412778423207,0.791196307088291,0.480346797611106,-0.61415602737429,-0.136199566277806,-0.213088865934267,-1.11674292699249,-0.941831749308005,-0.499045932690149,-0.684746462799748,-1.15478722483496,-0.235144716457975,4.29536384187048,0.205223341441739,5.00110839529643,1.97154541388247,3.35857853624587,-0.150162682839167,0.693092355087156,-0.359515435063224,-0.57466294025908,-0.551624877979537,-0.252667176727403,-0.75092157018262,0.15804047666034,0.675722668684688,-0.358248530853331,1.24979378246872,1.15934430343727,0.339780531723689,0.522826689596927,-0.122788968249127,-0.410288243425013,0.830041471862194,0.751210108127635,-0.538949841922436
"1993-12-01",0.00120844401230769,0.000960096649846154,1.34345934939674,0.666871456277044,0.663179588208308,0,-0.206407836685667,0,0.744947837090521,0,-0.748026607898929,0.852140570018427,-0.804340859726256,-0.565936459178822,-0.821966608087927,1.07770784259861,0.969109294890538,-0.0870515133023169,-0.4925699883668,0.367461777395119,-0.590577928970178,-0.285845171546548,-0.666104781672085,-0.830557496694946,-0.527609120644267,-0.6147125555908,-0.684746462799748,-1.15478722483496,-0.235144716457975,4.29536384187048,0.205223341441739,5.00110839529643,1.97154541388247,3.35857853624587,-0.150162682839167,0.693092355087156,-0.359515435063224,-0.57466294025908,-0.551624877979537,-0.252667176727403,-0.75092157018262,0.15804047666034,0.675722668684688,-0.358248530853331,1.24979378246872,1.15934430343727,0.339780531723689,0.522826689596927,-0.122788968249127,-0.410288243425013,0.830041471862194,0.751210108127635,-0.538949841922436
"1994-01-01",0.00125673771323077,0.00101295767630769,1.43639099431753,0.737733622628084,0.590153166269475,0,-0.730338554510505,0,1.28054122701967,0,-0.489189226145393,1.98914662585527,-0.540125069171624,-0.316342390633819,-0.657673063819036,1.02111069082503,0.955476369810014,0.105631374115094,-0.625175433224972,0.412808850733481,1.10853070036366,0.0276529358633616,-0.671669978233655,0.140172751759649,0.815301398746145,-0.342353841063564,-0.684746462799748,-1.15478722483496,-0.235144716457975,4.29536384187048,0.205223341441739,5.00110839529643,1.97154541388247,3.35857853624587,-0.150162682839167,0.693092355087156,-0.359515435063224,-0.57466294025908,-0.551624877979537,-0.252667176727403,-0.75092157018262,0.15804047666034,0.675722668684688,-0.358248530853331,1.24979378246872,1.15934430343727,0.339780531723689,0.522826689596927,-0.122788968249127,-0.410288243425013,0.830041471862194,0.751210108127635,-0.538949841922436
"1994-02-01",0.00169347668676923,0.00177897998769231,0.875589723754379,1.13905223669279,0.798172873802758,0,-1.09649870578732,0,0.852608290589681,0,-0.0183079500950018,1.00549381017619,-0.420321567797658,-0.0181517348123497,-0.405146591746088,1.24087665095782,1.29372299541777,0.650998642428274,-0.625176066436396,0.56467263396862,0.56819240338806,0.375089652042921,-0.68951646591108,0.548443115624397,1.15060754545431,0.101431081096052,-0.684746462799748,-1.15478722483496,-0.235144716457975,4.29536384187048,0.205223341441739,5.00110839529643,1.97154541388247,3.35857853624587,-0.150162682839167,0.693092355087156,-0.359515435063224,-0.57466294025908,-0.551624877979537,-0.252667176727403,-0.75092157018262,0.15804047666034,0.675722668684688,-0.358248530853331,1.24979378246872,1.15934430343727,0.339780531723689,0.522826689596927,-0.122788968249127,-0.410288243425013,0.830041471862194,0.751210108127635,-0.538949841922436
"1994-03-01",0.00126760390892308,0.00187887292061538,0.515699623314283,0.392095679863045,-0.0187178765918972,0,-1.00486155255815,0,0.6288163312705,0,-0.489189226145393,1.09279315204918,-0.518751569467303,-0.333076131533911,-0.673170436616394,0.869289753440095,0.549259811145458,0.0530991413597632,-0.62517606509037,0.698492440542404,1.56571801694472,0.846968677998519,-0.665413427901838,0.607295200571327,1.50036703452708,-0.363373075047739,-0.684746462799748,-1.15478722483496,-0.235144716457975,4.29536384187048,0.205223341441739,5.00110839529643,1.97154541388247,3.35857853624587,-0.150162682839167,0.693092355087156,-0.359515435063224,-0.57466294025908,-0.551624877979537,-0.252667176727403,-0.75092157018262,0.15804047666034,0.675722668684688,-0.358248530853331,1.24979378246872,1.15934430343727,0.339780531723689,0.522826689596927,-0.122788968249127,-0.410288243425013,0.830041471862194,0.751210108127635,-0.538949841922436
"1994-04-01",0.00115951697723077,0.00126465044676923,-0.65751639723329,0.0175657098517458,-0.566776520589909,0,-0.966717308068734,0,-0.750885059334184,0,-0.342692600416258,-0.386890592761851,-0.739677345065949,-0.387692515140603,-0.733893576943969,0.226099402859642,0.115556836907719,-0.210528796642246,-0.625176063739628,0.830832597092753,0.276458005994615,1.07082246831631,-0.841537902295596,0.291030596331979,0.917161820374295,-0.38784975429292,-0.684746462799748,-1.15478722483496,-0.235144716457975,4.29536384187048,0.205223341441739,5.00110839529643,1.97154541388247,3.35857853624587,-0.150162682839167,0.693092355087156,-0.359515435063224,-0.57466294025908,-0.551624877979537,-0.252667176727403,-0.75092157018262,0.15804047666034,0.675722668684688,-0.358248530853331,1.24979378246872,1.15934430343727,0.339780531723689,0.522826689596927,-0.122788968249127,-0.410288243425013,0.830041471862194,0.751210108127635,-0.538949841922436
"1994-05-01",0.00115831712492308,0.00120451551507692,-0.353688565178379,-0.294094013022324,-1.2957744092266,0,-0.728839780974615,0,-0.220234317915255,0,-0.489189226145393,-0.410223996425632,-0.739536100069698,-0.624161592210574,-0.760262497914875,-0.160883052463827,-0.697938860490021,-0.843181884345948,-0.356235663274415,0.743883451086702,-0.528084763970069,0.468756425313257,-0.581409215345729,0.0244419327415517,0.376024681962261,-0.667120957921603,-0.684746462799748,-1.15478722483496,-0.235144716457975,4.29536384187048,0.205223341441739,5.00110839529643,1.97154541388247,3.35857853624587,-0.150162682839167,0.693092355087156,-0.359515435063224,-0.57466294025908,-0.551624877979537,-0.252667176727403,-0.75092157018262,0.15804047666034,0.675722668684688,-0.358248530853331,1.24979378246872,1.15934430343727,0.339780531723689,0.522826689596927,-0.122788968249127,-0.410288243425013,0.830041471862194,0.751210108127635,-0.538949841922436
"1994-06-01",0.00157410937107692,0.00137261508923077,-0.815898891931334,-1.35975762722205,-1.68906477897905,0,-0.803806487281156,0,-0.382647922918322,0,-0.342692600416258,-0.617626485143988,-0.561685634421575,-0.669219451849951,-0.471352357306559,-0.31098575555694,-1.13266456432642,-1.15292735223307,0.00450112859289737,0.689799335120867,0.0142848033378872,0.126431712637841,-0.120068088399578,-0.130347873040162,0.516563405979095,-0.690194206963887,-0.684746462799748,-1.15478722483496,-0.235144716457975,4.29536384187048,0.205223341441739,5.00110839529643,1.97154541388247,3.35857853624587,-0.150162682839167,0.693092355087156,-0.359515435063224,-0.57466294025908,-0.551624877979537,-0.252667176727403,-0.75092157018262,0.15804047666034,0.675722668684688,-0.358248530853331,1.24979378246872,1.15934430343727,0.339780531723689,0.522826689596927,-0.122788968249127,-0.410288243425013,0.830041471862194,0.751210108127635,-0.538949841922436
"1994-07-01",0.00150982174523077,0.00130802723446154,-1.05642591422369,-1.56091158490808,-1.26506416904097,0,-0.387771800932265,0,-0.717843234718702,0,-0.489189226145393,-0.969343762100403,-0.355840809869851,-0.752341057668481,-0.185333178998973,-0.883776262558287,-1.15470018899993,-1.21463553527088,0.4158607938441,0.714115994064982,0.205917188807285,0.157943111133736,0.405690367124734,-0.524089707666376,0.230787953025241,-0.823812649311426,-0.684746462799748,-1.15478722483496,-0.235144716457975,4.29536384187048,0.205223341441739,5.00110839529643,1.97154541388247,3.35857853624587,-0.150162682839167,0.693092355087156,-0.359515435063224,-0.57466294025908,-0.551624877979537,-0.252667176727403,-0.75092157018262,0.15804047666034,0.675722668684688,-0.358248530853331,1.24979378246872,1.15934430343727,0.339780531723689,0.522826689596927,-0.122788968249127,-0.410288243425013,0.830041471862194,0.751210108127635,-0.538949841922436
"1994-08-01",0.00141675680492308,0.00103085745230769,-1.62399810496008,-0.909461571551013,-0.213440908943846,0,0.712853580448879,0,-1.35172435450399,0,-0.489189226145393,-1.26398828294379,0.692381815814608,-0.630014827114963,0.577560965479998,-1.89312020449203,-1.2914268540691,-0.783506958677322,1.43227214737972,0.665726915350925,-0.630580180380618,0.0957439722647219,1.60172322527762,-1.14878823835326,-0.509169683907041,-0.663601475962621,-0.684746462799748,-1.15478722483496,-0.235144716457975,4.29536384187048,0.205223341441739,5.00110839529643,1.97154541388247,3.35857853624587,-0.150162682839167,0.693092355087156,-0.359515435063224,-0.57466294025908,-0.551624877979537,-0.252667176727403,-0.75092157018262,0.15804047666034,0.675722668684688,-0.358248530853331,1.24979378246872,1.15934430343727,0.339780531723689,0.522826689596927,-0.122788968249127,-0.410288243425013,0.830041471862194,0.751210108127635,-0.538949841922436
"1994-09-01",0.000974520398769231,0.000838979180307693,-1.22814165678967,-0.142595911485282,0.743077776222658,0,1.12347426568562,0,-1.14537129199496,0,-0.342692600416258,-1.27212853927968,1.08033169115451,-0.458701207054734,0.895268176751588,-2.15841251827615,-1.39535301365567,-0.33182670738232,1.78817164312226,0.516757818624519,-1.0357532023162,-0.181134305724298,1.98061899955353,-1.62012961850327,-1.2023403084733,-0.462886342387633,-0.684746462799748,-1.15478722483496,-0.235144716457975,4.29536384187048,0.205223341441739,5.00110839529643,1.97154541388247,3.35857853624587,-0.150162682839167,0.693092355087156,-0.359515435063224,-0.57466294025908,-0.551624877979537,-0.252667176727403,-0.75092157018262,0.15804047666034,0.675722668684688,-0.358248530853331,1.24979378246872,1.15934430343727,0.339780531723689,0.522826689596927,-0.122788968249127,-0.410288243425013,0.830041471862194,0.751210108127635,-0.538949841922436
"1994-10-01",0.00107123576123077,0.000809006178461539,0.118941426243346,0.734868779797896,0.992737614810755,0,0.468572694766231,0,-0.440939572977691,0,-0.489189226145393,-0.966883726200661,-0.000789563519161556,-0.454709842938338,-0.0476670863529238,-0.791638858083472,-0.583557702107099,-0.131925124144018,0.796174470628767,0.355999335728843,-0.992773897588675,-0.453885808223958,0.410570068568943,-1.80713974038013,-1.5299968472691,-0.488738235144051,-0.684746462799748,-1.15478722483496,-0.235144716457975,4.29536384187048,0.205223341441739,5.00110839529643,1.97154541388247,3.35857853624587,-0.150162682839167,0.693092355087156,-0.359515435063224,-0.57466294025908,-0.551624877979537,-0.252667176727403,-0.75092157018262,0.15804047666034,0.675722668684688,-0.358248530853331,1.24979378246872,1.15934430343727,0.339780531723689,0.522826689596927,-0.122788968249127,-0.410288243425013,0.830041471862194,0.751210108127635,-0.538949841922436
"1994-11-01",0.00127611328984615,0.000906885769846154,0.68954776720746,0.426206771905495,0.888565221625754,0,-0.110747718384102,0,0.286279961264495,0,-0.342692600416258,0.236328751989,-0.515650274943957,-0.31906187557186,-0.609354243898149,0.854227065666027,0.684698770729836,0.109297616451641,-0.41036361694644,0.252811515317109,-0.489398025625366,-0.593712358330938,-0.613561944228222,-1.54152018902844,-1.03905649598224,-0.287106559386079,-0.684746462799748,-1.15478722483496,-0.235144716457975,4.29536384187048,0.205223341441739,5.00110839529643,1.97154541388247,3.35857853624587,-0.150162682839167,0.693092355087156,-0.359515435063224,-0.57466294025908,-0.551624877979537,-0.252667176727403,-0.75092157018262,0.15804047666034,0.675722668684688,-0.358248530853331,1.24979378246872,1.15934430343727,0.339780531723689,0.522826689596927,-0.122788968249127,-0.410288243425013,0.830041471862194,0.751210108127635,-0.538949841922436
"1994-12-01",0.00103745575384615,0.000844164864,1.18411456630294,1.01483892041582,1.02801332124773,0,-0.425614276563742,0,0.739273355892926,0,-0.489189226145393,1.12057525368403,-0.593766639846182,-0.380410493595808,-0.693952837883003,1.16034403955644,1.38106352818633,-0.005231150637424,-0.625172816029872,0.205674646972231,-0.357171146229651,-0.602550829830809,-0.646574160399768,-1.02941556454029,-0.49452283955761,-0.410255408417643,-0.684746462799748,-1.15478722483496,-0.235144716457975,4.29536384187048,0.205223341441739,5.00110839529643,1.97154541388247,3.35857853624587,-0.150162682839167,0.693092355087156,-0.359515435063224,-0.57466294025908,-0.551624877979537,-0.252667176727403,-0.75092157018262,0.15804047666034,0.675722668684688,-0.358248530853331,1.24979378246872,1.15934430343727,0.339780531723689,0.522826689596927,-0.122788968249127,-0.410288243425013,0.830041471862194,0.751210108127635,-0.538949841922436
"1995-01-01",0.00175751875938462,0.00133009033846154,1.67176188027996,1.08814516778402,0.581198528854642,0,-0.256018868753544,0,1.9372860795946,0,-0.0418837938611215,1.68368966077863,-0.369230183937858,0.0043522657843968,-0.45237780751699,1.26604468622589,1.1400766336704,0.187482482757729,-0.625174882362802,0.276918826397648,0.922608915647965,-0.374545523913057,-0.7037752814847,0.138686152403146,0.989892285752287,0.0461275661536282,-0.684746462799748,-1.15478722483496,-0.235144716457975,4.29536384187048,0.205223341441739,5.00110839529643,1.97154541388247,3.35857853624587,-0.150162682839167,0.693092355087156,-0.359515435063224,-0.57466294025908,-0.551624877979537,-0.252667176727403,-0.75092157018262,0.15804047666034,0.675722668684688,-0.358248530853331,1.24979378246872,1.15934430343727,0.339780531723689,0.522826689596927,-0.122788968249127,-0.410288243425013,0.830041471862194,0.751210108127635,-0.538949841922436
"1995-02-01",0.00165637927384615,0.00307082835692308,2.12049329000428,0.949436010827108,0.0857037369582797,0,-1.22708800677263,0,3.13496455104425,0,0.476923725919374,2.89543189587091,-0.116486765980532,0.340174927860237,-0.171125390848215,1.13539319879564,0.510022066935696,0.74340797729664,-0.625176066211119,0.618034370578034,3.82693061652242,0.520495052434327,-0.709421347094016,0.919252743848047,2.53027390640815,0.482148095265736,-0.684746462799748,-1.15478722483496,-0.235144716457975,4.29536384187048,0.205223341441739,5.00110839529643,1.97154541388247,3.35857853624587,-0.150162682839167,0.693092355087156,-0.359515435063224,-0.57466294025908,-0.551624877979537,-0.252667176727403,-0.75092157018262,0.15804047666034,0.675722668684688,-0.358248530853331,1.24979378246872,1.15934430343727,0.339780531723689,0.522826689596927,-0.122788968249127,-0.410288243425013,0.830041471862194,0.751210108127635,-0.538949841922436
"1995-03-01",0.00147061112123077,0.00146628952615385,0.510837345118261,0.764533339360785,0.243550449123694,0,-1.33767834122495,0,0.511227623617373,0,-0.0418837938611215,0.211903177743944,-0.394255770595103,-0.014147172872042,-0.441645662051904,0.375440713581465,0.776759898970744,0.133928161751665,-0.625176065202553,1.02849187162095,1.25345799794038,1.39789351842867,-0.677035456918691,0.541611972041276,1.92788501711494,0.0235207930564383,-0.684746462799748,-1.15478722483496,-0.235144716457975,4.29536384187048,0.205223341441739,5.00110839529643,1.97154541388247,3.35857853624587,-0.150162682839167,0.693092355087156,-0.359515435063224,-0.57466294025908,-0.551624877979537,-0.252667176727403,-0.75092157018262,0.15804047666034,0.675722668684688,-0.358248530853331,1.24979378246872,1.15934430343727,0.339780531723689,0.522826689596927,-0.122788968249127,-0.410288243425013,0.830041471862194,0.751210108127635,-0.538949841922436
"1995-04-01",0.00134283695261538,0.00150541853538462,-0.661151606735962,-0.185998259069013,-0.615749333793337,0,-1.33482874940781,0,-0.526788968593295,0,0.119522910013099,-0.0673378553330715,-0.514799547083351,-0.0753816541595773,-0.509386501305325,0.373564015299467,0.122626429236696,-0.13488291593736,-0.625176069260126,1.09404101379459,0.480225927779833,1.34810685924007,-0.840394885500209,0.509536865967662,1.56606933105937,-0.00129788850112682,-0.684746462799748,-1.15478722483496,-0.235144716457975,4.29536384187048,0.205223341441739,5.00110839529643,1.97154541388247,3.35857853624587,-0.150162682839167,0.693092355087156,-0.359515435063224,-0.57466294025908,-0.551624877979537,-0.252667176727403,-0.75092157018262,0.15804047666034,0.675722668684688,-0.358248530853331,1.24979378246872,1.15934430343727,0.339780531723689,0.522826689596927,-0.122788968249127,-0.410288243425013,0.830041471862194,0.751210108127635,-0.538949841922436
"1995-05-01",0.00117959624861538,0.00118096384984615,-1.11926815810831,-1.05699863500814,-1.52374398447406,0,-1.29079137279151,0,-0.996165171794811,0,-0.0418837938611215,-0.716259647181283,-0.624857879366997,-0.341697610003566,-0.619285262162874,-0.522897704683875,-0.737446437981508,-0.779808677307894,-0.417358828251205,1.03593793575636,-0.380540048445471,0.979447504569981,-0.710591725925816,0.147022085799032,0.928571460244318,-0.31251619052145,-0.684746462799748,-1.15478722483496,-0.235144716457975,4.29536384187048,0.205223341441739,5.00110839529643,1.97154541388247,3.35857853624587,-0.150162682839167,0.693092355087156,-0.359515435063224,-0.57466294025908,-0.551624877979537,-0.252667176727403,-0.75092157018262,0.15804047666034,0.675722668684688,-0.358248530853331,1.24979378246872,1.15934430343727,0.339780531723689,0.522826689596927,-0.122788968249127,-0.410288243425013,0.830041471862194,0.751210108127635,-0.538949841922436
"1995-06-01",0.00111913875692308,0.00108241414892308,-1.12690394992612,-1.33926678245105,-1.63008390705262,0,-0.440273846851278,0,-1.008566021125,0,0.119522910013099,-1.00083787122526,-0.283765611161459,-0.392730173408141,-0.324822137407485,-1.2041081259333,-1.23804328345639,-1.09557906377732,-0.224892954195861,0.892653538115631,-0.882714509828835,0.434948751569414,-0.19178127269328,-0.338115814539282,0.227491674622578,-0.335522399906246,-0.684746462799748,-1.15478722483496,-0.235144716457975,4.29536384187048,0.205223341441739,5.00110839529643,1.97154541388247,3.35857853624587,-0.150162682839167,0.693092355087156,-0.359515435063224,-0.57466294025908,-0.551624877979537,-0.252667176727403,-0.75092157018262,0.15804047666034,0.675722668684688,-0.358248530853331,1.24979378246872,1.15934430343727,0.339780531723689,0.522826689596927,-0.122788968249127,-0.410288243425013,0.830041471862194,0.751210108127635,-0.538949841922436
"1995-07-01",0.00117363535753846,0.00108151567753846,-1.18010359132047,-0.793923273625595,-1.20016552717716,0,0.0306665891902364,0,-0.902872681164436,0,-0.0418843085164031,-0.8742006455022,-0.0767271402798072,-0.486462585246717,0.00716552238884834,-0.969483536283405,-1.13654116253183,-1.15849783377052,-0.153794724096304,0.742310757568341,-0.710886315466188,0.0348022026271588,0.442457014262907,-0.673112511556238,-0.127719825902614,-0.483796711972781,-0.684746462799748,-1.15478722483496,-0.235144716457975,4.29536384187048,0.205223341441739,5.00110839529643,1.97154541388247,3.35857853624587,-0.150162682839167,0.693092355087156,-0.359515435063224,-0.57466294025908,-0.551624877979537,-0.252667176727403,-0.75092157018262,0.15804047666034,0.675722668684688,-0.358248530853331,1.24979378246872,1.15934430343727,0.339780531723689,0.522826689596927,-0.122788968249127,-0.410288243425013,0.830041471862194,0.751210108127635,-0.538949841922436
"1995-08-01",0.00109073247507692,0.000921783965538461,-1.571830506771,-0.294712805445732,0.0112056606715119,0,1.40228127809855,0,-1.32406995721291,0,-0.0418837938611215,-1.21993982336194,1.0770754895445,-0.347886656205239,0.727861634107011,-2.00705307139297,-1.25152275448838,-0.719052901216123,0.646415325527025,0.611132352433774,-0.935422014592834,-0.190226162400303,1.60037278942284,-1.18786729734448,-0.720736195380052,-0.309120581840038,-0.684746462799748,-1.15478722483496,-0.235144716457975,4.29536384187048,0.205223341441739,5.00110839529643,1.97154541388247,3.35857853624587,-0.150162682839167,0.693092355087156,-0.359515435063224,-0.57466294025908,-0.551624877979537,-0.252667176727403,-0.75092157018262,0.15804047666034,0.675722668684688,-0.358248530853331,1.24979378246872,1.15934430343727,0.339780531723689,0.522826689596927,-0.122788968249127,-0.410288243425013,0.830041471862194,0.751210108127635,-0.538949841922436
"1995-09-01",0.00113846107569231,0.000751165233230769,-0.508909295144546,-0.157930294685308,0.621537029682404,0,0.743986886784272,0,-0.800587316161302,0,0.119507985009952,-1.09207924254211,1.05178590926331,-0.154528026535379,0.688421517351278,-1.96541536666908,-1.37162374400852,-0.258607747499951,0.519851219375866,0.451216430075462,-1.06733873290147,-0.434787246666396,1.31685596592734,-1.58612256052332,-1.36915041554851,-0.0833424221648153,-0.684746462799748,-1.15478722483496,-0.235144716457975,4.29536384187048,0.205223341441739,5.00110839529643,1.97154541388247,3.35857853624587,-0.150162682839167,0.693092355087156,-0.359515435063224,-0.57466294025908,-0.551624877979537,-0.252667176727403,-0.75092157018262,0.15804047666034,0.675722668684688,-0.358248530853331,1.24979378246872,1.15934430343727,0.339780531723689,0.522826689596927,-0.122788968249127,-0.410288243425013,0.830041471862194,0.751210108127635,-0.538949841922436
"1995-10-01",0.00137204768492308,0.000860566596923077,0.5582439375756,0.0570623827520152,0.527303411149724,0,0.0693564984314492,0,0.309908218463674,0,-0.0418837938611215,-0.253090738549229,-0.241808175485582,-0.150436945527213,-0.292148970051683,0.397337439917606,0.0557618015036378,-0.0548153613493498,-0.469641940785868,0.335522013221087,-0.537606936343931,-0.532870978167459,-0.322636854160578,-1.34747255597846,-0.892289426828643,-0.0549290141371762,-0.684746462799748,-1.15478722483496,-0.235144716457975,4.29536384187048,0.205223341441739,5.00110839529643,1.97154541388247,3.35857853624587,-0.150162682839167,0.693092355087156,-0.359515435063224,-0.57466294025908,-0.551624877979537,-0.252667176727403,-0.75092157018262,0.15804047666034,0.675722668684688,-0.358248530853331,1.24979378246872,1.15934430343727,0.339780531723689,0.522826689596927,-0.122788968249127,-0.410288243425013,0.830041471862194,0.751210108127635,-0.538949841922436
"1995-11-01",0.00123779076923077,0.000860710065230769,-0.209271671294641,0.654414692075619,1.0401776823105,0,-0.443251493270564,0,-0.489662512465213,0,0.119522910013099,0.182388427259591,-0.177648371589436,0.00180459696134134,-0.394167313334789,0.374347471469791,1.1162911570171,0.191072578513887,-0.361970907318149,0.270918813245842,-0.648438360929708,-0.543907389674204,-0.594594457325738,-1.03681406218162,-0.719175155329345,0.107303354855327,-0.684746462799748,-1.15478722483496,-0.235144716457975,4.29536384187048,0.205223341441739,5.00110839529643,1.97154541388247,3.35857853624587,-0.150162682839167,0.693092355087156,-0.359515435063224,-0.57466294025908,-0.551624877979537,-0.252667176727403,-0.75092157018262,0.15804047666034,0.675722668684688,-0.358248530853331,1.24979378246872,1.15934430343727,0.339780531723689,0.522826689596927,-0.122788968249127,-0.410288243425013,0.830041471862194,0.751210108127635,-0.538949841922436
"1995-12-01",0.00115094281846154,0.000828407985230769,0.808088386554675,0.696954648291558,0.986348612048137,0,-0.619304903669706,0,0.0907236931338463,0,-0.0418837938611215,0.463029027939976,-0.243698693519485,-0.0677865509031236,-0.367069377570887,0.406388698977981,1.06568829668567,0.0743786624314925,-0.214632711605946,0.154670012234215,-0.845562485360945,-0.68527970546443,-0.476497238060555,-0.949470077415939,-1.02717635789669,-0.0286930942084559,-0.684746462799748,-1.15478722483496,-0.235144716457975,4.29536384187048,0.205223341441739,5.00110839529643,1.97154541388247,3.35857853624587,-0.150162682839167,0.693092355087156,-0.359515435063224,-0.57466294025908,-0.551624877979537,-0.252667176727403,-0.75092157018262,0.15804047666034,0.675722668684688,-0.358248530853331,1.24979378246872,1.15934430343727,0.339780531723689,0.522826689596927,-0.122788968249127,-0.410288243425013,0.830041471862194,0.751210108127635,-0.538949841922436
"1996-01-01",0.00128026040123077,0.000820317932307692,1.34117463940288,1.08825078410956,0.818450753547889,0,-0.970785275410894,0,1.08027274653213,0,0.0705266979538512,1.93997415590121,-0.325583693515142,0.116084309799831,-0.387342717846294,1.29982206689159,1.39653839750187,0.120512283669444,-0.625007273899505,0.157962718137898,0.386200633646638,-0.749750468785265,-0.7159104990373,0.0444875019126269,0.333714728740473,0.171995023385156,-0.684746462799748,-1.15478722483496,-0.235144716457975,4.29536384187048,0.205223341441739,5.00110839529643,1.97154541388247,3.35857853624587,-0.150162682839167,0.693092355087156,-0.359515435063224,-0.57466294025908,-0.551624877979537,-0.252667176727403,-0.75092157018262,0.15804047666034,0.675722668684688,-0.358248530853331,1.24979378246872,1.15934430343727,0.339780531723689,0.522826689596927,-0.122788968249127,-0.410288243425013,0.830041471862194,0.751210108127635,-0.538949841922436
"1996-02-01",0.00139385132307692,0.00124986257723077,0.983221114861436,1.04595314922116,0.819634550282477,0,-0.400940854497748,0,0.827050248620517,0,0.412222550633575,0.531737167404896,-0.144894245479569,0.350301202659858,-0.139193183957755,1.1157353741476,1.39037912075926,0.503201578039985,-0.625010265100924,0.21551528883116,0.0259420854938731,-0.625457939390043,-0.627283743895706,0.624802573836879,0.497762315892815,0.431824726342032,-0.684746462799748,-1.15478722483496,-0.235144716457975,4.29536384187048,0.205223341441739,5.00110839529643,1.97154541388247,3.35857853624587,-0.150162682839167,0.693092355087156,-0.359515435063224,-0.57466294025908,-0.551624877979537,-0.252667176727403,-0.75092157018262,0.15804047666034,0.675722668684688,-0.358248530853331,1.24979378246872,1.15934430343727,0.339780531723689,0.522826689596927,-0.122788968249127,-0.410288243425013,0.830041471862194,0.751210108127635,-0.538949841922436
"1996-03-01",0.00141834621046154,0.00200074432984615,1.07663736372266,0.727761397310457,-0.000726472323703675,0,-0.0459516003112035,0,1.33529141909299,0,0.0705266979538512,1.19984355474403,-0.402791424312018,0.0968709666314824,-0.40235952391676,1.32902956289263,0.66569971221569,0.0678235912423325,-0.62508565796298,0.308133626673732,1.07128066852469,-0.136608983848269,-0.739481823384915,0.886710644854215,1.17291492871766,0.148924175763438,-0.684746462799748,-1.15478722483496,-0.235144716457975,4.29536384187048,0.205223341441739,5.00110839529643,1.97154541388247,3.35857853624587,-0.150162682839167,0.693092355087156,-0.359515435063224,-0.57466294025908,-0.551624877979537,-0.252667176727403,-0.75092157018262,0.15804047666034,0.675722668684688,-0.358248530853331,1.24979378246872,1.15934430343727,0.339780531723689,0.522826689596927,-0.122788968249127,-0.410288243425013,0.830041471862194,0.751210108127635,-0.538949841922436
"1996-04-01",0.001284132096,0.00122997453784615,-0.657388886721396,0.215957885799443,-0.428799670737353,0,-0.234657580624526,0,-0.622553763903635,0,0.23567957761828,-0.298332186584007,-0.446062837806445,0.0332515896824569,-0.443332632092282,0.0697818504779267,0.226942766559079,-0.1968097689664,-0.625176066438905,0.446758095943709,0.30478858471345,0.396368290711614,-0.831679992050312,0.578632373189433,0.894079266299119,0.124191344991135,-0.684746462799748,-1.15478722483496,-0.235144716457975,4.29536384187048,0.205223341441739,5.00110839529643,1.97154541388247,3.35857853624587,-0.150162682839167,0.693092355087156,-0.359515435063224,-0.57466294025908,-0.551624877979537,-0.252667176727403,-0.75092157018262,0.15804047666034,0.675722668684688,-0.358248530853331,1.24979378246872,1.15934430343727,0.339780531723689,0.522826689596927,-0.122788968249127,-0.410288243425013,0.830041471862194,0.751210108127635,-0.538949841922436
"1996-05-01",0.000980272334769231,0.00115951804061538,-0.867034486912171,-0.839098953384873,-1.50974040948258,0,-0.489443737753273,0,-0.776104618699628,0,0.0705266979538512,-0.902088201371915,-0.572515468397543,-0.243449587154364,-0.512255325754553,-0.633675193250125,-0.825089517104156,-0.831673549938871,-0.210784761637047,0.38677088713328,-0.659476091409742,0.186948523985644,-0.652212213728491,0.174727091570216,0.178120061826949,-0.255019178009663,-0.684746462799748,-1.15478722483496,-0.235144716457975,4.29536384187048,0.205223341441739,5.00110839529643,1.97154541388247,3.35857853624587,-0.150162682839167,0.693092355087156,-0.359515435063224,-0.57466294025908,-0.551624877979537,-0.252667176727403,-0.75092157018262,0.15804047666034,0.675722668684688,-0.358248530853331,1.24979378246872,1.15934430343727,0.339780531723689,0.522826689596927,-0.122788968249127,-0.410288243425013,0.830041471862194,0.751210108127635,-0.538949841922436
"1996-06-01",0.000991872886153846,0.00111463399384615,-1.22252091503121,-2.11531680411569,-1.79245067153109,0,-0.132030201735663,0,-1.0661866248381,0,0.235680092273561,-0.851080345672196,-0.131391476061149,-0.296474533161159,-0.130864748873725,-0.838128813085096,-1.30596375038256,-1.14250618985204,-0.0795123740064844,0.25608483715935,-0.795648395743732,-0.123278529955544,-0.0291111931753656,-0.268120193361146,-0.182208542869229,-0.277512684103453,-0.684746462799748,-1.15478722483496,-0.235144716457975,4.29536384187048,0.205223341441739,5.00110839529643,1.97154541388247,3.35857853624587,-0.150162682839167,0.693092355087156,-0.359515435063224,-0.57466294025908,-0.551624877979537,-0.252667176727403,-0.75092157018262,0.15804047666034,0.675722668684688,-0.358248530853331,1.24979378246872,1.15934430343727,0.339780531723689,0.522826689596927,-0.122788968249127,-0.410288243425013,0.830041471862194,0.751210108127635,-0.538949841922436
"1996-07-01",0.00103315072984615,0.00100247908430769,-1.44268513252765,-2.06915693351643,-1.45389663936066,0,0.0627019731357797,0,-1.20966196203546,0,0.0705266979538512,-0.915352130331697,0.1023720404319,-0.393864697456167,0.265058231584326,-1.45579676848063,-1.51900812979216,-1.20446321416765,0.383385232176387,0.155711582469053,-0.538710171228576,-0.253993752830158,0.723040829202043,-0.755986348510054,-0.459184539577776,-0.370669391203107,-0.684746462799748,-1.15478722483496,-0.235144716457975,4.29536384187048,0.205223341441739,5.00110839529643,1.97154541388247,3.35857853624587,-0.150162682839167,0.693092355087156,-0.359515435063224,-0.57466294025908,-0.551624877979537,-0.252667176727403,-0.75092157018262,0.15804047666034,0.675722668684688,-0.358248530853331,1.24979378246872,1.15934430343727,0.339780531723689,0.522826689596927,-0.122788968249127,-0.410288243425013,0.830041471862194,0.751210108127635,-0.538949841922436
"1996-08-01",0.00124486085907692,0.000805094961230769,-1.22349004291803,-0.780036430306618,-0.309375577842409,0,1.35792148931018,0,-1.15978865738291,0,0.070525668643289,-1.17630392334532,0.597996738743711,-0.24987888263204,0.507519433570327,-1.73379598123039,-1.33096486463094,-0.771857537587336,0.733010617831937,0.0486017202921403,-0.848014459564488,-0.374161828912467,1.0956707905832,-1.18619471625413,-0.979051111851921,-0.192517404918347,-0.684746462799748,-1.15478722483496,-0.235144716457975,4.29536384187048,0.205223341441739,5.00110839529643,1.97154541388247,3.35857853624587,-0.150162682839167,0.693092355087156,-0.359515435063224,-0.57466294025908,-0.551624877979537,-0.252667176727403,-0.75092157018262,0.15804047666034,0.675722668684688,-0.358248530853331,1.24979378246872,1.15934430343727,0.339780531723689,0.522826689596927,-0.122788968249127,-0.410288243425013,0.830041471862194,0.751210108127635,-0.538949841922436
"1996-09-01",0.00119682520615385,0.000745326808615385,-0.126143416899818,-0.59516101466624,-0.123769621179026,0,0.27083991697395,0,-0.48206756053377,0,0.235680092273561,-0.627023564364108,-0.219881781491619,-0.0489735417267329,-0.24413514835222,0.0105328978869262,-0.455787380598011,-0.318493297483388,-0.225731572778231,-0.0787489788429337,-0.876341956290522,-0.552843928471711,-0.440899703106882,-1.2293048430785,-1.18381551689421,0.0399170923312005,-0.684746462799748,-1.15478722483496,-0.235144716457975,4.29536384187048,0.205223341441739,5.00110839529643,1.97154541388247,3.35857853624587,-0.150162682839167,0.693092355087156,-0.359515435063224,-0.57466294025908,-0.551624877979537,-0.252667176727403,-0.75092157018262,0.15804047666034,0.675722668684688,-0.358248530853331,1.24979378246872,1.15934430343727,0.339780531723689,0.522826689596927,-0.122788968249127,-0.410288243425013,0.830041471862194,0.751210108127635,-0.538949841922436
"1996-10-01",0.00154798209969231,0.00110943971446154,0.76158440693357,0.263640675673379,0.453357786825047,0,0.00411404575461302,0,0.789467477345768,0,0.0705266979538512,-0.144384371224288,-0.413754621308999,-0.0447311745518863,-0.355563503236505,0.647221442254924,0.108937396280546,-0.117966306576343,-0.374528211185891,-0.167973813662324,-0.196979165046048,-0.61751082638782,-0.539480800447389,-1.01685474086351,-0.937577263961225,0.00710228064143342,-0.684746462799748,-1.15478722483496,-0.235144716457975,4.29536384187048,0.205223341441739,5.00110839529643,1.97154541388247,3.35857853624587,-0.150162682839167,0.693092355087156,-0.359515435063224,-0.57466294025908,-0.551624877979537,-0.252667176727403,-0.75092157018262,0.15804047666034,0.675722668684688,-0.358248530853331,1.24979378246872,1.15934430343727,0.339780531723689,0.522826689596927,-0.122788968249127,-0.410288243425013,0.830041471862194,0.751210108127635,-0.538949841922436
"1996-11-01",0.00147625716184615,0.000951375744,0.883676921982868,0.455749957868472,0.61123544924685,0,0.248031992911091,0,0.574594842379088,0,0.235680092273561,1.14693911944507,-0.264285677188132,0.113441323359643,-0.348326727255458,0.903437308537571,0.895002785980729,0.124116459359335,-0.625073041152031,-0.11646390105604,0.316873339270963,-0.402780420757028,-0.659739731707243,-0.456480799801107,-0.0529668926639326,0.234552029149508,-0.684746462799748,-1.15478722483496,-0.235144716457975,4.29536384187048,0.205223341441739,5.00110839529643,1.97154541388247,3.35857853624587,-0.150162682839167,0.693092355087156,-0.359515435063224,-0.57466294025908,-0.551624877979537,-0.252667176727403,-0.75092157018262,0.15804047666034,0.675722668684688,-0.358248530853331,1.24979378246872,1.15934430343727,0.339780531723689,0.522826689596927,-0.122788968249127,-0.410288243425013,0.830041471862194,0.751210108127635,-0.538949841922436
"1996-12-01",0.00143505916061538,0.00123410685046154,1.74120491299736,0.799275148250492,0.55855659570234,0,0.480471312955684,0,1.71928879429802,0,0.0705266979538512,1.19165622857496,-0.321029803502074,0.0411284909198185,-0.425455549851881,1.24189120310416,1.13490856302035,0.00922132664764188,-0.623024404997046,-0.0828558153271997,0.134165148449084,-0.374799534290543,-0.680607975076768,0.185529399932249,0.335065521442277,0.0951201478465814,-0.684746462799748,-1.15478722483496,-0.235144716457975,4.29536384187048,0.205223341441739,5.00110839529643,1.97154541388247,3.35857853624587,-0.150162682839167,0.693092355087156,-0.359515435063224,-0.57466294025908,-0.551624877979537,-0.252667176727403,-0.75092157018262,0.15804047666034,0.675722668684688,-0.358248530853331,1.24979378246872,1.15934430343727,0.339780531723689,0.522826689596927,-0.122788968249127,-0.410288243425013,0.830041471862194,0.751210108127635,-0.538949841922436
"1997-01-01",0.00161342943507692,0.00262850679138462,2.54629920562338,1.04042830812765,0.273258952906435,0,-0.638937040361362,0,3.55811283261405,0,0.108627143059607,2.52912511993644,-0.334936340238647,0.185158298490314,-0.352979731023684,1.37428866399554,0.771761341513843,0.192185324297121,-0.625121327395342,0.183547094700346,2.73781410382333,0.0306964160402993,-0.736046689000479,1.22202692936996,2.00362220564185,0.193977627253366,-0.684746462799748,-1.15478722483496,-0.235144716457975,4.29536384187048,0.205223341441739,5.00110839529643,1.97154541388247,3.35857853624587,-0.150162682839167,0.693092355087156,-0.359515435063224,-0.57466294025908,-0.551624877979537,-0.252667176727403,-0.75092157018262,0.15804047666034,0.675722668684688,-0.358248530853331,1.24979378246872,1.15934430343727,0.339780531723689,0.522826689596927,-0.122788968249127,-0.410288243425013,0.830041471862194,0.751210108127635,-0.538949841922436
"1997-02-01",0.00243182919876923,0.00252998863753846,0.543147540904246,1.09357205825304,0.814301800877625,0,-1.33767834122495,0,0.852506980021169,0,0.643558812793006,1.07781386081268,0.0473866455258942,0.542169089238176,-0.0369530237863412,0.67751644122916,1.01522729213167,0.748671286402255,-0.625175735095649,0.684280046692833,3.18871510339541,1.31869068910052,-0.661947772881567,0.995544458292385,2.63095261699672,0.595347458652412,-0.684746462799748,-1.15478722483496,-0.235144716457975,4.29536384187048,0.205223341441739,5.00110839529643,1.97154541388247,3.35857853624587,-0.150162682839167,0.693092355087156,-0.359515435063224,-0.57466294025908,-0.551624877979537,-0.252667176727403,-0.75092157018262,0.15804047666034,0.675722668684688,-0.358248530853331,1.24979378246872,1.15934430343727,0.339780531723689,0.522826689596927,-0.122788968249127,-0.410288243425013,0.830041471862194,0.751210108127635,-0.538949841922436
"1997-03-01",0.00143945315446154,0.00137053847630769,-0.152238795132752,0.527124874445101,0.343133708214223,0,-1.32940533214085,0,-0.200688822159041,0,0.108627143059607,0.186593393765702,-0.190771439987427,0.165490363609487,-0.291549713754614,-0.0410622120946579,0.76783309630631,0.138519944221924,-0.524565723323206,0.934135429602379,1.11433243327373,1.78712905339231,-0.570566158053151,0.787538159090535,1.80309995949779,0.170398478945016,-0.684746462799748,-1.15478722483496,-0.235144716457975,4.29536384187048,0.205223341441739,5.00110839529643,1.97154541388247,3.35857853624587,-0.150162682839167,0.693092355087156,-0.359515435063224,-0.57466294025908,-0.551624877979537,-0.252667176727403,-0.75092157018262,0.15804047666034,0.675722668684688,-0.358248530853331,1.24979378246872,1.15934430343727,0.339780531723689,0.522826689596927,-0.122788968249127,-0.410288243425013,0.830041471862194,0.751210108127635,-0.538949841922436
"1997-04-01",0.00118760034461538,0.00128998939569231,-0.941526103962479,-0.226540874289921,-0.617182553182358,0,-1.27213772498993,0,-0.943142960375165,0,0.275051221268041,-0.442969156008984,-0.354921561371182,0.100397229657101,-0.310414122253299,-0.574999516824778,-0.0352809588815912,-0.130541986164006,-0.624334463730699,0.916109544731706,-0.216628433857737,1.4504134686096,-0.693926668332405,0.568219591494231,0.889880366258079,0.144335061060341,-0.684746462799748,-1.15478722483496,-0.235144716457975,4.29536384187048,0.205223341441739,5.00110839529643,1.97154541388247,3.35857853624587,-0.150162682839167,0.693092355087156,-0.359515435063224,-0.57466294025908,-0.551624877979537,-0.252667176727403,-0.75092157018262,0.15804047666034,0.675722668684688,-0.358248530853331,1.24979378246872,1.15934430343727,0.339780531723689,0.522826689596927,-0.122788968249127,-0.410288243425013,0.830041471862194,0.751210108127635,-0.538949841922436
"1997-05-01",0.00122783323569231,0.00120728013784615,-0.552282147754008,-0.969244244655409,-1.44352183021391,0,-0.739933529166226,0,-0.60142704256996,0,0.108627143059607,-0.815812083367608,-0.371686522700791,-0.182725421724708,-0.208603787099644,-0.570375684258427,-0.841504441162755,-0.776176485423332,-0.402565139560562,0.750912111765718,-0.909530260636716,0.822275010921405,-0.175981075002727,0.147960462439255,0.0906039051224299,-0.182692192787789,-0.684746462799748,-1.15478722483496,-0.235144716457975,4.29536384187048,0.205223341441739,5.00110839529643,1.97154541388247,3.35857853624587,-0.150162682839167,0.693092355087156,-0.359515435063224,-0.57466294025908,-0.551624877979537,-0.252667176727403,-0.75092157018262,0.15804047666034,0.675722668684688,-0.358248530853331,1.24979378246872,1.15934430343727,0.339780531723689,0.522826689596927,-0.122788968249127,-0.410288243425013,0.830041471862194,0.751210108127635,-0.538949841922436
"1997-06-01",0.00156254293661538,0.00163083358523077,0.502174109752915,-1.79106744488871,-1.96450567541653,0,-0.865162863375339,0,1.16200078101504,0,0.275051221268041,0.649245332546983,-0.618768580577716,-0.236974588101293,-0.574495676063223,0.991709403248086,-0.977319204557205,-1.0922748768796,-0.625175792802344,0.629212512676486,0.0336241422119601,0.419720811576236,-0.794555003190515,0.399084729179375,0.956152935466824,-0.206428434024882,-0.684746462799748,-1.15478722483496,-0.235144716457975,4.29536384187048,0.205223341441739,5.00110839529643,1.97154541388247,3.35857853624587,-0.150162682839167,0.693092355087156,-0.359515435063224,-0.57466294025908,-0.551624877979537,-0.252667176727403,-0.75092157018262,0.15804047666034,0.675722668684688,-0.358248530853331,1.24979378246872,1.15934430343727,0.339780531723689,0.522826689596927,-0.122788968249127,-0.410288243425013,0.830041471862194,0.751210108127635,-0.538949841922436
"1997-07-01",0.00147249313476923,0.00131855872984615,-1.32496323625894,-1.16038764851858,-1.31076303175723,0,-0.815256211781252,0,-1.00438222145376,0,0.108627143059607,-0.461663371652748,-0.499637674423994,-0.336621091476736,-0.29234273104898,-0.782131401282376,-0.880083264790731,-1.1552696497804,-0.349227401760796,0.65941158813299,0.254179702492954,0.521361402877932,-0.254813504447929,0.0499076306212947,0.930943952729011,-0.302071411884666,-0.684746462799748,-1.15478722483496,-0.235144716457975,4.29536384187048,0.205223341441739,5.00110839529643,1.97154541388247,3.35857853624587,-0.150162682839167,0.693092355087156,-0.359515435063224,-0.57466294025908,-0.551624877979537,-0.252667176727403,-0.75092157018262,0.15804047666034,0.675722668684688,-0.358248530853331,1.24979378246872,1.15934430343727,0.339780531723689,0.522826689596927,-0.122788968249127,-0.410288243425013,0.830041471862194,0.751210108127635,-0.538949841922436
"1997-08-01",0.00144467853784615,0.00131719254646154,-1.17234272880922,-0.747810674849458,-0.311732854559455,0,0.154179191052991,0,-0.798850130407584,0,0.108627143059607,-0.89658760162989,0.665985501117105,-0.189305758964918,0.739327287691388,-1.59089054039674,-1.03207375029345,-0.715300024185283,0.617548450644254,0.643835848628638,-0.13175253321528,0.507076445151103,1.3402460647944,-0.454058646461387,0.217149319137641,-0.179602164873497,-0.684746462799748,-1.15478722483496,-0.235144716457975,4.29536384187048,0.205223341441739,5.00110839529643,1.97154541388247,3.35857853624587,-0.150162682839167,0.693092355087156,-0.359515435063224,-0.57466294025908,-0.551624877979537,-0.252667176727403,-0.75092157018262,0.15804047666034,0.675722668684688,-0.358248530853331,1.24979378246872,1.15934430343727,0.339780531723689,0.522826689596927,-0.122788968249127,-0.410288243425013,0.830041471862194,0.751210108127635,-0.538949841922436
"1997-09-01",0.00131478273969231,0.00108871594338462,-0.262571945200892,0.406746963925325,0.2823467977973,0,0.241618322713668,0,-0.274998671680949,0,0.275051221268041,-1.01593038490784,0.686575427389841,0.0162520592730528,0.623703042794376,-1.3745465096968,-0.920954878269188,-0.254362647479653,0.6957917963831,0.536125080547009,-0.762583188560782,0.325897380710221,0.914232401995914,-0.911936893578354,-0.527809367289627,0.117624460332922,-0.684746462799748,-1.15478722483496,-0.235144716457975,4.29536384187048,0.205223341441739,5.00110839529643,1.97154541388247,3.35857853624587,-0.150162682839167,0.693092355087156,-0.359515435063224,-0.57466294025908,-0.551624877979537,-0.252667176727403,-0.75092157018262,0.15804047666034,0.675722668684688,-0.358248530853331,1.24979378246872,1.15934430343727,0.339780531723689,0.522826689596927,-0.122788968249127,-0.410288243425013,0.830041471862194,0.751210108127635,-0.538949841922436
"1997-10-01",0.00182068159015385,0.00135403953230769,0.429177541455458,0.659472351277537,0.848112123933646,0,0.0850109508091782,0,0.501295375139916,0,0.108627143059607,-0.453216516608954,-0.0150715975560365,0.0206017198682101,-0.0678172437318601,0.317757589271622,0.108589745538809,-0.0503827683339424,-0.0328327030836365,0.491774347966786,0.353650000723303,0.338176156615992,-0.124428202611733,-0.830518606753974,-0.464637946477207,0.0848842927991057,-0.684746462799748,-1.15478722483496,-0.235144716457975,4.29536384187048,0.205223341441739,5.00110839529643,1.97154541388247,3.35857853624587,-0.150162682839167,0.693092355087156,-0.359515435063224,-0.57466294025908,-0.551624877979537,-0.252667176727403,-0.75092157018262,0.15804047666034,0.675722668684688,-0.358248530853331,1.24979378246872,1.15934430343727,0.339780531723689,0.522826689596927,-0.122788968249127,-0.410288243425013,0.830041471862194,0.751210108127635,-0.538949841922436
"1997-11-01",0.00198178870153846,0.00148570684061538,1.71179250158613,0.975208097747228,0.707489027159781,0,-0.21214967169342,0,1.82334836517122,0,0.27505070661276,0.316866848538916,-0.326100540904698,0.182444923655936,-0.272390060840365,1.15779624468186,0.693531201137031,0.195851135615289,-0.625176056670478,0.553750361481205,0.826683169923002,0.609408687776024,-0.627716155027439,-0.440451871549596,-0.0264489806344968,0.25697849558581,-0.684746462799748,-1.15478722483496,-0.235144716457975,4.29536384187048,0.205223341441739,5.00110839529643,1.97154541388247,3.35857853624587,-0.150162682839167,0.693092355087156,-0.359515435063224,-0.57466294025908,-0.551624877979537,-0.252667176727403,-0.75092157018262,0.15804047666034,0.675722668684688,-0.358248530853331,1.24979378246872,1.15934430343727,0.339780531723689,0.522826689596927,-0.122788968249127,-0.410288243425013,0.830041471862194,0.751210108127635,-0.538949841922436
"1997-12-01",0.00178939486523077,0.00160491615507692,0.686787412606501,1.06221550812016,0.927689986908827,0,-0.160543531472665,0,0.728805141827214,0,0.108627143059607,1.71785873654833,-0.268613091779383,0.108472464859343,-0.378730874425721,0.874172867529198,1.28365787696566,0.0789756171223058,-0.625176067611851,0.72601393097833,1.3553364468074,1.14602883197955,-0.643855450892335,0.3507639775219,1.43926599192255,0.174852513741232,-0.684746462799748,-1.15478722483496,-0.235144716457975,4.29536384187048,0.205223341441739,5.00110839529643,1.97154541388247,3.35857853624587,-0.150162682839167,0.693092355087156,-0.359515435063224,-0.57466294025908,-0.551624877979537,-0.252667176727403,-0.75092157018262,0.15804047666034,0.675722668684688,-0.358248530853331,1.24979378246872,1.15934430343727,0.339780531723689,0.522826689596927,-0.122788968249127,-0.410288243425013,0.830041471862194,0.751210108127635,-0.538949841922436
"1998-01-01",0.00146455939938462,0.00136038005169231,0.654139601942569,1.40534591489825,0.997695724510812,0,-0.156620528792762,0,0.371704088520557,0,0.0343803989499516,0.54821989920344,-0.0687411229694361,0.187123063423981,-0.307570065895354,0.523571703766682,1.35198755468792,0.236884803713479,-0.588545312400719,0.783779726347459,0.191692203618071,1.21957876932041,-0.541232930418633,0.448323785249475,0.775911418384403,0.173184927275991,-0.684746462799748,-1.15478722483496,-0.235144716457975,4.29536384187048,0.205223341441739,5.00110839529643,1.97154541388247,3.35857853624587,-0.150162682839167,0.693092355087156,-0.359515435063224,-0.57466294025908,-0.551624877979537,-0.252667176727403,-0.75092157018262,0.15804047666034,0.675722668684688,-0.358248530853331,1.24979378246872,1.15934430343727,0.339780531723689,0.522826689596927,-0.122788968249127,-0.410288243425013,0.830041471862194,0.751210108127635,-0.538949841922436
"1998-02-01",0.00163528039384615,0.001637350272,1.74036917518493,1.16539073374583,0.269234003550987,0,-0.562110774635202,0,1.89649187223413,0,0.561360129937026,1.19270463004521,-0.00218845648426689,0.544360783421863,-0.0658311935095692,1.37060094868301,0.911500087503366,0.79927384987229,-0.625176058375623,0.756850095920909,0.506696452720234,1.04150365095856,-0.669042846998681,0.859166216903818,0.942216141068944,0.572589996414658,-0.684746462799748,-1.15478722483496,-0.235144716457975,4.29536384187048,0.205223341441739,5.00110839529643,1.97154541388247,3.35857853624587,-0.150162682839167,0.693092355087156,-0.359515435063224,-0.57466294025908,-0.551624877979537,-0.252667176727403,-0.75092157018262,0.15804047666034,0.675722668684688,-0.358248530853331,1.24979378246872,1.15934430343727,0.339780531723689,0.522826689596927,-0.122788968249127,-0.410288243425013,0.830041471862194,0.751210108127635,-0.538949841922436
"1998-03-01",0.00185958294646154,0.00242820828553846,1.00654817908567,0.735889169781712,0.00654896196505226,0,-0.323559380136522,0,1.56966216261448,0,0.0343803989499516,1.11052094694976,-0.368900191907925,0.167437775848752,-0.3659374977179,1.12659892560262,0.598172000418908,0.182780503255096,-0.62517606181857,0.913585739931903,1.64830878587854,1.47054048638965,-0.699550832726205,1.01717040175827,1.81187732116551,0.149529934101406,-0.684746462799748,-1.15478722483496,-0.235144716457975,4.29536384187048,0.205223341441739,5.00110839529643,1.97154541388247,3.35857853624587,-0.150162682839167,0.693092355087156,-0.359515435063224,-0.57466294025908,-0.551624877979537,-0.252667176727403,-0.75092157018262,0.15804047666034,0.675722668684688,-0.358248530853331,1.24979378246872,1.15934430343727,0.339780531723689,0.522826689596927,-0.122788968249127,-0.410288243425013,0.830041471862194,0.751210108127635,-0.538949841922436
"1998-04-01",0.00243056660676923,0.002691597312,0.466217265315451,0.221609210960226,-0.562766540639511,0,-0.520458874556089,0,1.64036895078852,0,0.198331815860947,0.346483906057941,-0.451061481408898,0.102304070808048,-0.411330285474294,0.592005190967137,0.0367991238911795,-0.0891181027595197,-0.625176067299671,1.16282729422911,2.28058197980846,2.22768790315095,-0.834339766455421,0.901090200528543,1.97099781751418,0.122076293826952,-0.684746462799748,-1.15478722483496,-0.235144716457975,4.29536384187048,0.205223341441739,5.00110839529643,1.97154541388247,3.35857853624587,-0.150162682839167,0.693092355087156,-0.359515435063224,-0.57466294025908,-0.551624877979537,-0.252667176727403,-0.75092157018262,0.15804047666034,0.675722668684688,-0.358248530853331,1.24979378246872,1.15934430343727,0.339780531723689,0.522826689596927,-0.122788968249127,-0.410288243425013,0.830041471862194,0.751210108127635,-0.538949841922436
"1998-05-01",0.00195523129107692,0.00170759816861538,-0.599246533116146,-1.07975426856625,-1.46165878160284,0,-0.25002970566678,0,-0.182932656234102,0,0.0343803989499516,-0.523242058723827,-0.719040337127796,-0.18100408332095,-0.544991838051778,-0.123212622864515,-0.74559992344141,-0.741490137655353,-0.625176065906611,1.36909309203774,1.32944761244677,2.60845160254987,-0.757338447513726,0.585841125554248,1.4099971886953,-0.205079235903119,-0.684746462799748,-1.15478722483496,-0.235144716457975,4.29536384187048,0.205223341441739,5.00110839529643,1.97154541388247,3.35857853624587,-0.150162682839167,0.693092355087156,-0.359515435063224,-0.57466294025908,-0.551624877979537,-0.252667176727403,-0.75092157018262,0.15804047666034,0.675722668684688,-0.358248530853331,1.24979378246872,1.15934430343727,0.339780531723689,0.522826689596927,-0.122788968249127,-0.410288243425013,0.830041471862194,0.751210108127635,-0.538949841922436
"1998-06-01",0.00129373118030769,0.001362658176,-1.31636089236263,-1.70922118068184,-1.73924677621887,0,-0.224207254247715,0,-0.984359440352557,0,0.198331815860947,-0.849538447858974,-0.508932730181766,-0.23528282259926,-0.361818870998779,-0.569800495046615,-1.10555325864965,-1.06089084826303,-0.284625079168797,1.3420238963688,-0.0326772279238599,2.28896656700226,-0.466029003632952,0.264604254184521,0.716690275471456,-0.230262132913311,-0.684746462799748,-1.15478722483496,-0.235144716457975,4.29536384187048,0.205223341441739,5.00110839529643,1.97154541388247,3.35857853624587,-0.150162682839167,0.693092355087156,-0.359515435063224,-0.57466294025908,-0.551624877979537,-0.252667176727403,-0.75092157018262,0.15804047666034,0.675722668684688,-0.358248530853331,1.24979378246872,1.15934430343727,0.339780531723689,0.522826689596927,-0.122788968249127,-0.410288243425013,0.830041471862194,0.751210108127635,-0.538949841922436
"1998-07-01",0.00121754055876923,0.00136890175015385,-1.33716958397994,-1.05379905656557,-1.22002304984531,0,-0.173059190316937,0,-1.08160315209098,0,0.0343803989499516,-1.00850970135438,0.0854364080651543,-0.334993115456938,0.330170694141952,-1.39616284723423,-1.26858509998817,-1.12453588422579,0.84612234417784,1.21548086646049,-0.274426656977956,1.81952913095149,0.808518902082347,-0.225960988319254,0.180565582704957,-0.325085025649543,-0.684746462799748,-1.15478722483496,-0.235144716457975,4.29536384187048,0.205223341441739,5.00110839529643,1.97154541388247,3.35857853624587,-0.150162682839167,0.693092355087156,-0.359515435063224,-0.57466294025908,-0.551624877979537,-0.252667176727403,-0.75092157018262,0.15804047666034,0.675722668684688,-0.358248530853331,1.24979378246872,1.15934430343727,0.339780531723689,0.522826689596927,-0.122788968249127,-0.410288243425013,0.830041471862194,0.751210108127635,-0.538949841922436
"1998-08-01",0.00164054051446154,0.00149488943261538,-0.270605787399624,-0.58464026585147,-0.741101816811688,0,0.144399796659232,0,0.0625017642053375,0,0.0343803989499516,-0.764052154286357,0.192739937456884,-0.187590775068968,0.173672413434551,-0.533615545789783,-1.05548302661459,-0.679965999465616,-0.161594352145758,1.10625168023254,0.192618247624284,1.53012842715874,0.426816865804779,-0.470760307965999,-0.0481065507420499,-0.201903757440327,-0.684746462799748,-1.15478722483496,-0.235144716457975,4.29536384187048,0.205223341441739,5.00110839529643,1.97154541388247,3.35857853624587,-0.150162682839167,0.693092355087156,-0.359515435063224,-0.57466294025908,-0.551624877979537,-0.252667176727403,-0.75092157018262,0.15804047666034,0.675722668684688,-0.358248530853331,1.24979378246872,1.15934430343727,0.339780531723689,0.522826689596927,-0.122788968249127,-0.410288243425013,0.830041471862194,0.751210108127635,-0.538949841922436
"1998-09-01",0.001758306816,0.00154740840369231,0.341924433992527,-0.360474725366812,0.00511139335699575,0,0.247580916472407,0,1.14235197752857,0,0.198331815860947,-0.879944577552082,0.58038052408848,0.0180907116671289,0.579829547292239,-0.579546189862714,-1.07500856733272,-0.214190872467791,0.834279583680988,1.10917091988577,0.55564347700705,1.57431640824864,0.881794939310256,-0.54265589093774,-0.141886869056484,0.0951347564883625,-0.684746462799748,-1.15478722483496,-0.235144716457975,4.29536384187048,0.205223341441739,5.00110839529643,1.97154541388247,3.35857853624587,-0.150162682839167,0.693092355087156,-0.359515435063224,-0.57466294025908,-0.551624877979537,-0.252667176727403,-0.75092157018262,0.15804047666034,0.675722668684688,-0.358248530853331,1.24979378246872,1.15934430343727,0.339780531723689,0.522826689596927,-0.122788968249127,-0.410288243425013,0.830041471862194,0.751210108127635,-0.538949841922436
"1998-10-01",0.00214634020430769,0.00200099617476923,0.708572751551105,0.288703259374368,0.429939568647289,0,-0.0228398977556814,0,1.03274810409151,0,0.0343803989499516,-0.132383789832066,-0.330785481892711,0.0224513704488783,-0.305366253737754,0.574710934848572,0.0553974968341528,-0.00811437625110231,-0.534477085652294,1.22469088018716,1.41499221069654,1.98540058688417,-0.527614606343851,-0.327580090450039,0.218921536835256,0.0636595372380921,-0.684746462799748,-1.15478722483496,-0.235144716457975,4.29536384187048,0.205223341441739,5.00110839529643,1.97154541388247,3.35857853624587,-0.150162682839167,0.693092355087156,-0.359515435063224,-0.57466294025908,-0.551624877979537,-0.252667176727403,-0.75092157018262,0.15804047666034,0.675722668684688,-0.358248530853331,1.24979378246872,1.15934430343727,0.339780531723689,0.522826689596927,-0.122788968249127,-0.410288243425013,0.830041471862194,0.751210108127635,-0.538949841922436
"1998-11-01",0.00121955265969231,0.00135725565046154,-0.350226262809622,0.579655368486725,0.710869988664143,0,-0.180123470348497,0,-0.636218780306281,0,0.198331815860947,0.160999287116073,-0.141846863666846,0.184399179211303,-0.296120960902941,0.210103148559972,0.854552278961039,0.240612394332718,-0.427058407674834,1.24441868565248,-0.0727463348704488,2.03414967977345,-0.592700639598427,-0.425858107571368,-0.0336673954220107,0.235223626434681,-0.684746462799748,-1.15478722483496,-0.235144716457975,4.29536384187048,0.205223341441739,5.00110839529643,1.97154541388247,3.35857853624587,-0.150162682839167,0.693092355087156,-0.359515435063224,-0.57466294025908,-0.551624877979537,-0.252667176727403,-0.75092157018262,0.15804047666034,0.675722668684688,-0.358248530853331,1.24979378246872,1.15934430343727,0.339780531723689,0.522826689596927,-0.122788968249127,-0.410288243425013,0.830041471862194,0.751210108127635,-0.538949841922436
"1998-12-01",0.00101657814646154,0.00120984378092308,1.30060569815331,0.709669065222621,0.870936420851536,0,-0.611876857172575,0,0.847131709964985,0,0.0343803989499516,1.11823327617214,-0.385893310147401,0.110391892823835,-0.366688431175749,1.07697833432997,1.41116689041794,0.122629014931469,-0.624276826617964,1.07545299114209,-0.674533084263277,1.61077493572096,-0.656680958493289,-0.182989798945295,-0.044884696179707,0.153877105682401,-0.684746462799748,-1.15478722483496,-0.235144716457975,4.29536384187048,0.205223341441739,5.00110839529643,1.97154541388247,3.35857853624587,-0.150162682839167,0.693092355087156,-0.359515435063224,-0.57466294025908,-0.551624877979537,-0.252667176727403,-0.75092157018262,0.15804047666034,0.675722668684688,-0.358248530853331,1.24979378246872,1.15934430343727,0.339780531723689,0.522826689596927,-0.122788968249127,-0.410288243425013,0.830041471862194,0.751210108127635,-0.538949841922436
"1999-01-01",0.00140280590769231,0.00154807550030769,1.57997591010907,1.01659521770015,0.726078701906877,0,-1.16464063235061,0,1.82487020242079,0,-0.475517408606329,2.19060796821291,-0.677812667265884,-0.0939760438269293,-0.536972017768873,1.21947055719327,1.27825387567252,0.277856548837807,-0.6251760264774,1.01504062525069,0.770575846591706,1.42324846990624,-0.677898920891127,0.843381291669049,1.00035278908373,-0.190107979616354,-0.684746462799748,-1.15478722483496,-0.235144716457975,4.29536384187048,0.205223341441739,5.00110839529643,1.97154541388247,3.35857853624587,-0.150162682839167,0.693092355087156,-0.359515435063224,-0.57466294025908,-0.551624877979537,-0.252667176727403,-0.75092157018262,0.15804047666034,0.675722668684688,-0.358248530853331,1.24979378246872,1.15934430343727,0.339780531723689,0.522826689596927,-0.122788968249127,-0.410288243425013,0.830041471862194,0.751210108127635,-0.538949841922436
"1999-02-01",0.00151657299692308,0.002029590144,0.963511381470229,1.20378099046165,0.924675573538961,0,-1.14037776285303,0,1.01587009018579,0,-0.00317090897100651,0.968496399322805,-0.242669622832511,0.230233755228239,-0.240039207451221,1.22550341202394,1.36061666839386,0.845478445470076,-0.62517606611203,1.06600778413658,0.610882033982962,1.46864487589325,-0.598174896120674,0.99030592051777,0.991716600138126,0.278651916556048,-0.684746462799748,-1.15478722483496,-0.235144716457975,4.29536384187048,0.205223341441739,5.00110839529643,1.97154541388247,3.35857853624587,-0.150162682839167,0.693092355087156,-0.359515435063224,-0.57466294025908,-0.551624877979537,-0.252667176727403,-0.75092157018262,0.15804047666034,0.675722668684688,-0.358248530853331,1.24979378246872,1.15934430343727,0.339780531723689,0.522826689596927,-0.122788968249127,-0.410288243425013,0.830041471862194,0.751210108127635,-0.538949841922436
"1999-03-01",0.00136459389046154,0.00184093126892308,0.326354952523593,1.12146030453442,0.393147198502594,0,-1.15661095239823,0,0.182136037541604,0,-0.475516893951048,1.08133718981287,-0.618325298290373,-0.11195771229902,-0.550071817411333,0.562918216874115,0.870856573356742,0.223141495335585,-0.625176056102656,1.17935802182719,1.3170058445847,1.58291953609708,-0.658643525384753,0.966618810180376,1.28118324299734,-0.153017838844215,-0.684746462799748,-1.15478722483496,-0.235144716457975,4.29536384187048,0.205223341441739,5.00110839529643,1.97154541388247,3.35857853624587,-0.150162682839167,0.693092355087156,-0.359515435063224,-0.57466294025908,-0.551624877979537,-0.252667176727403,-0.75092157018262,0.15804047666034,0.675722668684688,-0.358248530853331,1.24979378246872,1.15934430343727,0.339780531723689,0.522826689596927,-0.122788968249127,-0.410288243425013,0.830041471862194,0.751210108127635,-0.538949841922436
"1999-04-01",0.00123508640492308,0.00136631435815385,-0.723137234361723,-0.0617619456888969,-0.53075426564832,0,-0.990087207289576,0,-0.694228340347197,0,-0.328565312953532,-0.430576326006937,-0.780886308373298,-0.171113291916476,-0.604107792279039,0.0289886918650426,0.141323337918845,-0.0513009811552009,-0.625176040265509,1.18444827636196,-0.246354491501683,1.48485724007091,-0.813429399698958,0.633878670625454,0.612462245423132,-0.182540503055321,-0.684746462799748,-1.15478722483496,-0.235144716457975,4.29536384187048,0.205223341441739,5.00110839529643,1.97154541388247,3.35857853624587,-0.150162682839167,0.693092355087156,-0.359515435063224,-0.57466294025908,-0.551624877979537,-0.252667176727403,-0.75092157018262,0.15804047666034,0.675722668684688,-0.358248530853331,1.24979378246872,1.15934430343727,0.339780531723689,0.522826689596927,-0.122788968249127,-0.410288243425013,0.830041471862194,0.751210108127635,-0.538949841922436
"1999-05-01",0.00112267805538462,0.00132720688246154,-0.97793319489693,-1.24077317080371,-1.19284073430958,0,-0.767526378458227,0,-0.787478273276391,0,-0.475517408606329,-0.844801681280677,-0.789686586272177,-0.428269469158156,-0.36678048956813,-0.623026540646969,-0.750193136192591,-0.709814596941401,-0.489563898483761,1.03325130484045,-0.750097457256778,1.00615190850657,-0.18677867045812,0.262968994892367,0.0827231181560695,-0.541964121059458,-0.684746462799748,-1.15478722483496,-0.235144716457975,4.29536384187048,0.205223341441739,5.00110839529643,1.97154541388247,3.35857853624587,-0.150162682839167,0.693092355087156,-0.359515435063224,-0.57466294025908,-0.551624877979537,-0.252667176727403,-0.75092157018262,0.15804047666034,0.675722668684688,-0.358248530853331,1.24979378246872,1.15934430343727,0.339780531723689,0.522826689596927,-0.122788968249127,-0.410288243425013,0.830041471862194,0.751210108127635,-0.538949841922436
"1999-06-01",0.00124685559138462,0.00131713893415385,-0.709552125234884,-1.73559332164503,-1.81370479923267,0,-0.283124400441297,0,-0.417828598826444,0,-0.328579723301399,-0.7894946733519,-0.480695606440856,-0.477518615505762,-0.18092632183704,-0.721165170922628,-1.48160132632944,-1.03221246568775,-0.133861741544552,0.866905043166306,-0.665984833468412,0.60589728904506,0.155703612347896,-0.221407728939989,-0.208866464748267,-0.570060141335522,-0.684746462799748,-1.15478722483496,-0.235144716457975,4.29536384187048,0.205223341441739,5.00110839529643,1.97154541388247,3.35857853624587,-0.150162682839167,0.693092355087156,-0.359515435063224,-0.57466294025908,-0.551624877979537,-0.252667176727403,-0.75092157018262,0.15804047666034,0.675722668684688,-0.358248530853331,1.24979378246872,1.15934430343727,0.339780531723689,0.522826689596927,-0.122788968249127,-0.410288243425013,0.830041471862194,0.751210108127635,-0.538949841922436
"1999-07-01",0.00134594974523077,0.00127304932430769,-1.17611332823747,-1.35185897403764,-1.34192923192915,0,-0.522245868850639,0,-0.826677746983596,0,-0.475527187056668,-0.838376986800053,-0.219154432816727,-0.567981877480832,0.0717905138401529,-1.10102682206479,-1.49774849884728,-1.09647457629725,0.594616941717604,0.803807338629752,0.0472937285907605,0.566279172573466,0.68497464121041,-0.495764658239536,-0.094110252188708,-0.650786895463196,-0.684746462799748,-1.15478722483496,-0.235144716457975,4.29536384187048,0.205223341441739,5.00110839529643,1.97154541388247,3.35857853624587,-0.150162682839167,0.693092355087156,-0.359515435063224,-0.57466294025908,-0.551624877979537,-0.252667176727403,-0.75092157018262,0.15804047666034,0.675722668684688,-0.358248530853331,1.24979378246872,1.15934430343727,0.339780531723689,0.522826689596927,-0.122788968249127,-0.410288243425013,0.830041471862194,0.751210108127635,-0.538949841922436
"1999-08-01",0.00100483598769231,0.00101327518523077,-1.66669330399401,-0.935115265977184,0.0322110737310563,0,-0.068938961422256,0,-1.37401358556171,0,-0.475538509472849,-1.27837846436014,0.873469145960156,-0.434296231006556,0.810292033764649,-2.30282837282055,-1.45263994771482,-0.647804844710693,1.72400409361732,0.722246961704691,-0.731876511930405,0.515215852226014,1.83784199226905,-1.13144552007973,-0.76337431122275,-0.538269535517483,-0.684746462799748,-1.15478722483496,-0.235144716457975,4.29536384187048,0.205223341441739,5.00110839529643,1.97154541388247,3.35857853624587,-0.150162682839167,0.693092355087156,-0.359515435063224,-0.57466294025908,-0.551624877979537,-0.252667176727403,-0.75092157018262,0.15804047666034,0.675722668684688,-0.358248530853331,1.24979378246872,1.15934430343727,0.339780531723689,0.522826689596927,-0.122788968249127,-0.410288243425013,0.830041471862194,0.751210108127635,-0.538949841922436
"1999-09-01",0.00101218229169231,0.00083225664,-0.679025436737441,0.166191728729835,0.86725607124615,0,-0.0565969440503758,0,-0.897750124693038,0,-0.328575091403871,-1.19178659773907,0.2537657629057,-0.247635008163077,0.302091130972627,-1.41387516770674,-0.801123424639204,-0.177605314046672,0.759303935398993,0.543018052795927,-1.05229543832056,0.228841301601335,0.764508963455069,-1.45500073373707,-1.41080311323047,-0.262793376857818,-0.684746462799748,-1.15478722483496,-0.235144716457975,4.29536384187048,0.205223341441739,5.00110839529643,1.97154541388247,3.35857853624587,-0.150162682839167,0.693092355087156,-0.359515435063224,-0.57466294025908,-0.551624877979537,-0.252667176727403,-0.75092157018262,0.15804047666034,0.675722668684688,-0.358248530853331,1.24979378246872,1.15934430343727,0.339780531723689,0.522826689596927,-0.122788968249127,-0.410288243425013,0.830041471862194,0.751210108127635,-0.538949841922436
"1999-10-01",0.000976403121230769,0.000725146161230769,-0.789395344070459,0.220077774239942,1.07941603301163,0,0.470319044762952,0,-1.03221070951853,0,-0.475516893951048,-0.94848414990405,0.32314511589695,-0.243598673683725,0.197585786382025,-1.04386462022405,-0.547799141838809,0.0302999931544954,1.4765945857392,0.367276982676036,-0.979648991797631,-0.027683546404075,0.698533495048931,-1.60999063453765,-1.78223761549837,-0.287666290496517,-0.684746462799748,-1.15478722483496,-0.235144716457975,4.29536384187048,0.205223341441739,5.00110839529643,1.97154541388247,3.35857853624587,-0.150162682839167,0.693092355087156,-0.359515435063224,-0.57466294025908,-0.551624877979537,-0.252667176727403,-0.75092157018262,0.15804047666034,0.675722668684688,-0.358248530853331,1.24979378246872,1.15934430343727,0.339780531723689,0.522826689596927,-0.122788968249127,-0.410288243425013,0.830041471862194,0.751210108127635,-0.538949841922436
"1999-11-01",0.000961636342153846,0.000617275805538462,-0.304758846057477,0.218539523563171,1.09996558722951,0,-0.236602033939555,0,-0.854703445692665,0,-0.328565312953532,-0.597659572445254,0.0627010081328415,-0.0965201687898607,-0.115068624674427,-0.288037491515391,0.237631217735463,0.281401531336904,0.0575149686284242,0.209971447258632,-0.97239371142485,-0.212762706187319,0.0614544160419683,-1.62388218417849,-1.94649707802112,-0.134556918237172,-0.684746462799748,-1.15478722483496,-0.235144716457975,4.29536384187048,0.205223341441739,5.00110839529643,1.97154541388247,3.35857853624587,-0.150162682839167,0.693092355087156,-0.359515435063224,-0.57466294025908,-0.551624877979537,-0.252667176727403,-0.75092157018262,0.15804047666034,0.675722668684688,-0.358248530853331,1.24979378246872,1.15934430343727,0.339780531723689,0.522826689596927,-0.122788968249127,-0.410288243425013,0.830041471862194,0.751210108127635,-0.538949841922436
"1999-12-01",0.00105399457476923,0.000592374528,0.896191070800272,0.848859457856374,1.07961286045913,0,-0.255034373539463,0,-0.078939536378963,0,-0.475517408606329,0.685150741693252,-0.189667017617185,-0.163582222546404,-0.418749753526887,0.49882390097155,0.870225111929634,0.162325807689054,-0.234483220579744,0.0679095377595374,-0.81773838948524,-0.389808385867416,-0.334539902136449,-1.29918253991949,-1.7770091081414,-0.203759455183298,-0.684746462799748,-1.15478722483496,-0.235144716457975,4.29536384187048,0.205223341441739,5.00110839529643,1.97154541388247,3.35857853624587,-0.150162682839167,0.693092355087156,-0.359515435063224,-0.57466294025908,-0.551624877979537,-0.252667176727403,-0.75092157018262,0.15804047666034,0.675722668684688,-0.358248530853331,1.24979378246872,1.15934430343727,0.339780531723689,0.522826689596927,-0.122788968249127,-0.410288243425013,0.830041471862194,0.751210108127635,-0.538949841922436
"2000-01-01",0.000992922092307692,0.00034261056,1.38871654179176,1.07451640306696,1.15032044063983,0,-0.089930160639375,0,0.825876280634862,0,-0.373498321569495,1.57629398719395,-0.268590181504694,0.0143821231482259,-0.395555093599929,1.08955501862039,1.27861510729581,0.430182754358525,-0.607030363522009,0.0421248592288488,0.147014426882389,-0.455077620628027,-0.56125263465212,-0.255465908374609,-0.880499295074985,-0.0403161698700021,-0.684746462799748,-1.15478722483496,-0.235144716457975,4.29536384187048,0.205223341441739,5.00110839529643,1.97154541388247,3.35857853624587,-0.150162682839167,0.693092355087156,-0.359515435063224,-0.57466294025908,-0.551624877979537,-0.252667176727403,-0.75092157018262,0.15804047666034,0.675722668684688,-0.358248530853331,1.24979378246872,1.15934430343727,0.339780531723689,0.522826689596927,-0.122788968249127,-0.410288243425013,0.830041471862194,0.751210108127635,-0.538949841922436
"2000-02-01",0.00100720981661538,0.000553586422153846,1.62240035329005,0.992696117069188,0.612271170244986,0,-0.609654968891254,0,1.27859290495749,0,-0.062423686124778,1.96341158604563,-0.175360602003576,0.240535634407116,-0.265071747426066,1.30141180824974,1.11214680727093,0.840955482267754,-0.625176062848507,0.156110894134768,1.15006861395639,-0.408218154165072,-0.654783229542404,1.21228688092786,0.35210997632251,0.263598611733252,-0.684746462799748,-1.15478722483496,-0.235144716457975,4.29536384187048,0.205223341441739,5.00110839529643,1.97154541388247,3.35857853624587,-0.150162682839167,0.693092355087156,-0.359515435063224,-0.57466294025908,-0.551624877979537,-0.252667176727403,-0.75092157018262,0.15804047666034,0.675722668684688,-0.358248530853331,1.24979378246872,1.15934430343727,0.339780531723689,0.522826689596927,-0.122788968249127,-0.410288243425013,0.830041471862194,0.751210108127635,-0.538949841922436
"2000-03-01",0.00104001700430769,0.00167704110276923,0.690623287177608,0.668036216963913,-0.021162946846675,0,-1.04238344252714,0,0.701105779347254,0,-0.373498321569495,1.06492047245747,-0.49454371146767,-0.00426224716708409,-0.463199490727999,1.00371925196159,0.616894286514767,0.373674233378949,-0.625176063659381,0.324178460464991,1.05032323601471,0.0030342929483737,-0.694583562422824,1.80739612547777,0.944238841504133,-0.0634538570308281,-0.684746462799748,-1.15478722483496,-0.235144716457975,4.29536384187048,0.205223341441739,5.00110839529643,1.97154541388247,3.35857853624587,-0.150162682839167,0.693092355087156,-0.359515435063224,-0.57466294025908,-0.551624877979537,-0.252667176727403,-0.75092157018262,0.15804047666034,0.675722668684688,-0.358248530853331,1.24979378246872,1.15934430343727,0.339780531723689,0.522826689596927,-0.122788968249127,-0.410288243425013,0.830041471862194,0.751210108127635,-0.538949841922436
"2000-04-01",0.00106107529846154,0.00121104168369231,-1.04397796048068,0.2241312266047,-0.282147039211355,0,-0.97146316961163,0,-1.10711656657315,0,-0.223145898475305,-0.403127597309951,-0.587878804343964,-0.0657243909170791,-0.486154470054794,-0.386167513083336,0.151867851576836,0.0896693267920117,-0.545622015465078,0.435263347508363,-0.0298446394631876,0.413927874486314,-0.724915837658676,1.38527686545583,0.463727130842081,-0.0948736434896827,-0.684746462799748,-1.15478722483496,-0.235144716457975,4.29536384187048,0.205223341441739,5.00110839529643,1.97154541388247,3.35857853624587,-0.150162682839167,0.693092355087156,-0.359515435063224,-0.57466294025908,-0.551624877979537,-0.252667176727403,-0.75092157018262,0.15804047666034,0.675722668684688,-0.358248530853331,1.24979378246872,1.15934430343727,0.339780531723689,0.522826689596927,-0.122788968249127,-0.410288243425013,0.830041471862194,0.751210108127635,-0.538949841922436
"2000-05-01",0.00104265428676923,0.00116067048369231,-1.2014995192413,-1.03686552295267,-1.25204351755143,0,0.361160127212961,0,-1.14027335508107,0,-0.373498321569495,-0.869525748274102,-0.185003620694821,-0.332960650574692,0.141976928124499,-1.06412907180911,-0.980549967409772,-0.591752628522279,-0.273706067648983,0.324036310681081,-0.891382541088536,0.0296689422770793,0.56105496833522,0.803524433858399,-0.289698895443069,-0.407630655738164,-0.684746462799748,-1.15478722483496,-0.235144716457975,4.29536384187048,0.205223341441739,5.00110839529643,1.97154541388247,3.35857853624587,-0.150162682839167,0.693092355087156,-0.359515435063224,-0.57466294025908,-0.551624877979537,-0.252667176727403,-0.75092157018262,0.15804047666034,0.675722668684688,-0.358248530853331,1.24979378246872,1.15934430343727,0.339780531723689,0.522826689596927,-0.122788968249127,-0.410288243425013,0.830041471862194,0.751210108127635,-0.538949841922436
"2000-06-01",0.00104197327753846,0.000990208689230769,-1.01875319746494,-1.23162117549811,-1.48039531835084,0,0.467738282385244,0,-0.912944004723398,0,-0.223145898475305,-1.05025731195763,0.063225001846613,-0.384143278125214,0.345263996352753,-1.20003633472024,-1.4155566071464,-0.925376658309886,0.197655688831124,0.166560195522984,-1.01080881382957,-0.408223780977231,0.942588445605224,0.284624733071098,-0.729582166525559,-0.437545151738415,-0.684746462799748,-1.15478722483496,-0.235144716457975,4.29536384187048,0.205223341441739,5.00110839529643,1.97154541388247,3.35857853624587,-0.150162682839167,0.693092355087156,-0.359515435063224,-0.57466294025908,-0.551624877979537,-0.252667176727403,-0.75092157018262,0.15804047666034,0.675722668684688,-0.358248530853331,1.24979378246872,1.15934430343727,0.339780531723689,0.522826689596927,-0.122788968249127,-0.410288243425013,0.830041471862194,0.751210108127635,-0.538949841922436
"2000-07-01",0.00108801641353846,0.000964969698461539,-1.07614860665061,-2.42269565882727,-1.47822455232916,0,0.657000412173862,0,-0.941500204059947,0,-0.373498321569495,-0.8973362361195,-0.228014823913416,-0.478170196960316,-0.0331395048819675,-1.08903903715032,-1.51319699944389,-0.99186627190496,0.00072064680051952,0.0370798341707736,-0.816851953828049,-0.684963264266317,0.433728439712979,-0.0672439257564988,-0.798356539641553,-0.582258557341191,-0.684746462799748,-1.15478722483496,-0.235144716457975,4.29536384187048,0.205223341441739,5.00110839529643,1.97154541388247,3.35857853624587,-0.150162682839167,0.693092355087156,-0.359515435063224,-0.57466294025908,-0.551624877979537,-0.252667176727403,-0.75092157018262,0.15804047666034,0.675722668684688,-0.358248530853331,1.24979378246872,1.15934430343727,0.339780531723689,0.522826689596927,-0.122788968249127,-0.410288243425013,0.830041471862194,0.751210108127635,-0.538949841922436
"2000-08-01",0.000998415803076923,0.000849842097230769,-0.603044450511662,-0.827548019523838,-0.450135523298939,0,1.25475753042276,0,-0.641429919979071,0,-0.373498321569495,-1.14825358814058,0.146752500388708,-0.339201510455421,0.439505816532816,-1.07511735387369,-1.19075009387329,-0.527501724390645,0.291766591736907,-0.066954423590612,-0.850846697152133,-0.812980028795297,1.02355290102182,-0.41796595858254,-1.05211322846834,-0.403790584133519,-0.684746462799748,-1.15478722483496,-0.235144716457975,4.29536384187048,0.205223341441739,5.00110839529643,1.97154541388247,3.35857853624587,-0.150162682839167,0.693092355087156,-0.359515435063224,-0.57466294025908,-0.551624877979537,-0.252667176727403,-0.75092157018262,0.15804047666034,0.675722668684688,-0.358248530853331,1.24979378246872,1.15934430343727,0.339780531723689,0.522826689596927,-0.122788968249127,-0.410288243425013,0.830041471862194,0.751210108127635,-0.538949841922436
"2000-09-01",0.00151269988430769,0.000948237607384615,0.272482521191796,-0.462161101500245,-0.333458113941628,0,-0.651515329057899,0,0.420167396981249,0,-0.223145898475305,0.158932728001842,-0.673390353692776,-0.145216472958097,-0.534162373714747,0.744546645303768,-0.222443052830008,-0.0409767979095721,-0.625176064388642,-0.12603187378401,-0.0370367778640684,-0.76309065795617,-0.76741097739736,-0.00285221962097914,-0.376764090190151,-0.178159511468011,-0.684746462799748,-1.15478722483496,-0.235144716457975,4.29536384187048,0.205223341441739,5.00110839529643,1.97154541388247,3.35857853624587,-0.150162682839167,0.693092355087156,-0.359515435063224,-0.57466294025908,-0.551624877979537,-0.252667176727403,-0.75092157018262,0.15804047666034,0.675722668684688,-0.358248530853331,1.24979378246872,1.15934430343727,0.339780531723689,0.522826689596927,-0.122788968249127,-0.410288243425013,0.830041471862194,0.751210108127635,-0.538949841922436
"2000-10-01",0.00157319424,0.00110751197538462,-0.394401255731517,1.00002452727015,1.38619477205597,0,0.925645446922912,0,-0.400258477596045,0,-0.373498321569495,-0.698002800251622,-0.00416840866386139,-0.141052070705982,0.154796497636819,-0.399670111714724,0.200642943337932,0.174210995832661,0.554626798497747,-0.108708984208315,-0.251280488011115,-0.465625660565119,0.403630592417258,-0.057287473610603,-0.668303669576772,-0.143806589905227,-0.684746462799748,-1.15478722483496,-0.235144716457975,4.29536384187048,0.205223341441739,5.00110839529643,1.97154541388247,3.35857853624587,-0.150162682839167,0.693092355087156,-0.359515435063224,-0.57466294025908,-0.551624877979537,-0.252667176727403,-0.75092157018262,0.15804047666034,0.675722668684688,-0.358248530853331,1.24979378246872,1.15934430343727,0.339780531723689,0.522826689596927,-0.122788968249127,-0.410288243425013,0.830041471862194,0.751210108127635,-0.538949841922436
"2000-11-01",NA,0.00102021368123077,0.953041840512773,0.452244177256296,0.789802548908063,0,-0.354017313722989,0,0.3623835162175,0,-0.223145898475305,0.362983371750213,-0.350993605284955,0.0117643103351262,-0.312428776333223,0.712672490493466,0.864282831900353,0.434087780877349,-0.410330228992751,-0.156026770459988,-0.514930842402183,-0.427237851037923,-0.494272423641285,-0.0522678485682335,-0.677171502725373,0.0165466674937781,-0.684746462799748,-1.15478722483496,-0.235144716457975,4.29536384187048,0.205223341441739,5.00110839529643,1.97154541388247,3.35857853624587,-0.150162682839167,0.693092355087156,-0.359515435063224,-0.57466294025908,-0.551624877979537,-0.252667176727403,-0.75092157018262,0.15804047666034,0.675722668684688,-0.358248530853331,1.24979378246872,1.15934430343727,0.339780531723689,0.522826689596927,-0.122788968249127,-0.410288243425013,0.830041471862194,0.751210108127635,-0.538949841922436
"2000-12-01",NA,0.000934996962461539,1.10623060167851,0.729180829620998,0.855225524527186,0,-0.295730304680194,0,0.704971921364966,0,-0.373498321569495,1.39538585790331,-0.434333092444391,-0.0579666367011334,-0.474400476434281,1.18508138436591,1.39769366460886,0.310773135139308,-0.620596384545956,-0.211660319070451,-0.281766019804187,-0.519658776644562,-0.638600484729442,0.496413079032456,-0.0784031006892214,-0.116188652440331,-0.684746462799748,-1.15478722483496,-0.235144716457975,4.29536384187048,0.205223341441739,5.00110839529643,1.97154541388247,3.35857853624587,-0.150162682839167,0.693092355087156,-0.359515435063224,-0.57466294025908,-0.551624877979537,-0.252667176727403,-0.75092157018262,0.15804047666034,0.675722668684688,-0.358248530853331,1.24979378246872,1.15934430343727,0.339780531723689,0.522826689596927,-0.122788968249127,-0.410288243425013,0.830041471862194,0.751210108127635,-0.538949841922436
"2001-01-01",NA,0.000993139997538462,0.6366549029857,1.27084352432704,1.09967287467398,0,-0.0973034126016547,0,0.388336996212144,0,-0.600571436708981,0.527921225547433,-0.446701067614654,-0.0926236334823037,-0.495835944320172,1.18361854173631,1.59815084681777,0.586979482512052,-0.625168792850212,-0.221472530972598,-0.268243136282724,-0.583405467486396,-0.610827491636782,1.06061077945234,0.143333428563486,-0.193421939998496,-0.684746462799748,-1.15478722483496,-0.235144716457975,4.29536384187048,0.205223341441739,5.00110839529643,1.97154541388247,3.35857853624587,-0.150162682839167,0.693092355087156,-0.359515435063224,-0.57466294025908,-0.551624877979537,-0.252667176727403,-0.75092157018262,0.15804047666034,0.675722668684688,-0.358248530853331,1.24979378246872,1.15934430343727,0.339780531723689,0.522826689596927,-0.122788968249127,-0.410288243425013,0.830041471862194,0.751210108127635,-0.538949841922436
"2001-02-01",NA,0.00144407657353846,0.946406134278209,1.34325714339554,0.763462464695721,0,-0.415401117191485,0,0.996414648268249,0,-0.141623987313805,1.01478603389709,-0.280853694229813,0.231747350107478,-0.197354251550714,1.29190779493173,1.29252877001551,1.19468278396927,-0.62517118984475,-0.223922676338916,0.207843908460774,-0.612951232934573,-0.599271495202018,1.54845843051643,0.483964601046532,0.275842054374547,-0.684746462799748,-1.15478722483496,-0.235144716457975,4.29536384187048,0.205223341441739,5.00110839529643,1.97154541388247,3.35857853624587,-0.150162682839167,0.693092355087156,-0.359515435063224,-0.57466294025908,-0.551624877979537,-0.252667176727403,-0.75092157018262,0.15804047666034,0.675722668684688,-0.358248530853331,1.24979378246872,1.15934430343727,0.339780531723689,0.522826689596927,-0.122788968249127,-0.410288243425013,0.830041471862194,0.751210108127635,-0.538949841922436
"2001-03-01",NA,0.00126191072492308,0.428268729080534,1.10825528273635,0.442278707628491,0,-0.134266390788442,0,0.171526932792801,0,-0.600571436708981,0.461754949187358,-0.568040398136848,-0.11061642234306,-0.513305668174288,0.685174365003717,1.03553021440574,0.528424198920733,-0.625174026656024,-0.16618014184352,0.0336177885652623,-0.345092109635879,-0.637380510273533,1.58662169412347,0.566740191697183,-0.156876121221492,-0.684746462799748,-1.15478722483496,-0.235144716457975,4.29536384187048,0.205223341441739,5.00110839529643,1.97154541388247,3.35857853624587,-0.150162682839167,0.693092355087156,-0.359515435063224,-0.57466294025908,-0.551624877979537,-0.252667176727403,-0.75092157018262,0.15804047666034,0.675722668684688,-0.358248530853331,1.24979378246872,1.15934430343727,0.339780531723689,0.522826689596927,-0.122788968249127,-0.410288243425013,0.830041471862194,0.751210108127635,-0.538949841922436
"2001-04-01",NA,0.00124334225723077,-0.765804539471244,0.659028592361371,-0.257627254882163,0,0.00617681913665512,0,-0.699365131135031,0,-0.457787534176789,-0.288073710994076,-0.673627653693919,-0.169796320173092,-0.540343437203171,0.132347770035846,0.256592606651131,0.234661036220531,-0.499949128396528,-0.188151329353103,-0.431203813845466,-0.271722855485472,-0.678158665412297,1.41472909591374,0.194201658273045,-0.190729947543148,-0.684746462799748,-1.15478722483496,-0.235144716457975,4.29536384187048,0.205223341441739,5.00110839529643,1.97154541388247,3.35857853624587,-0.150162682839167,0.693092355087156,-0.359515435063224,-0.57466294025908,-0.551624877979537,-0.252667176727403,-0.75092157018262,0.15804047666034,0.675722668684688,-0.358248530853331,1.24979378246872,1.15934430343727,0.339780531723689,0.522826689596927,-0.122788968249127,-0.410288243425013,0.830041471862194,0.751210108127635,-0.538949841922436
"2001-05-01",NA,0.00117354647630769,-0.4755114602902,-1.12119590017107,-1.48066780198062,0,0.521711350816796,0,-0.533200856375136,0,-0.600571436708981,-0.780494064595527,-0.715749454826743,-0.427088508322295,-0.426309172254564,-0.292789498174397,-0.970551068146569,-0.470337911801343,-0.237300690508664,-0.277934425142033,-0.668006051762713,-0.443021059145317,-0.286067077397258,0.926546489551599,-0.304437141571393,-0.555118902805842,-0.684746462799748,-1.15478722483496,-0.235144716457975,4.29536384187048,0.205223341441739,5.00110839529643,1.97154541388247,3.35857853624587,-0.150162682839167,0.693092355087156,-0.359515435063224,-0.57466294025908,-0.551624877979537,-0.252667176727403,-0.75092157018262,0.15804047666034,0.675722668684688,-0.358248530853331,1.24979378246872,1.15934430343727,0.339780531723689,0.522826689596927,-0.122788968249127,-0.410288243425013,0.830041471862194,0.751210108127635,-0.538949841922436
"2001-06-01",NA,0.00110048282584615,-1.04608416375729,-1.62186412916671,-1.70393931036848,0,0.170842148887408,0,-0.740588891674784,0,-0.457787534176789,-0.870419031155171,-0.607510492613858,-0.476343520369418,-0.289823618897475,-0.197889910118779,-1.23848877602364,-0.815942241121647,-0.243179056520312,-0.353891516039477,-0.47344503819543,-0.533592460526577,-0.0447457775497492,0.600495419843828,-0.377947661825736,-0.588066793218684,-0.684746462799748,-1.15478722483496,-0.235144716457975,4.29536384187048,0.205223341441739,5.00110839529643,1.97154541388247,3.35857853624587,-0.150162682839167,0.693092355087156,-0.359515435063224,-0.57466294025908,-0.551624877979537,-0.252667176727403,-0.75092157018262,0.15804047666034,0.675722668684688,-0.358248530853331,1.24979378246872,1.15934430343727,0.339780531723689,0.522826689596927,-0.122788968249127,-0.410288243425013,0.830041471862194,0.751210108127635,-0.538949841922436
"2001-07-01",NA,0.00101282156307692,-1.16830594918753,-1.0721737419753,-1.19774806940602,0,1.64990485620876,0,-0.943246340729485,0,-0.600580700504038,-1.08241069043872,0.0151958179129827,-0.566856640790372,0.25032472425708,-1.0658131901111,-1.45431624484706,-0.884276182362864,0.822850781421942,-0.401458710548375,-0.429842734701546,-0.499178430786689,0.99880336557629,0.158177539915373,-0.565477366045971,-0.667787552247262,-0.684746462799748,-1.15478722483496,-0.235144716457975,4.29536384187048,0.205223341441739,5.00110839529643,1.97154541388247,3.35857853624587,-0.150162682839167,0.693092355087156,-0.359515435063224,-0.57466294025908,-0.551624877979537,-0.252667176727403,-0.75092157018262,0.15804047666034,0.675722668684688,-0.358248530853331,1.24979378246872,1.15934430343727,0.339780531723689,0.522826689596927,-0.122788968249127,-0.410288243425013,0.830041471862194,0.751210108127635,-0.538949841922436
"2001-08-01",NA,0.000823422483692308,-1.09829107902078,-0.371578067461158,-0.118960699806336,0,3.30471659329885,0,-1.07635924080955,0,-0.600582244469881,-1.22685597234345,0.747496475114504,-0.433125779548995,0.653298720011554,-1.60075025276392,-1.32442799972885,-0.412738052284719,1.63177943702767,-0.470931186757954,-0.698374444121703,-0.501677985788208,1.60641538436972,-0.229070615454217,-0.97415169741387,-0.552043283414952,-0.684746462799748,-1.15478722483496,-0.235144716457975,4.29536384187048,0.205223341441739,5.00110839529643,1.97154541388247,3.35857853624587,-0.150162682839167,0.693092355087156,-0.359515435063224,-0.57466294025908,-0.551624877979537,-0.252667176727403,-0.75092157018262,0.15804047666034,0.675722668684688,-0.358248530853331,1.24979378246872,1.15934430343727,0.339780531723689,0.522826689596927,-0.122788968249127,-0.410288243425013,0.830041471862194,0.751210108127635,-0.538949841922436
"2001-09-01",NA,0.000752086124307692,-0.338144641807658,-0.0366137616595496,0.400663255863085,0,2.03998880569189,0,-0.593913901645993,0,-0.457792680729598,-0.978068998515701,0.125382678939497,-0.246400278414988,0.224927457699088,-0.494919723449237,-0.66375211378346,0.0993389367918806,0.81544939522974,-0.587353152051801,-0.840657145315572,-0.633249555884811,0.594433088472796,-0.392329960396768,-1.30729280809223,-0.272305403722793,-0.684746462799748,-1.15478722483496,-0.235144716457975,4.29536384187048,0.205223341441739,5.00110839529643,1.97154541388247,3.35857853624587,-0.150162682839167,0.693092355087156,-0.359515435063224,-0.57466294025908,-0.551624877979537,-0.252667176727403,-0.75092157018262,0.15804047666034,0.675722668684688,-0.358248530853331,1.24979378246872,1.15934430343727,0.339780531723689,0.522826689596927,-0.122788968249127,-0.410288243425013,0.830041471862194,0.751210108127635,-0.538949841922436
"2001-10-01",NA,0.000824452992,-0.1710441958157,0.469411088878844,1.10403615281252,0,0.0860692831643156,0,-0.346119961697124,0,-0.600571436708981,-0.0705204269890879,-0.661824763601664,-0.242343413987331,-0.589623061797869,0.497293464044334,0.640054150441782,0.32209957979021,-0.500561066254372,-0.648807088178037,-0.359950676998869,-0.57513423224089,-0.676437465200693,-0.139799696839093,-0.997645675781313,-0.293472725308586,-0.684746462799748,-1.15478722483496,-0.235144716457975,4.29536384187048,0.205223341441739,5.00110839529643,1.97154541388247,3.35857853624587,-0.150162682839167,0.693092355087156,-0.359515435063224,-0.57466294025908,-0.551624877979537,-0.252667176727403,-0.75092157018262,0.15804047666034,0.675722668684688,-0.358248530853331,1.24979378246872,1.15934430343727,0.339780531723689,0.522826689596927,-0.122788968249127,-0.410288243425013,0.830041471862194,0.751210108127635,-0.538949841922436
"2001-11-01",NA,0.000777252007384615,1.2344321421529,0.76601111617374,0.873148150447847,0,-0.0228119736177285,0,0.466336511277584,0,-0.457787534176789,0.508055176776939,-0.445627017122327,-0.0951940318909833,-0.439287104120444,0.717788613604738,0.979888252233789,0.590945857313567,-0.316423751294031,-0.734625497266615,-0.798164641350999,-0.635548778510556,-0.585496509439914,0.106519780419671,-0.941559171992833,-0.139453614891196,-0.684746462799748,-1.15478722483496,-0.235144716457975,4.29536384187048,0.205223341441739,5.00110839529643,1.97154541388247,3.35857853624587,-0.150162682839167,0.693092355087156,-0.359515435063224,-0.57466294025908,-0.551624877979537,-0.252667176727403,-0.75092157018262,0.15804047666034,0.675722668684688,-0.358248530853331,1.24979378246872,1.15934430343727,0.339780531723689,0.522826689596927,-0.122788968249127,-0.410288243425013,0.830041471862194,0.751210108127635,-0.538949841922436
"2001-12-01",NA,0.000816607872,1.22457955528765,0.648802121292351,0.676224817842633,0,0.628858902494777,0,0.913103227641984,0,-0.600571436708981,1.51942484725752,-0.600724006841592,-0.162256085647526,-0.515247333100253,1.37439962067277,1.31867672527648,0.463501337135363,-0.62517501773463,-0.815034460941996,-0.399611348776388,-0.758509718342508,-0.60266193690202,0.875041153534222,-0.138711761968842,-0.208201482876681,-0.684746462799748,-1.15478722483496,-0.235144716457975,4.29536384187048,0.205223341441739,5.00110839529643,1.97154541388247,3.35857853624587,-0.150162682839167,0.693092355087156,-0.359515435063224,-0.57466294025908,-0.551624877979537,-0.252667176727403,-0.75092157018262,0.15804047666034,0.675722668684688,-0.358248530853331,1.24979378246872,1.15934430343727,0.339780531723689,0.522826689596927,-0.122788968249127,-0.410288243425013,0.830041471862194,0.751210108127635,-0.538949841922436
"2002-01-01",NA,0.001398087936,1.39058520274398,1.0237588153286,1.00874658435595,0,0.277259458014393,0,1.23537559572004,0,-0.75507352533366,1.56288844957754,-0.357185895217337,-0.15127720698286,-0.510690990644026,1.12061172880694,1.45586712292901,0.821323313442708,-0.610982813389109,-0.765563751599456,0.498467057788291,-0.605420504032153,-0.560140701610574,1.69598365805032,0.729665606882205,-0.209206877620635,-0.684746462799748,-1.15478722483496,-0.235144716457975,4.29536384187048,0.205223341441739,5.00110839529643,1.97154541388247,3.35857853624587,-0.150162682839167,0.693092355087156,-0.359515435063224,-0.57466294025908,-0.551624877979537,-0.252667176727403,-0.75092157018262,0.15804047666034,0.675722668684688,-0.358248530853331,1.24979378246872,1.15934430343727,0.339780531723689,0.522826689596927,-0.122788968249127,-0.410288243425013,0.830041471862194,0.751210108127635,-0.538949841922436
"2002-02-01",NA,0.00210033792,1.34206305329567,0.856623109527895,0.523520399746183,0,-0.156596217481283,0,1.52029704484591,0,-0.31267919106808,1.64536182861301,-0.259448456438537,0.166381705531751,-0.25658604592172,1.20380857582578,1.05564399564325,1.45946125369912,-0.61302555275811,-0.605053384690241,1.55244316272084,-0.18043166872019,-0.606946919618669,1.92754189368184,1.44591297116111,0.25236336549324,-0.684746462799748,-1.15478722483496,-0.235144716457975,4.29536384187048,0.205223341441739,5.00110839529643,1.97154541388247,3.35857853624587,-0.150162682839167,0.693092355087156,-0.359515435063224,-0.57466294025908,-0.551624877979537,-0.252667176727403,-0.75092157018262,0.15804047666034,0.675722668684688,-0.358248530853331,1.24979378246872,1.15934430343727,0.339780531723689,0.522826689596927,-0.122788968249127,-0.410288243425013,0.830041471862194,0.751210108127635,-0.538949841922436
"2002-03-01",NA,0.00139031751876923,-0.219748891680669,1.39259955754616,0.546102050699764,0,-0.3353146142753,0,-0.361870123897488,0,-0.75507352533366,0.214293514673486,-0.427774763581991,-0.168683914700324,-0.493334038320576,0.137418617721355,0.90438846383293,0.759835093451269,-0.578461891253521,-0.366053076188443,0.90587985872305,0.347276676796434,-0.549151374375316,1.61103328642575,1.14150737037921,-0.232024375372559,-0.684746462799748,-1.15478722483496,-0.235144716457975,4.29536384187048,0.205223341441739,5.00110839529643,1.97154541388247,3.35857853624587,-0.150162682839167,0.693092355087156,-0.359515435063224,-0.57466294025908,-0.551624877979537,-0.252667176727403,-0.75092157018262,0.15804047666034,0.675722668684688,-0.358248530853331,1.24979378246872,1.15934430343727,0.339780531723689,0.522826689596927,-0.122788968249127,-0.410288243425013,0.830041471862194,0.751210108127635,-0.538949841922436
"2002-04-01",NA,0.00117250471384615,-1.34274970876072,0.886525305823243,-0.0202121873366676,0,0.745672119799814,0,-1.2552540781477,0,-0.61743926354289,-0.561473678676616,-0.550347780868318,-0.226552950890634,-0.236034448196009,-0.887723259393577,0.010239776962628,0.451517589455631,0.125413287517259,-0.351542167792657,-0.357298385117066,0.227042686628828,-0.164257599647244,1.27391865576861,0.248244529921244,-0.268834150293528,-0.684746462799748,-1.15478722483496,-0.235144716457975,4.29536384187048,0.205223341441739,5.00110839529643,1.97154541388247,3.35857853624587,-0.150162682839167,0.693092355087156,-0.359515435063224,-0.57466294025908,-0.551624877979537,-0.252667176727403,-0.75092157018262,0.15804047666034,0.675722668684688,-0.358248530853331,1.24979378246872,1.15934430343727,0.339780531723689,0.522826689596927,-0.122788968249127,-0.410288243425013,0.830041471862194,0.751210108127635,-0.538949841922436
"2002-05-01",NA,0.00123490722461538,0.156768891487202,-0.272331087749802,-1.13410432895079,0,0.382563113380863,0,0.220139846824198,0,-0.75507352533366,-0.547829260889206,-0.639083058089161,-0.478449550899758,-0.19594016888775,-0.245465199974619,-0.725848166871374,-0.288713662948333,-0.290582728707347,-0.469655715515045,-0.671879571438173,-0.285508277332808,0.144163931770466,0.980271688489931,-0.081705891177912,-0.631709810362397,-0.684746462799748,-1.15478722483496,-0.235144716457975,4.29536384187048,0.205223341441739,5.00110839529643,1.97154541388247,3.35857853624587,-0.150162682839167,0.693092355087156,-0.359515435063224,-0.57466294025908,-0.551624877979537,-0.252667176727403,-0.75092157018262,0.15804047666034,0.675722668684688,-0.358248530853331,1.24979378246872,1.15934430343727,0.339780531723689,0.522826689596927,-0.122788968249127,-0.410288243425013,0.830041471862194,0.751210108127635,-0.538949841922436
"2002-06-01",NA,0.00115869010707692,-1.5536291971374,-0.955840766374675,-1.30241728500732,0,1.3651166590342,0,-1.30810998046204,0,-0.617439778198172,-0.913526554639323,0.199167740809354,-0.526717659003337,0.33678662394105,-1.11515466794915,-1.28729102954785,-0.665558779110404,0.640283037064558,-0.525722174831055,-0.427682044379172,-0.551970522184287,1.1249732193777,0.622306090529333,-0.111759865920541,-0.670204982284477,-0.684746462799748,-1.15478722483496,-0.235144716457975,4.29536384187048,0.205223341441739,5.00110839529643,1.97154541388247,3.35857853624587,-0.150162682839167,0.693092355087156,-0.359515435063224,-0.57466294025908,-0.551624877979537,-0.252667176727403,-0.75092157018262,0.15804047666034,0.675722668684688,-0.358248530853331,1.24979378246872,1.15934430343727,0.339780531723689,0.522826689596927,-0.122788968249127,-0.410288243425013,0.830041471862194,0.751210108127635,-0.538949841922436
"2002-07-01",NA,0.000949928034461539,-1.04659432579594,-1.15461537563016,-1.31864836815719,0,1.30498515154215,0,-1.01891669314402,0,-0.755074554644222,-1.19388384589326,0.183978649062178,-0.615393349050948,0.301464147564519,-1.49615993808517,-1.44657068148646,-0.729063446754224,0.337879855530575,-0.602125099141675,-0.789650373082913,-0.726749846966808,1.18753463145782,-0.00966109557660825,-0.658254590537595,-0.745741265975458,-0.684746462799748,-1.15478722483496,-0.235144716457975,4.29536384187048,0.205223341441739,5.00110839529643,1.97154541388247,3.35857853624587,-0.150162682839167,0.693092355087156,-0.359515435063224,-0.57466294025908,-0.551624877979537,-0.252667176727403,-0.75092157018262,0.15804047666034,0.675722668684688,-0.358248530853331,1.24979378246872,1.15934430343727,0.339780531723689,0.522826689596927,-0.122788968249127,-0.410288243425013,0.830041471862194,0.751210108127635,-0.538949841922436
"2002-08-01",NA,0.000891216088615385,-1.0662035066693,-0.33828635368618,0.0290435273933016,0,2.43719845325662,0,-0.945223712417045,0,-0.75507352533366,-0.968411423232509,0.665345589820844,-0.484294231659021,0.777975154306026,-1.10447993415002,-1.0060245290327,-0.226681210416301,1.08805488053266,-0.702634042262068,-0.775663569038903,-0.86992783357336,1.78519512282411,-0.31751919999492,-0.934781485884713,-0.568421772153844,-0.684746462799748,-1.15478722483496,-0.235144716457975,4.29536384187048,0.205223341441739,5.00110839529643,1.97154541388247,3.35857853624587,-0.150162682839167,0.693092355087156,-0.359515435063224,-0.57466294025908,-0.551624877979537,-0.252667176727403,-0.75092157018262,0.15804047666034,0.675722668684688,-0.358248530853331,1.24979378246872,1.15934430343727,0.339780531723689,0.522826689596927,-0.122788968249127,-0.410288243425013,0.830041471862194,0.751210108127635,-0.538949841922436
"2002-09-01",NA,0.000785222252307692,-0.50333187016287,-0.328022405856486,0.505404081861516,0,2.08539059384904,0,-0.603913527098315,0,-0.617439778198172,-0.858426095156596,0.224718687389413,-0.301421028682055,0.204529400220669,-0.872912137189419,-0.810217658755817,0.309362986674177,0.762317270720567,-0.798419735744331,-0.747432064534807,-0.979459269755685,0.633428478449815,-0.579045271430776,-1.23201727994981,-0.349936726739901,-0.684746462799748,-1.15478722483496,-0.235144716457975,4.29536384187048,0.205223341441739,5.00110839529643,1.97154541388247,3.35857853624587,-0.150162682839167,0.693092355087156,-0.359515435063224,-0.57466294025908,-0.551624877979537,-0.252667176727403,-0.75092157018262,0.15804047666034,0.675722668684688,-0.358248530853331,1.24979378246872,1.15934430343727,0.339780531723689,0.522826689596927,-0.122788968249127,-0.410288243425013,0.830041471862194,0.751210108127635,-0.538949841922436
"2002-10-01",NA,0.000752856812307692,-0.356788974475739,1.33287182196594,1.56012863856458,0,2.69017496065814,0,-0.663579805430648,0,-0.75507352533366,-0.970527293600545,0.979380823617992,-0.297584372390389,0.948710374988438,-0.898817651751785,-0.512312992245824,0.543257265434952,1.91027388754412,-0.868861415026031,-0.721118413027988,-1.01061608977105,1.91113046686063,-0.706790259552157,-1.47484831644315,-0.367734054796993,-0.684746462799748,-1.15478722483496,-0.235144716457975,4.29536384187048,0.205223341441739,5.00110839529643,1.97154541388247,3.35857853624587,-0.150162682839167,0.693092355087156,-0.359515435063224,-0.57466294025908,-0.551624877979537,-0.252667176727403,-0.75092157018262,0.15804047666034,0.675722668684688,-0.358248530853331,1.24979378246872,1.15934430343727,0.339780531723689,0.522826689596927,-0.122788968249127,-0.410288243425013,0.830041471862194,0.751210108127635,-0.538949841922436
"2002-11-01",NA,0.000777157188923077,0.789279306145536,0.906182718541514,1.18168994151548,0,-0.0374528023679323,0,0.345378773321053,0,-0.617439778198172,-0.0298968274217771,-0.392853829932906,-0.153680432955338,-0.463007921597188,0.943433683425223,0.993564596483084,0.825586085216568,-0.38431973143576,-0.926836558258737,-0.495263200171872,-1.04399076692205,-0.535334183401513,-0.48359367485814,-1.23770140075423,-0.1570634320257,-0.684746462799748,-1.15478722483496,-0.235144716457975,4.29536384187048,0.205223341441739,5.00110839529643,1.97154541388247,3.35857853624587,-0.150162682839167,0.693092355087156,-0.359515435063224,-0.57466294025908,-0.551624877979537,-0.252667176727403,-0.75092157018262,0.15804047666034,0.675722668684688,-0.358248530853331,1.24979378246872,1.15934430343727,0.339780531723689,0.522826689596927,-0.122788968249127,-0.410288243425013,0.830041471862194,0.751210108127635,-0.538949841922436
"2002-12-01",NA,0.000846632891076923,0.766746822796233,1.1176687636221,1.16007280574141,0,0.262225734385176,0,0.351388414571465,0,-0.75507352533366,1.01581417046852,-0.355138052957699,-0.219537085461372,-0.503752527691622,0.978774660484901,1.28774007187434,0.691682754620641,-0.0364259541376766,-0.922563018846066,0.0242343532827281,-0.970893118101438,-0.486720374599199,0.12603845361629,-0.558309419925173,-0.28315542208022,-0.684746462799748,-1.15478722483496,-0.235144716457975,4.29536384187048,0.205223341441739,5.00110839529643,1.97154541388247,3.35857853624587,-0.150162682839167,0.693092355087156,-0.359515435063224,-0.57466294025908,-0.551624877979537,-0.252667176727403,-0.75092157018262,0.15804047666034,0.675722668684688,-0.358248530853331,1.24979378246872,1.15934430343727,0.339780531723689,0.522826689596927,-0.122788968249127,-0.410288243425013,0.830041471862194,0.751210108127635,-0.538949841922436
"2003-01-01",NA,0.000885375094153846,2.57448470832935,1.0242843417226,0.346043639182617,0,0.140241207586357,0,2.46319541378313,0,-0.654121833349564,2.48215231263663,-0.478366220025744,-0.0475467103194998,-0.478590448407498,1.36094363659945,1.04017646198636,1.08858387434766,-0.445037348309338,-0.850107981715886,0.743270694293103,-0.907754926803139,-0.677056600436922,1.15323971901896,0.583640682961298,-0.106923971893733,-0.684746462799748,-1.15478722483496,-0.235144716457975,4.29536384187048,0.205223341441739,5.00110839529643,1.97154541388247,3.35857853624587,-0.150162682839167,0.693092355087156,-0.359515435063224,-0.57466294025908,-0.551624877979537,-0.252667176727403,-0.75092157018262,0.15804047666034,0.675722668684688,-0.358248530853331,1.24979378246872,1.15934430343727,0.339780531723689,0.522826689596927,-0.122788968249127,-0.410288243425013,0.830041471862194,0.751210108127635,-0.538949841922436
"2003-02-01",NA,0.00213308706461538,0.646963335931265,1.48161325223201,1.009932707417,0,-1.05622145607456,0,0.822987113830698,0,-0.200910731716121,1.36841880435831,-0.183572569270748,0.282246379260256,-0.161103300531028,1.07584644868588,1.36416871326923,1.76119279685506,-0.580794128223325,-0.615332106337768,1.22458937440136,-0.592574581186496,-0.602463986440322,1.81726507525648,1.53882322826731,0.315443480704386,-0.684746462799748,-1.15478722483496,-0.235144716457975,4.29536384187048,0.205223341441739,5.00110839529643,1.97154541388247,3.35857853624587,-0.150162682839167,0.693092355087156,-0.359515435063224,-0.57466294025908,-0.551624877979537,-0.252667176727403,-0.75092157018262,0.15804047666034,0.675722668684688,-0.358248530853331,1.24979378246872,1.15934430343727,0.339780531723689,0.522826689596927,-0.122788968249127,-0.410288243425013,0.830041471862194,0.751210108127635,-0.538949841922436
"2003-03-01",NA,0.00147329652184615,0.387845616979753,0.970583976526747,0.3283109628747,0,-0.898433909242103,0,0.426934688773594,0,-0.654121833349564,0.600769545251009,-0.366578687468051,-0.0656538803208153,-0.448849779222321,0.711265763884533,0.909223753319588,1.02361532461406,-0.578051952854242,-0.479752226985011,0.570948558427262,-0.341096537115762,-0.577115984693177,1.69881760568437,1.37056255402936,-0.130799295405319,-0.684746462799748,-1.15478722483496,-0.235144716457975,4.29536384187048,0.205223341441739,5.00110839529643,1.97154541388247,3.35857853624587,-0.150162682839167,0.693092355087156,-0.359515435063224,-0.57466294025908,-0.551624877979537,-0.252667176727403,-0.75092157018262,0.15804047666034,0.675722668684688,-0.358248530853331,1.24979378246872,1.15934430343727,0.339780531723689,0.522826689596927,-0.122788968249127,-0.410288243425013,0.830041471862194,0.751210108127635,-0.538949841922436
"2003-04-01",NA,0.00140607519507692,-0.221825137186447,0.253888626324714,-0.274005301177577,0,-0.808387250180926,0,-0.102399777807352,0,-0.51312301265943,-0.112868999307865,-0.752424285605619,-0.125741861757147,-0.573275463990881,0.39977529840625,0.350474861717375,0.698663671968807,-0.617693293740325,-0.384187511803194,0.286885881222201,0.00989301971288792,-0.829210514218762,1.5817024302191,1.1845157448275,-0.170435142096615,-0.684746462799748,-1.15478722483496,-0.235144716457975,4.29536384187048,0.205223341441739,5.00110839529643,1.97154541388247,3.35857853624587,-0.150162682839167,0.693092355087156,-0.359515435063224,-0.57466294025908,-0.551624877979537,-0.252667176727403,-0.75092157018262,0.15804047666034,0.675722668684688,-0.358248530853331,1.24979378246872,1.15934430343727,0.339780531723689,0.522826689596927,-0.122788968249127,-0.410288243425013,0.830041471862194,0.751210108127635,-0.538949841922436
"2003-05-01",NA,0.00110555375261538,-1.11835002642684,-1.00716519011823,-1.06162257083763,0,-0.448334589584614,0,-0.94846505146089,0,-0.654121833349564,-0.762161823030921,-0.893104301871948,-0.387275072858391,-0.570885233588708,-0.587248113698928,-0.518763018810371,-0.0817570272005808,-0.39342973142388,-0.427163268291767,-0.686963270944711,-0.08606484856563,-0.572196860079141,1.20711577329284,0.457843926264803,-0.488674397380651,-0.684746462799748,-1.15478722483496,-0.235144716457975,4.29536384187048,0.205223341441739,5.00110839529643,1.97154541388247,3.35857853624587,-0.150162682839167,0.693092355087156,-0.359515435063224,-0.57466294025908,-0.551624877979537,-0.252667176727403,-0.75092157018262,0.15804047666034,0.675722668684688,-0.358248530853331,1.24979378246872,1.15934430343727,0.339780531723689,0.522826689596927,-0.122788968249127,-0.410288243425013,0.830041471862194,0.751210108127635,-0.538949841922436
"2003-06-01",NA,0.00111098729353846,-1.18213676003161,-0.715701182524845,-1.45308626859532,0,0.690840402943014,0,-1.01525662190634,0,-0.51312301265943,-0.918763679992236,-0.0213355609165756,-0.437377678485555,0.256157938534293,-0.797503364852153,-1.0985104315617,-0.463857694137434,0.459277108024727,-0.561896710294873,-0.929655270598726,-0.457337276939699,0.829271297955313,0.732079535121951,-0.103761861405677,-0.528094316339318,-0.684746462799748,-1.15478722483496,-0.235144716457975,4.29536384187048,0.205223341441739,5.00110839529643,1.97154541388247,3.35857853624587,-0.150162682839167,0.693092355087156,-0.359515435063224,-0.57466294025908,-0.551624877979537,-0.252667176727403,-0.75092157018262,0.15804047666034,0.675722668684688,-0.358248530853331,1.24979378246872,1.15934430343727,0.339780531723689,0.522826689596927,-0.122788968249127,-0.410288243425013,0.830041471862194,0.751210108127635,-0.538949841922436
"2003-07-01",NA,0.000958536753230769,-1.25783744711456,-1.39979728727982,-1.08204346908778,0,1.68611779656617,0,-1.05562419920608,0,-0.654121833349564,-1.09513147405341,0.280393387303166,-0.529433477879181,0.640567811498562,-1.34665302133418,-1.26545009722016,-0.540002837798645,0.973966867594729,-0.694641347593985,-0.950270371943692,-0.734530835038607,1.5761274581543,0.186036223679107,-0.592997906749215,-0.668901010916721,-0.684746462799748,-1.15478722483496,-0.235144716457975,4.29536384187048,0.205223341441739,5.00110839529643,1.97154541388247,3.35857853624587,-0.150162682839167,0.693092355087156,-0.359515435063224,-0.57466294025908,-0.551624877979537,-0.252667176727403,-0.75092157018262,0.15804047666034,0.675722668684688,-0.358248530853331,1.24979378246872,1.15934430343727,0.339780531723689,0.522826689596927,-0.122788968249127,-0.410288243425013,0.830041471862194,0.751210108127635,-0.538949841922436
"2003-08-01",NA,0.000807358109538462,-1.28451738185042,-1.36061448225019,-0.386317611793039,0,2.18948621036337,0,-1.2021540863561,0,-0.654122348004846,-1.2515576251306,0.708109719389002,-0.393359269681217,0.929001988299605,-1.74622185371528,-1.25878545307481,-0.0107786445279633,1.15209127309989,-0.823005187007113,-1.03459208523598,-0.928734361968112,1.91774730797987,-0.279078688744179,-1.11535442163106,-0.483770096228165,-0.684746462799748,-1.15478722483496,-0.235144716457975,4.29536384187048,0.205223341441739,5.00110839529643,1.97154541388247,3.35857853624587,-0.150162682839167,0.693092355087156,-0.359515435063224,-0.57466294025908,-0.551624877979537,-0.252667176727403,-0.75092157018262,0.15804047666034,0.675722668684688,-0.358248530853331,1.24979378246872,1.15934430343727,0.339780531723689,0.522826689596927,-0.122788968249127,-0.410288243425013,0.830041471862194,0.751210108127635,-0.538949841922436
"2003-09-01",NA,0.000687589277538462,-0.843460001098669,-0.0753217190965358,0.705704127896686,0,3.18216176678771,0,-1.02014029967704,0,-0.51312301265943,-1.24629470808827,1.18644472700641,-0.203512727596479,1.16519872627742,-1.38921887228622,-0.942887308068975,0.5487686974544,1.40555242944026,-0.956766841396573,-1.08196912342376,-1.09853538702114,2.12284630809393,-0.619780289198855,-1.5659098388409,-0.195557603355877,-0.684746462799748,-1.15478722483496,-0.235144716457975,4.29536384187048,0.205223341441739,5.00110839529643,1.97154541388247,3.35857853624587,-0.150162682839167,0.693092355087156,-0.359515435063224,-0.57466294025908,-0.551624877979537,-0.252667176727403,-0.75092157018262,0.15804047666034,0.675722668684688,-0.358248530853331,1.24979378246872,1.15934430343727,0.339780531723689,0.522826689596927,-0.122788968249127,-0.410288243425013,0.830041471862194,0.751210108127635,-0.538949841922436
"2003-10-01",NA,0.000661001737846154,-0.0835587056444563,0.494611229326399,1.13517332447599,0,1.40528903140512,0,-0.638595947463128,0,-0.654121833349564,-1.01448113759796,0.0726767512721016,-0.199499855915191,0.160257861764809,-0.254243531116308,-0.0184041857195559,0.795520972841451,0.585166438860792,-1.08542531854363,-1.05268798700212,-1.24148651485173,0.53837609029037,-0.741902858192803,-1.80401286830343,-0.212729561473705,-0.684746462799748,-1.15478722483496,-0.235144716457975,4.29536384187048,0.205223341441739,5.00110839529643,1.97154541388247,3.35857853624587,-0.150162682839167,0.693092355087156,-0.359515435063224,-0.57466294025908,-0.551624877979537,-0.252667176727403,-0.75092157018262,0.15804047666034,0.675722668684688,-0.358248530853331,1.24979378246872,1.15934430343727,0.339780531723689,0.522826689596927,-0.122788968249127,-0.410288243425013,0.830041471862194,0.751210108127635,-0.538949841922436
"2003-11-01",NA,0.000649767079384615,0.672513154759482,0.658588240423447,1.18215571253075,0,1.44625238697212,0,-0.118063517372212,0,-0.51312301265943,-0.254790380177165,-0.233683330318032,-0.0500674946864407,-0.243830040537473,0.816526665010224,0.976648270242647,1.09294103914664,0.182405935099774,-1.19684878052686,-0.97801915339839,-1.35571365975288,-0.331843219854665,-0.632176457883619,-1.70752863884038,-0.053556001928126,-0.684746462799748,-1.15478722483496,-0.235144716457975,4.29536384187048,0.205223341441739,5.00110839529643,1.97154541388247,3.35857853624587,-0.150162682839167,0.693092355087156,-0.359515435063224,-0.57466294025908,-0.551624877979537,-0.252667176727403,-0.75092157018262,0.15804047666034,0.675722668684688,-0.358248530853331,1.24979378246872,1.15934430343727,0.339780531723689,0.522826689596927,-0.122788968249127,-0.410288243425013,0.830041471862194,0.751210108127635,-0.538949841922436
"2003-12-01",NA,0.000797337216,1.17227184752417,0.978422581719616,1.0050656278828,0,0.468621844259717,0,0.738074151045223,0,-0.654121833349564,1.4429257753263,-0.458803367672922,-0.118396295134263,-0.460319268573048,1.2801406480076,1.44898726641973,0.951873752064029,-0.553737916963204,-1.25385601295821,-0.350346191709577,-1.40298763471158,-0.566632547224988,0.0720711334325519,-0.565490855367029,-0.124543394710504,-0.684746462799748,-1.15478722483496,-0.235144716457975,4.29536384187048,0.205223341441739,5.00110839529643,1.97154541388247,3.35857853624587,-0.150162682839167,0.693092355087156,-0.359515435063224,-0.57466294025908,-0.551624877979537,-0.252667176727403,-0.75092157018262,0.15804047666034,0.675722668684688,-0.358248530853331,1.24979378246872,1.15934430343727,0.339780531723689,0.522826689596927,-0.122788968249127,-0.410288243425013,0.830041471862194,0.751210108127635,-0.538949841922436
"2004-01-01",NA,0.000755135025230769,0.967325617651457,1.01851675342927,0.830573948746766,0,1.2280129803135,0,0.609954409511501,0,-0.4284871797204,1.39502615594918,-0.151317109460891,0.139928378331805,-0.276129385064213,1.031299893509,1.27216666681962,1.33741121588671,-0.509742725453827,-1.22712151541684,-0.00962539164437191,-1.3038650865085,-0.540225536691681,0.672471291725964,-0.113338116484322,0.169397686923814,-0.684746462799748,-1.15478722483496,-0.235144716457975,4.29536384187048,0.205223341441739,5.00110839529643,1.97154541388247,3.35857853624587,-0.150162682839167,0.693092355087156,-0.359515435063224,-0.57466294025908,-0.551624877979537,-0.252667176727403,-0.75092157018262,0.15804047666034,0.675722668684688,-0.358248530853331,1.24979378246872,1.15934430343727,0.339780531723689,0.522826689596927,-0.122788968249127,-0.410288243425013,0.830041471862194,0.751210108127635,-0.538949841922436
"2004-02-01",NA,0.00100986349292308,0.923588552143216,0.889719773798453,0.698248757313429,0,2.10124322481229,0,0.921998222933229,0,-0.121205039041178,1.5357821516141,0.391419310866935,0.376063843741812,0.0170562103102445,0.679023283920415,0.866638470501978,1.83005947681342,-0.31037172863225,-1.09636697509248,1.38030035142075,-0.842650923828163,-0.324370900859652,1.46240000920272,0.368871155460525,0.433329816682255,-0.684746462799748,-1.15478722483496,-0.235144716457975,4.29536384187048,0.205223341441739,5.00110839529643,1.97154541388247,3.35857853624587,-0.150162682839167,0.693092355087156,-0.359515435063224,-0.57466294025908,-0.551624877979537,-0.252667176727403,-0.75092157018262,0.15804047666034,0.675722668684688,-0.358248530853331,1.24979378246872,1.15934430343727,0.339780531723689,0.522826689596927,-0.122788968249127,-0.410288243425013,0.830041471862194,0.751210108127635,-0.538949841922436
"2004-03-01",NA,0.00130634026338462,-0.232317276462354,0.832935241548007,0.460721722663937,0,1.22841596099975,0,-0.542140969365799,0,-0.4284871797204,0.0199958140503525,0.0298345376025935,0.120605053297534,-0.217841079621785,0.288739548608532,0.538818591491713,1.2693196506476,0.109829373599368,-0.784407643862997,1.34757693723946,-0.236524733936882,-0.429197240350012,1.52002768826615,0.225787368679255,0.144091917227956,-0.684746462799748,-1.15478722483496,-0.235144716457975,4.29536384187048,0.205223341441739,5.00110839529643,1.97154541388247,3.35857853624587,-0.150162682839167,0.693092355087156,-0.359515435063224,-0.57466294025908,-0.551624877979537,-0.252667176727403,-0.75092157018262,0.15804047666034,0.675722668684688,-0.358248530853331,1.24979378246872,1.15934430343727,0.339780531723689,0.522826689596927,-0.122788968249127,-0.410288243425013,0.830041471862194,0.751210108127635,-0.538949841922436
"2004-04-01",NA,0.00104358625476923,0.0338237598814271,0.557041976270263,-0.400855837291962,0,0.453828524125436,0,-0.403353715180246,0,-0.279967444081757,-0.421074314526615,-0.563205384340319,0.056513243133335,-0.360365005959108,0.473344039179566,0.0209006698538101,0.92654869248174,-0.386294410457473,-0.686481949997495,0.0806449684132995,-0.310824019754223,-0.702767080965605,1.31972065649105,-0.26539602296115,0.101619992847305,-0.684746462799748,-1.15478722483496,-0.235144716457975,4.29536384187048,0.205223341441739,5.00110839529643,1.97154541388247,3.35857853624587,-0.150162682839167,0.693092355087156,-0.359515435063224,-0.57466294025908,-0.551624877979537,-0.252667176727403,-0.75092157018262,0.15804047666034,0.675722668684688,-0.358248530853331,1.24979378246872,1.15934430343727,0.339780531723689,0.522826689596927,-0.122788968249127,-0.410288243425013,0.830041471862194,0.751210108127635,-0.538949841922436
"2004-05-01",NA,0.00116661347446154,0.25524848358312,-1.50253045747845,-1.76638974649403,0,0.0565528672103363,0,0.379212145760083,0,-0.4284871797204,-0.161989425317208,-0.82088701742328,-0.222446716825385,-0.576609621694929,0.771587297688691,-0.822985670029196,0.111146685299959,-0.499109957869841,-0.704847702078792,-0.379024229555293,-0.61362805805433,-0.756671875190582,1.32302818324499,0.149433160001194,-0.238684114959353,-0.684746462799748,-1.15478722483496,-0.235144716457975,4.29536384187048,0.205223341441739,5.00110839529643,1.97154541388247,3.35857853624587,-0.150162682839167,0.693092355087156,-0.359515435063224,-0.57466294025908,-0.551624877979537,-0.252667176727403,-0.75092157018262,0.15804047666034,0.675722668684688,-0.358248530853331,1.24979378246872,1.15934430343727,0.339780531723689,0.522826689596927,-0.122788968249127,-0.410288243425013,0.830041471862194,0.751210108127635,-0.538949841922436
"2004-06-01",NA,0.00117411405784615,-0.958969286008638,-1.52811686408432,-1.72442180569752,0,-0.201422512488062,0,-0.593669830324756,0,-0.279967701409397,-0.280276560888357,-0.4680554403924,-0.275880550969265,-0.22997612923076,0.020304737667199,-1.0206087106053,-0.289299704271743,-0.604804746290784,-0.688624534922262,0.0839691347257633,-0.755104514526746,-0.158370422651322,1.2654883201773,0.623751876850639,-0.280463229506491,-0.684746462799748,-1.15478722483496,-0.235144716457975,4.29536384187048,0.205223341441739,5.00110839529643,1.97154541388247,3.35857853624587,-0.150162682839167,0.693092355087156,-0.359515435063224,-0.57466294025908,-0.551624877979537,-0.252667176727403,-0.75092157018262,0.15804047666034,0.675722668684688,-0.358248530853331,1.24979378246872,1.15934430343727,0.339780531723689,0.522826689596927,-0.122788968249127,-0.410288243425013,0.830041471862194,0.751210108127635,-0.538949841922436
"2004-07-01",NA,0.00114925850584615,-0.804908789709041,-1.69378884685732,-1.48403773872045,0,0.0675470745058746,0,-0.461505799945681,0,-0.428492326273209,-0.720979050425814,-0.539221794809436,-0.374065273144526,-0.162867753051659,-0.581416893933415,-1.12083373301095,-0.369059511736747,-0.300675750879165,-0.668143335602218,-0.0584383018290614,-0.716685712875432,0.0264774400753648,0.934606743446563,0.271214517937936,-0.429719522466454,-0.684746462799748,-1.15478722483496,-0.235144716457975,4.29536384187048,0.205223341441739,5.00110839529643,1.97154541388247,3.35857853624587,-0.150162682839167,0.693092355087156,-0.359515435063224,-0.57466294025908,-0.551624877979537,-0.252667176727403,-0.75092157018262,0.15804047666034,0.675722668684688,-0.358248530853331,1.24979378246872,1.15934430343727,0.339780531723689,0.522826689596927,-0.122788968249127,-0.410288243425013,0.830041471862194,0.751210108127635,-0.538949841922436
"2004-08-01",NA,0.00105771323076923,-1.61574538304827,-0.940498291601322,-0.143259685411025,0,2.17135727292003,0,-1.34240177414558,0,-0.428984851377101,-1.16581798961828,1.04452419293074,-0.229168319662268,1.23111549424181,-1.90722554019992,-1.13823540228861,0.153031614697783,2.58457004013178,-0.672672744625926,-0.548811663418516,-0.652303460203012,2.24036106598074,0.378668137426286,-0.337577612516783,-0.238547434105428,-0.684746462799748,-1.15478722483496,-0.235144716457975,4.29536384187048,0.205223341441739,5.00110839529643,1.97154541388247,3.35857853624587,-0.150162682839167,0.693092355087156,-0.359515435063224,-0.57466294025908,-0.551624877979537,-0.252667176727403,-0.75092157018262,0.15804047666034,0.675722668684688,-0.358248530853331,1.24979378246872,1.15934430343727,0.339780531723689,0.522826689596927,-0.122788968249127,-0.410288243425013,0.830041471862194,0.751210108127635,-0.538949841922436
"2004-09-01",NA,0.000835271955692308,-1.34415697204572,0.516201250453082,1.10704995931461,0,3.84520243361459,0,-1.20116999398433,0,-0.28046099849621,-1.22701804547746,2.6580845402033,-0.0266807063125574,2.12807164530512,-2.30170828429444,-1.25968347647641,0.737714080829844,3.5818492261898,-0.786666533156421,-1.03974417910807,-0.80915290338205,3.70260194682088,-0.217984786877357,-1.12812136628891,0.00700622381876269,-0.684746462799748,-1.15478722483496,-0.235144716457975,4.29536384187048,0.205223341441739,5.00110839529643,1.97154541388247,3.35857853624587,-0.150162682839167,0.693092355087156,-0.359515435063224,-0.57466294025908,-0.551624877979537,-0.252667176727403,-0.75092157018262,0.15804047666034,0.675722668684688,-0.358248530853331,1.24979378246872,1.15934430343727,0.339780531723689,0.522826689596927,-0.122788968249127,-0.410288243425013,0.830041471862194,0.751210108127635,-0.538949841922436
"2004-10-01",NA,0.000767920807384615,0.841148886510239,0.366967085958596,0.933992308724628,0,-0.0131453295168361,0,0.388537257067105,0,-0.428493355583771,-0.384560037283842,-0.283847793889933,-0.0221697389807143,-0.0346019182009306,-0.147154395544647,0.0987638290370345,1.03063876910901,-0.465996666641196,-0.921518864069704,-0.91845804699123,-0.996293709277639,-0.116120043683583,-0.232368419722915,-1.29917409741135,-0.00606110619531465,-0.684746462799748,-1.15478722483496,-0.235144716457975,4.29536384187048,0.205223341441739,5.00110839529643,1.97154541388247,3.35857853624587,-0.150162682839167,0.693092355087156,-0.359515435063224,-0.57466294025908,-0.551624877979537,-0.252667176727403,-0.75092157018262,0.15804047666034,0.675722668684688,-0.358248530853331,1.24979378246872,1.15934430343727,0.339780531723689,0.522826689596927,-0.122788968249127,-0.410288243425013,0.830041471862194,0.751210108127635,-0.538949841922436
"2004-11-01",NA,0.000995176910769231,0.572443480982149,0.481039531494909,1.01445549063503,0,0.0726703635144438,0,0.406199792418243,0,-0.279966929426476,0.164873720840598,-0.190528464964114,0.137224779663286,-0.189765461812134,0.74086600826202,1.01416728945662,1.34234781306062,-0.582454395439062,-0.977997557759057,-0.352541566304783,-0.969556348298403,-0.452562448124786,0.340101233867386,-0.610721944321368,0.225622146653594,-0.684746462799748,-1.15478722483496,-0.235144716457975,4.29536384187048,0.205223341441739,5.00110839529643,1.97154541388247,3.35857853624587,-0.150162682839167,0.693092355087156,-0.359515435063224,-0.57466294025908,-0.551624877979537,-0.252667176727403,-0.75092157018262,0.15804047666034,0.675722668684688,-0.358248530853331,1.24979378246872,1.15934430343727,0.339780531723689,0.522826689596927,-0.122788968249127,-0.410288243425013,0.830041471862194,0.751210108127635,-0.538949841922436
"2004-12-01",NA,0.000959144566153846,0.854929301104323,0.667661023484889,1.00705757020089,0,-0.1294835354078,0,0.346233558547849,0,-0.4284871797204,1.15204449225123,-0.244036672617658,0.0643622822979962,-0.333338525042625,0.817683420254378,1.43840062228976,1.19436885891615,-0.588959752420429,-1.01117531732388,-0.417307084597218,-0.95861416356671,-0.56900454885531,0.644139656099443,-0.400078288468322,0.0876002994601222,-0.684746462799748,-1.15478722483496,-0.235144716457975,4.29536384187048,0.205223341441739,5.00110839529643,1.97154541388247,3.35857853624587,-0.150162682839167,0.693092355087156,-0.359515435063224,-0.57466294025908,-0.551624877979537,-0.252667176727403,-0.75092157018262,0.15804047666034,0.675722668684688,-0.358248530853331,1.24979378246872,1.15934430343727,0.339780531723689,0.522826689596927,-0.122788968249127,-0.410288243425013,0.830041471862194,0.751210108127635,-0.538949841922436
"2005-01-01",NA,0.00150744428307692,2.39485407471344,0.955290051193357,0.171192896614615,0,-0.0631110207168803,0,2.56137552203964,0,-0.0555741389903003,2.33466499307879,-0.242272056001544,0.434768253304839,-0.121327170643104,1.38279916867497,0.847490716204369,1.3940290718619,-0.625174103848898,-0.953503857720435,0.952568825422611,-0.867569395448222,-0.666351303311885,1.56809847796431,0.817795760269362,0.446542832877383,-0.684746462799748,-1.15478722483496,-0.235144716457975,4.29536384187048,0.205223341441739,5.00110839529643,1.97154541388247,3.35857853624587,-0.150162682839167,0.693092355087156,-0.359515435063224,-0.57466294025908,-0.551624877979537,-0.252667176727403,-0.75092157018262,0.15804047666034,0.675722668684688,-0.358248530853331,1.24979378246872,1.15934430343727,0.339780531723689,0.522826689596927,-0.122788968249127,-0.410288243425013,0.830041471862194,0.751210108127635,-0.538949841922436
"2005-02-01",NA,0.00156051470769231,-0.667037608756302,1.20624764270967,1.21285776000145,0,-0.616203969547004,0,-0.651860514779915,0,0.461765069273577,0.899978320045347,0.626358082414359,0.821125505336772,0.483511262397367,-0.364318612901172,1.14215946507463,2.10596296193812,-0.545720935112684,-0.664026160951849,1.32789502301171,-0.0609352375178723,-0.129166952722724,1.58193921977904,1.25924030397706,0.946032707450835,-0.684746462799748,-1.15478722483496,-0.235144716457975,4.29536384187048,0.205223341441739,5.00110839529643,1.97154541388247,3.35857853624587,-0.150162682839167,0.693092355087156,-0.359515435063224,-0.57466294025908,-0.551624877979537,-0.252667176727403,-0.75092157018262,0.15804047666034,0.675722668684688,-0.358248530853331,1.24979378246872,1.15934430343727,0.339780531723689,0.522826689596927,-0.122788968249127,-0.410288243425013,0.830041471862194,0.751210108127635,-0.538949841922436
"2005-03-01",NA,0.00113525966769231,0.117558729130366,0.949086795557188,0.504445230781211,0,0.427139069619903,0,-0.0177756772342457,0,-0.0555741389903003,0.317325633566549,0.795629385842257,0.413615807638206,0.384721648040368,-0.310565140474776,0.451054275740282,1.32494501496746,-0.435790279030815,-0.607926102596007,0.134103959038161,-0.164213677730376,0.28795402778526,1.48558876376427,0.300866371368337,0.41960009482851,-0.684746462799748,-1.15478722483496,-0.235144716457975,4.29536384187048,0.205223341441739,5.00110839529643,1.97154541388247,3.35857853624587,-0.150162682839167,0.693092355087156,-0.359515435063224,-0.57466294025908,-0.551624877979537,-0.252667176727403,-0.75092157018262,0.15804047666034,0.675722668684688,-0.358248530853331,1.24979378246872,1.15934430343727,0.339780531723689,0.522826689596927,-0.122788968249127,-0.410288243425013,0.830041471862194,0.751210108127635,-0.538949841922436
"2005-04-01",NA,0.00108678625476923,-0.577944038242931,0.519060556943624,-0.130426151484619,0,-0.0520044394645666,0,-0.916923240563916,0,0.105376065649697,-0.539054759276689,-0.126543115453218,0.343267984536195,-0.0211129526640133,-0.484934579022234,0.050544066461912,0.981070937095504,-0.372764870707687,-0.606754013014121,-0.465084753399984,-0.335537603960092,-0.424024982655491,1.23715417552233,-0.25985447032584,0.376686108945193,-0.684746462799748,-1.15478722483496,-0.235144716457975,4.29536384187048,0.205223341441739,5.00110839529643,1.97154541388247,3.35857853624587,-0.150162682839167,0.693092355087156,-0.359515435063224,-0.57466294025908,-0.551624877979537,-0.252667176727403,-0.75092157018262,0.15804047666034,0.675722668684688,-0.358248530853331,1.24979378246872,1.15934430343727,0.339780531723689,0.522826689596927,-0.122788968249127,-0.410288243425013,0.830041471862194,0.751210108127635,-0.538949841922436
"2005-05-01",NA,0.00108538249846154,-0.399473078335259,-0.441228627174485,-0.929779333560167,0,-0.0762440212848446,0,-0.555606378530054,0,-0.0555741389903003,-0.375775664209245,0.0316512803482755,0.0368636385634945,0.232901029599154,-0.211627239513878,-0.618812481061015,0.154228409065032,-0.0839251314015423,-0.718158090935911,-0.915827620662971,-0.777179391773246,0.295931287380115,0.817410338185229,-0.679017679114305,0.0654481953235744,-0.684746462799748,-1.15478722483496,-0.235144716457975,4.29536384187048,0.205223341441739,5.00110839529643,1.97154541388247,3.35857853624587,-0.150162682839167,0.693092355087156,-0.359515435063224,-0.57466294025908,-0.551624877979537,-0.252667176727403,-0.75092157018262,0.15804047666034,0.675722668684688,-0.358248530853331,1.24979378246872,1.15934430343727,0.339780531723689,0.522826689596927,-0.122788968249127,-0.410288243425013,0.830041471862194,0.751210108127635,-0.538949841922436
"2005-06-01",NA,0.00106640577969231,-0.848811042925602,-0.888077672608039,-1.50413133295205,0,-0.623574060286119,0,-0.7155707369933,0,0.105376065649697,-0.336500064218675,-0.227839949156152,-0.021791890170234,-0.114855465658736,-0.0164703863296906,-1.01028783540563,-0.249780060068158,-0.245347290252538,-0.813969629833428,-0.654383311674491,-1.04949593276153,-0.263041475110345,0.567369030849751,-0.488254259032176,0.023731317592792,-0.684746462799748,-1.15478722483496,-0.235144716457975,4.29536384187048,0.205223341441739,5.00110839529643,1.97154541388247,3.35857853624587,-0.150162682839167,0.693092355087156,-0.359515435063224,-0.57466294025908,-0.551624877979537,-0.252667176727403,-0.75092157018262,0.15804047666034,0.675722668684688,-0.358248530853331,1.24979378246872,1.15934430343727,0.339780531723689,0.522826689596927,-0.122788968249127,-0.410288243425013,0.830041471862194,0.751210108127635,-0.538949841922436
"2005-07-01",NA,0.000933563165538462,-1.25889584835852,-1.58609170935846,-1.2570182149706,0,0.432665640383598,0,-1.0859897544594,0,-0.0555761976114247,-0.948469995179265,0.154747660790354,-0.129718561624753,0.274609289793831,-0.625198740792331,-1.14872539415933,-0.330315987961958,0.328797752117939,-0.868045992174687,-0.641910984668409,-1.10581755372927,0.468677922559902,0.16211671458155,-0.679960070992354,-0.13844021541202,-0.684746462799748,-1.15478722483496,-0.235144716457975,4.29536384187048,0.205223341441739,5.00110839529643,1.97154541388247,3.35857853624587,-0.150162682839167,0.693092355087156,-0.359515435063224,-0.57466294025908,-0.551624877979537,-0.252667176727403,-0.75092157018262,0.15804047666034,0.675722668684688,-0.358248530853331,1.24979378246872,1.15934430343727,0.339780531723689,0.522826689596927,-0.122788968249127,-0.410288243425013,0.830041471862194,0.751210108127635,-0.538949841922436
"2005-08-01",NA,0.000778265501538462,-1.25768837820683,-0.346592140770638,0.151729231130713,0,3.73050580575261,0,-1.1067280278337,0,-0.0556009010649113,-1.14714723213013,2.13575056023057,0.029697953392431,1.67361147296524,-1.59756031206196,-1.19669425738249,0.211457018084061,2.39793764685362,-0.946484242936758,-0.863074807048648,-1.15395519969722,2.79467685402631,-0.302949271786966,-1.16437461435568,0.0675414335842753,-0.684746462799748,-1.15478722483496,-0.235144716457975,4.29536384187048,0.205223341441739,5.00110839529643,1.97154541388247,3.35857853624587,-0.150162682839167,0.693092355087156,-0.359515435063224,-0.57466294025908,-0.551624877979537,-0.252667176727403,-0.75092157018262,0.15804047666034,0.675722668684688,-0.358248530853331,1.24979378246872,1.15934430343727,0.339780531723689,0.522826689596927,-0.122788968249127,-0.410288243425013,0.830041471862194,0.751210108127635,-0.538949841922436
"2005-09-01",NA,0.000822002422153846,-0.114120591522849,-0.750077167125698,0.0737194133346422,0,2.50296619584929,0,-0.319148419425034,0,0.105376065649697,-0.730540045043472,1.14898937049304,0.252055135043827,1.08945012200676,-0.715443568702027,-1.13773955141602,0.82243821431784,1.23293689596892,-1.03070152855019,-0.590757703981036,-1.16245186468702,1.43391831471084,-0.473234210017496,-1.29193382062074,0.279905658210283,-0.684746462799748,-1.15478722483496,-0.235144716457975,4.29536384187048,0.205223341441739,5.00110839529643,1.97154541388247,3.35857853624587,-0.150162682839167,0.693092355087156,-0.359515435063224,-0.57466294025908,-0.551624877979537,-0.252667176727403,-0.75092157018262,0.15804047666034,0.675722668684688,-0.358248530853331,1.24979378246872,1.15934430343727,0.339780531723689,0.522826689596927,-0.122788968249127,-0.410288243425013,0.830041471862194,0.751210108127635,-0.538949841922436
"2005-10-01",NA,0.00100999366892308,0.655322033957351,0.68995756672474,0.873012212066842,0,0.201345844942542,0,0.80488974189966,0,-0.0556060476177205,-0.639477296528002,-0.0239513257653078,0.256697591806485,0.42213352114397,0.34503985938643,-0.0827331538224764,1.08375330769512,-0.102284511350326,-1.02649906402948,0.065797562924065,-0.90600945394547,0.362968186585339,-0.259924138301337,-0.918964094071752,0.315474098816613,-0.684746462799748,-1.15478722483496,-0.235144716457975,4.29536384187048,0.205223341441739,5.00110839529643,1.97154541388247,3.35857853624587,-0.150162682839167,0.693092355087156,-0.359515435063224,-0.57466294025908,-0.551624877979537,-0.252667176727403,-0.75092157018262,0.15804047666034,0.675722668684688,-0.358248530853331,1.24979378246872,1.15934430343727,0.339780531723689,0.522826689596927,-0.122788968249127,-0.410288243425013,0.830041471862194,0.751210108127635,-0.538949841922436
"2005-11-01",NA,0.00101019961107692,0.431407375532652,0.588117024825806,1.05941397466903,0,0.170996371417503,0,-0.131540727946778,0,0.105376065649697,0.197252515616714,0.0521963319086612,0.431723588649888,0.0599375574478309,0.575870559661964,1.01532344873831,1.39867573733916,-0.209582832724204,-0.96149267557623,0.0137179063235619,-0.594942933218773,-0.363749214352979,0.0342550566372528,-0.568432225081167,0.507280562444027,-0.684746462799748,-1.15478722483496,-0.235144716457975,4.29536384187048,0.205223341441739,5.00110839529643,1.97154541388247,3.35857853624587,-0.150162682839167,0.693092355087156,-0.359515435063224,-0.57466294025908,-0.551624877979537,-0.252667176727403,-0.75092157018262,0.15804047666034,0.675722668684688,-0.358248530853331,1.24979378246872,1.15934430343727,0.339780531723689,0.522826689596927,-0.122788968249127,-0.410288243425013,0.830041471862194,0.751210108127635,-0.538949841922436
"2005-12-01",NA,0.000936974503384615,0.971427992392185,0.578357309776094,0.762424215081869,0,-0.0357659887408086,0,0.69903926162181,0,-0.0555741389903003,1.76618437936665,-0.13308326322607,0.351742820517954,-0.130802828645517,0.812400862127271,1.18006380462882,1.24929094491336,-0.601088304071669,-0.927511123596933,0.427813321126253,-0.472995266147924,-0.562879883673197,0.650686965839181,0.429699155600877,0.358400692157905,-0.684746462799748,-1.15478722483496,-0.235144716457975,4.29536384187048,0.205223341441739,5.00110839529643,1.97154541388247,3.35857853624587,-0.150162682839167,0.693092355087156,-0.359515435063224,-0.57466294025908,-0.551624877979537,-0.252667176727403,-0.75092157018262,0.15804047666034,0.675722668684688,-0.358248530853331,1.24979378246872,1.15934430343727,0.339780531723689,0.522826689596927,-0.122788968249127,-0.410288243425013,0.830041471862194,0.751210108127635,-0.538949841922436
"2006-01-01",NA,0.000909230621538462,0.625050966439053,1.33996302130672,1.25778559721294,0,-0.536776205324523,0,0.33067174685604,0,0.246189353111042,0.720429013629684,0.286863753321917,0.680228225711892,0.160506200237588,0.352403174052497,1.36804570799673,1.35980348274167,-0.504612477866526,-0.834169114127177,0.183458375358022,-0.325928080565413,-0.378001418485914,1.25301625338193,0.431081578434817,0.643450314025378,-0.684746462799748,-1.15478722483496,-0.235144716457975,4.29536384187048,0.205223341441739,5.00110839529643,1.97154541388247,3.35857853624587,-0.150162682839167,0.693092355087156,-0.359515435063224,-0.57466294025908,-0.551624877979537,-0.252667176727403,-0.75092157018262,0.15804047666034,0.675722668684688,-0.358248530853331,1.24979378246872,1.15934430343727,0.339780531723689,0.522826689596927,-0.122788968249127,-0.410288243425013,0.830041471862194,0.751210108127635,-0.538949841922436
"2006-02-01",NA,0.00140531177353846,1.31220891475352,1.16361229110292,0.887753637124871,0,-0.182726963426102,0,1.20480395153067,0,0.795861264746804,1.13749506250495,0.408283585084533,1.09536015552717,0.406848101835736,1.12341051533759,1.31348089808019,2.06768996656102,-0.589139157710949,-0.856512475616454,-0.172724830006079,-0.475207585785873,-0.553520227471941,1.64777957621577,0.301010800133458,1.23626219348083,-0.684746462799748,-1.15478722483496,-0.235144716457975,4.29536384187048,0.205223341441739,5.00110839529643,1.97154541388247,3.35857853624587,-0.150162682839167,0.693092355087156,-0.359515435063224,-0.57466294025908,-0.551624877979537,-0.252667176727403,-0.75092157018262,0.15804047666034,0.675722668684688,-0.358248530853331,1.24979378246872,1.15934430343727,0.339780531723689,0.522826689596927,-0.122788968249127,-0.410288243425013,0.830041471862194,0.751210108127635,-0.538949841922436
"2006-03-01",NA,0.00183020074338462,0.909051433855743,0.99281791654138,0.237386998883131,0,-0.908791468772481,0,0.844453334504982,0,0.246189353111042,1.36505698046088,-0.0109212646751158,0.657505238999887,0.0586358079422372,1.13857905833246,0.770296588916207,1.29161220858409,-0.587713466829969,-0.776192678623707,0.964841676371544,0.0603890144914953,-0.5661982377588,1.78169865609498,1.00065374048803,0.615347089487613,-0.684746462799748,-1.15478722483496,-0.235144716457975,4.29536384187048,0.205223341441739,5.00110839529643,1.97154541388247,3.35857853624587,-0.150162682839167,0.693092355087156,-0.359515435063224,-0.57466294025908,-0.551624877979537,-0.252667176727403,-0.75092157018262,0.15804047666034,0.675722668684688,-0.358248530853331,1.24979378246872,1.15934430343727,0.339780531723689,0.522826689596927,-0.122788968249127,-0.410288243425013,0.830041471862194,0.751210108127635,-0.538949841922436
"2006-04-01",NA,0.00141849171692308,-0.6245279319176,0.0908306476087488,-0.368605872423268,0,-1.0690647681731,0,-0.530604836603085,0,0.417199009872949,0.0800712601379387,-0.33313704293149,0.581924234313142,-0.076482349508025,0.401473445713406,0.242503879429032,0.949622255721995,-0.625175928182348,-0.62981458477677,0.692584951913672,0.665356170392399,-0.805383901526458,1.57794578737264,0.998451725112564,0.572322037903082,-0.684746462799748,-1.15478722483496,-0.235144716457975,4.29536384187048,0.205223341441739,5.00110839529643,1.97154541388247,3.35857853624587,-0.150162682839167,0.693092355087156,-0.359515435063224,-0.57466294025908,-0.551624877979537,-0.252667176727403,-0.75092157018262,0.15804047666034,0.675722668684688,-0.358248530853331,1.24979378246872,1.15934430343727,0.339780531723689,0.522826689596927,-0.122788968249127,-0.410288243425013,0.830041471862194,0.751210108127635,-0.538949841922436
"2006-05-01",NA,0.00105358889353846,-1.39398099662101,-1.31187723261001,-1.26613195288642,0,-0.0185278388248927,0,-1.23285812421314,0,0.246189353111042,-0.93357294565716,0.0342403515742041,0.252697184736667,0.406592091830258,-1.33255202186425,-0.887363410349092,0.128394604122066,-0.054731795487704,-0.665986535699058,-0.680156950627267,0.315226622679365,0.293758185378719,1.07580137857307,0.10263684465513,0.238933020736819,-0.684746462799748,-1.15478722483496,-0.235144716457975,4.29536384187048,0.205223341441739,5.00110839529643,1.97154541388247,3.35857853624587,-0.150162682839167,0.693092355087156,-0.359515435063224,-0.57466294025908,-0.551624877979537,-0.252667176727403,-0.75092157018262,0.15804047666034,0.675722668684688,-0.358248530853331,1.24979378246872,1.15934430343727,0.339780531723689,0.522826689596927,-0.122788968249127,-0.410288243425013,0.830041471862194,0.751210108127635,-0.538949841922436
"2006-06-01",NA,0.00105478236553846,-1.37464887513156,-1.39708703608741,-1.36002521974344,0,0.543809053408702,0,-1.25189083961335,0,0.417199009872949,-1.14310688722257,0.968350051819977,0.189675620329966,1.30098901958538,-1.62227463654931,-1.24742112999733,-0.273688074891244,0.227382661349689,-0.821105548985758,-1.05827290646016,-0.375171797037857,1.80179720317201,0.505369369712554,-0.637779429193122,0.197822101462385,-0.684746462799748,-1.15478722483496,-0.235144716457975,4.29536384187048,0.205223341441739,5.00110839529643,1.97154541388247,3.35857853624587,-0.150162682839167,0.693092355087156,-0.359515435063224,-0.57466294025908,-0.551624877979537,-0.252667176727403,-0.75092157018262,0.15804047666034,0.675722668684688,-0.358248530853331,1.24979378246872,1.15934430343727,0.339780531723689,0.522826689596927,-0.122788968249127,-0.410288243425013,0.830041471862194,0.751210108127635,-0.538949841922436
"2006-07-01",NA,0.000870783153230769,-1.38660466549663,-0.937101108420646,-0.929840222626659,0,1.70661795245174,0,-1.25014181613729,0,0.246189353111042,-1.21785739007696,1.28070053968342,0.0737119629221316,1.21536934459837,-1.64643417765054,-1.2600926872725,-0.353785800765824,0.766560319270607,-0.976342158911876,-1.10249968333542,-0.86095655144363,1.91540384682617,-0.0597701572616743,-1.21502631720481,0.0252189976339057,-0.684746462799748,-1.15478722483496,-0.235144716457975,4.29536384187048,0.205223341441739,5.00110839529643,1.97154541388247,3.35857853624587,-0.150162682839167,0.693092355087156,-0.359515435063224,-0.57466294025908,-0.551624877979537,-0.252667176727403,-0.75092157018262,0.15804047666034,0.675722668684688,-0.358248530853331,1.24979378246872,1.15934430343727,0.339780531723689,0.522826689596927,-0.122788968249127,-0.410288243425013,0.830041471862194,0.751210108127635,-0.538949841922436
"2006-08-01",NA,0.000751612740923077,-1.1940744317449,-0.471819033074943,0.00948417909062685,0,3.39936474385169,0,-1.25260560564582,0,0.246189867766322,-1.2396575699183,2.03824495661675,0.245001020365638,1.86630557925022,-1.90008962295396,-1.37630300205306,0.205475345012511,1.42293689798031,-1.11636744968875,-1.0786374014874,-1.15581740657858,2.79558085398532,-0.546139049683168,-1.76324162798025,0.243368444523642,-0.684746462799748,-1.15478722483496,-0.235144716457975,4.29536384187048,0.205223341441739,5.00110839529643,1.97154541388247,3.35857853624587,-0.150162682839167,0.693092355087156,-0.359515435063224,-0.57466294025908,-0.551624877979537,-0.252667176727403,-0.75092157018262,0.15804047666034,0.675722668684688,-0.358248530853331,1.24979378246872,1.15934430343727,0.339780531723689,0.522826689596927,-0.122788968249127,-0.410288243425013,0.830041471862194,0.751210108127635,-0.538949841922436
"2006-09-01",NA,0.000686575606153846,-0.361828799460436,-0.417707701128509,0.38065128534687,0,1.88160174041301,0,-0.809458000547308,0,0.417199009872949,-1.05285622382311,1.02697187482144,0.483907173382376,1.08770145092482,-0.476752480600107,-0.725284312460481,0.791817806597054,0.637147619144037,-1.23991758051035,-1.04438247396028,-1.34643013420553,1.22379363777904,-0.806941266411257,-1.94897097298825,0.52951971807612,-0.684746462799748,-1.15478722483496,-0.235144716457975,4.29536384187048,0.205223341441739,5.00110839529643,1.97154541388247,3.35857853624587,-0.150162682839167,0.693092355087156,-0.359515435063224,-0.57466294025908,-0.551624877979537,-0.252667176727403,-0.75092157018262,0.15804047666034,0.675722668684688,-0.358248530853331,1.24979378246872,1.15934430343727,0.339780531723689,0.522826689596927,-0.122788968249127,-0.410288243425013,0.830041471862194,0.751210108127635,-0.538949841922436
"2006-10-01",NA,0.000695528418461538,0.247672647303993,0.606764694367272,0.540238696572625,0,0.443251824089264,0,-0.37733977565278,0,0.246189867766322,-0.00108620541059977,-0.0465353917730654,0.488929434188686,0.00519930855824922,1.03606592917317,0.579611990988069,1.05147965714314,-0.331162956532087,-1.34175497797494,-0.899709338846816,-1.47811129316753,-0.547823407599901,-0.742797013206598,-1.57846025663833,0.560934701693841,-0.684746462799748,-1.15478722483496,-0.235144716457975,4.29536384187048,0.205223341441739,5.00110839529643,1.97154541388247,3.35857853624587,-0.150162682839167,0.693092355087156,-0.359515435063224,-0.57466294025908,-0.551624877979537,-0.252667176727403,-0.75092157018262,0.15804047666034,0.675722668684688,-0.358248530853331,1.24979378246872,1.15934430343727,0.339780531723689,0.522826689596927,-0.122788968249127,-0.410288243425013,0.830041471862194,0.751210108127635,-0.538949841922436
"2006-11-01",NA,0.000659275776,0.613444630070977,0.628245692190175,0.99996085847109,0,0.485168438974794,0,-0.0961286899285232,0,0.417199009872949,0.107921525523377,0.509034460636035,0.676951988128137,0.432348386118535,0.697384063272634,0.971481983941999,1.36444511967117,0.583761132499589,-1.42063906215018,-0.84523991688208,-1.54930654359136,-0.0265049108894822,-0.546260737562983,-1.26778351701148,0.707911246062417,-0.684746462799748,-1.15478722483496,-0.235144716457975,4.29536384187048,0.205223341441739,5.00110839529643,1.97154541388247,3.35857853624587,-0.150162682839167,0.693092355087156,-0.359515435063224,-0.57466294025908,-0.551624877979537,-0.252667176727403,-0.75092157018262,0.15804047666034,0.675722668684688,-0.358248530853331,1.24979378246872,1.15934430343727,0.339780531723689,0.522826689596927,-0.122788968249127,-0.410288243425013,0.830041471862194,0.751210108127635,-0.538949841922436
"2006-12-01",NA,0.000628621233230769,1.89604679115403,1.07791230863079,0.747682891168468,0,-0.0681319463086949,0,1.32233002092907,0,0.246189353111042,1.75667338685162,0.0608435943949352,0.591021445453949,-0.00101594804734449,1.30947338476385,1.22217078267629,1.21612436795171,-0.572286267678173,-1.43556349719007,0.0452696653800276,-1.56152047718558,-0.596643300245151,0.162669328097617,-0.333922936808081,0.550395066944669,-0.684746462799748,-1.15478722483496,-0.235144716457975,4.29536384187048,0.205223341441739,5.00110839529643,1.97154541388247,3.35857853624587,-0.150162682839167,0.693092355087156,-0.359515435063224,-0.57466294025908,-0.551624877979537,-0.252667176727403,-0.75092157018262,0.15804047666034,0.675722668684688,-0.358248530853331,1.24979378246872,1.15934430343727,0.339780531723689,0.522826689596927,-0.122788968249127,-0.410288243425013,0.830041471862194,0.751210108127635,-0.538949841922436
"2007-01-01",NA,0.00184657208123077,2.65302486412635,1.06977644458621,-0.0698170533249931,0,-1.2117268933244,0,3.46888454797843,0,0.604272344592246,2.8631098428115,0.00196271714067951,0.966199651825238,0.191489876906554,1.63204389475415,0.552238584210317,1.20589457773121,-0.61501360192928,-1.11394961109151,3.14534909391883,-1.01152557910788,-0.694599621350409,1.78104599506947,1.78146913545785,0.936394005650964,-0.684746462799748,-1.15478722483496,-0.235144716457975,4.29536384187048,0.205223341441739,5.00110839529643,1.97154541388247,3.35857853624587,-0.150162682839167,0.693092355087156,-0.359515435063224,-0.57466294025908,-0.551624877979537,-0.252667176727403,-0.75092157018262,0.15804047666034,0.675722668684688,-0.358248530853331,1.24979378246872,1.15934430343727,0.339780531723689,0.522826689596927,-0.122788968249127,-0.410288243425013,0.830041471862194,0.751210108127635,-0.538949841922436
"2007-02-01",NA,0.002701306368,1.00927797596044,1.15462723773124,0.812683183384153,0,-1.33767834122495,0,1.59109497621958,0,1.19231052078639,0.992215388743312,0.377198861329914,1.41484843307829,0.607730582936339,0.935485614316549,0.916949787967294,1.8936366992178,-0.625175698530161,-0.472334592806386,3.88759419205755,0.586350368804313,-0.573713498388362,1.87526628593037,2.37588095194129,1.44826720561373,-0.684746462799748,-1.15478722483496,-0.235144716457975,4.29536384187048,0.205223341441739,5.00110839529643,1.97154541388247,3.35857853624587,-0.150162682839167,0.693092355087156,-0.359515435063224,-0.57466294025908,-0.551624877979537,-0.252667176727403,-0.75092157018262,0.15804047666034,0.675722668684688,-0.358248530853331,1.24979378246872,1.15934430343727,0.339780531723689,0.522826689596927,-0.122788968249127,-0.410288243425013,0.830041471862194,0.751210108127635,-0.538949841922436
"2007-03-01",NA,0.00148780764553846,-0.301621639498216,1.25094804900403,0.676221985793028,0,-1.33767834122495,0,-0.11358170485661,0,0.604272344592246,-0.248153932856019,0.304754681087416,0.941635079869399,0.321935194196897,0.0968185492341212,0.975611067587729,1.13931057111101,-0.625176055642219,-0.16628610804607,0.916057879165008,1.22587445761106,-0.405131530796717,1.62346646328015,1.58714639521243,0.907005620873216,-0.684746462799748,-1.15478722483496,-0.235144716457975,4.29536384187048,0.205223341441739,5.00110839529643,1.97154541388247,3.35857853624587,-0.150162682839167,0.693092355087156,-0.359515435063224,-0.57466294025908,-0.551624877979537,-0.252667176727403,-0.75092157018262,0.15804047666034,0.675722668684688,-0.358248530853331,1.24979378246872,1.15934430343727,0.339780531723689,0.522826689596927,-0.122788968249127,-0.410288243425013,0.830041471862194,0.751210108127635,-0.538949841922436
"2007-04-01",NA,0.00112574281846154,-0.449568630706063,0.629001615487869,-0.106018941127196,0,-1.23632654598984,0,-0.563135950648377,0,0.787217114647572,-0.407243521078803,0.0117449840611157,0.859957413748356,0.374546346255862,-0.478029757752279,0.305430547163371,0.807046404310917,-0.625175933040169,-0.197450509762407,-0.521040703469467,0.70664714705046,-0.384650874954877,1.40400080389097,0.632443651101984,0.864984363085595,-0.684746462799748,-1.15478722483496,-0.235144716457975,4.29536384187048,0.205223341441739,5.00110839529643,1.97154541388247,3.35857853624587,-0.150162682839167,0.693092355087156,-0.359515435063224,-0.57466294025908,-0.551624877979537,-0.252667176727403,-0.75092157018262,0.15804047666034,0.675722668684688,-0.358248530853331,1.24979378246872,1.15934430343727,0.339780531723689,0.522826689596927,-0.122788968249127,-0.410288243425013,0.830041471862194,0.751210108127635,-0.538949841922436
"2007-05-01",NA,0.00117791317661538,-0.611491421969288,-1.22411389893939,-1.17052064336588,0,-0.552830552432559,0,-0.497184549836953,0,0.604272601919886,-0.321583333181195,0.479861483701957,0.504142370287217,0.707908635118424,-0.389648619410699,-0.761370399974479,0.00890337875631862,-0.605540544195375,-0.32668404739892,-0.524174924194829,0.0320489945060685,0.57328416980825,1.16938343532205,0.144636776067086,0.450768732719756,-0.684746462799748,-1.15478722483496,-0.235144716457975,4.29536384187048,0.205223341441739,5.00110839529643,1.97154541388247,3.35857853624587,-0.150162682839167,0.693092355087156,-0.359515435063224,-0.57466294025908,-0.551624877979537,-0.252667176727403,-0.75092157018262,0.15804047666034,0.675722668684688,-0.358248530853331,1.24979378246872,1.15934430343727,0.339780531723689,0.522826689596927,-0.122788968249127,-0.410288243425013,0.830041471862194,0.751210108127635,-0.538949841922436
"2007-06-01",NA,0.00108065584246154,-1.59457303849052,-1.14121487845539,-1.37708194649759,0,-0.289441502797767,0,-1.32495870871418,0,0.787217114647572,-1.03187119953698,0.379375967983443,0.436038421654169,0.835416741725199,-0.921492669033619,-1.14889669170188,-0.381850700514192,-0.518819253293362,-0.393405279154438,-0.597791333121388,-0.25766949020197,0.708290934143086,0.761643417345877,-0.202685797384211,0.411713629568858,-0.684746462799748,-1.15478722483496,-0.235144716457975,4.29536384187048,0.205223341441739,5.00110839529643,1.97154541388247,3.35857853624587,-0.150162682839167,0.693092355087156,-0.359515435063224,-0.57466294025908,-0.551624877979537,-0.252667176727403,-0.75092157018262,0.15804047666034,0.675722668684688,-0.358248530853331,1.24979378246872,1.15934430343727,0.339780531723689,0.522826689596927,-0.122788968249127,-0.410288243425013,0.830041471862194,0.751210108127635,-0.538949841922436
"2007-07-01",NA,0.000995621937230769,-0.53197393889559,-1.71756742563293,-1.2865469847481,0,0.635931988790867,0,-0.503757663039651,0,0.604272344592246,-0.828013686415292,1.0858763980014,0.310718484710244,1.1520516919122,-1.04291676962046,-1.38025137075662,-0.459750807344182,-0.336956388603825,-0.51593193153188,-0.869094882553342,-0.57185326486503,1.45806463801863,0.241795931061666,-0.663894754761329,0.286549188208251,-0.684746462799748,-1.15478722483496,-0.235144716457975,4.29536384187048,0.205223341441739,5.00110839529643,1.97154541388247,3.35857853624587,-0.150162682839167,0.693092355087156,-0.359515435063224,-0.57466294025908,-0.551624877979537,-0.252667176727403,-0.75092157018262,0.15804047666034,0.675722668684688,-0.358248530853331,1.24979378246872,1.15934430343727,0.339780531723689,0.522826689596927,-0.122788968249127,-0.410288243425013,0.830041471862194,0.751210108127635,-0.538949841922436
"2007-08-01",NA,0.000888023985230769,-1.59471049226253,-0.997843271772762,-0.0719563633671375,0,0.571062936783531,0,-1.35215853202052,0,0.604199006214707,-0.886812735568652,1.24924578346466,0.495759552466613,1.38360200172124,-1.48502817755866,-1.02942280186587,0.0835001607253524,0.00835235280774509,-0.615824461498403,-0.799045984607776,-0.756393858341579,1.68299648734205,-0.0406830369584209,-0.835471011085518,0.454266802012017,-0.684746462799748,-1.15478722483496,-0.235144716457975,4.29536384187048,0.205223341441739,5.00110839529643,1.97154541388247,3.35857853624587,-0.150162682839167,0.693092355087156,-0.359515435063224,-0.57466294025908,-0.551624877979537,-0.252667176727403,-0.75092157018262,0.15804047666034,0.675722668684688,-0.358248530853331,1.24979378246872,1.15934430343727,0.339780531723689,0.522826689596927,-0.122788968249127,-0.410288243425013,0.830041471862194,0.751210108127635,-0.538949841922436
"2007-09-01",NA,0.000780574818461538,-1.48307020745879,0.706432435891652,1.47212522572742,0,3.57201283949772,0,-1.32395663462431,0,0.786668492118054,-1.21433888166634,3.97556500345516,0.753542381939903,3.24270512563234,-2.3572249475974,-1.41073291593085,0.651394891991884,1.26383960343274,-0.743663638981827,-1.06975914038644,-0.955689293017515,4.62912204384112,-0.556980561614729,-1.50656892005994,0.815391226132569,-0.684746462799748,-1.15478722483496,-0.235144716457975,4.29536384187048,0.205223341441739,5.00110839529643,1.97154541388247,3.35857853624587,-0.150162682839167,0.693092355087156,-0.359515435063224,-0.57466294025908,-0.551624877979537,-0.252667176727403,-0.75092157018262,0.15804047666034,0.675722668684688,-0.358248530853331,1.24979378246872,1.15934430343727,0.339780531723689,0.522826689596927,-0.122788968249127,-0.410288243425013,0.830041471862194,0.751210108127635,-0.538949841922436
"2007-10-01",NA,0.000719518375384615,-0.445035008054658,0.910704630414701,1.35436961462791,0,1.6402044171269,0,-0.894090670759901,0,0.604065453169294,-1.0232058213342,2.27256977483969,0.759261194563721,1.78980976769474,-1.40913993208573,-0.873268239643043,0.905302359825237,0.631190175415233,-0.875249109406684,-1.0211069845755,-1.14131568261189,2.23723012332762,-0.922718816084232,-1.88474319879229,0.784436114553385,-0.684746462799748,-1.15478722483496,-0.235144716457975,4.29536384187048,0.205223341441739,5.00110839529643,1.97154541388247,3.35857853624587,-0.150162682839167,0.693092355087156,-0.359515435063224,-0.57466294025908,-0.551624877979537,-0.252667176727403,-0.75092157018262,0.15804047666034,0.675722668684688,-0.358248530853331,1.24979378246872,1.15934430343727,0.339780531723689,0.522826689596927,-0.122788968249127,-0.410288243425013,0.830041471862194,0.751210108127635,-0.538949841922436
"2007-11-01",NA,0.000736835771076923,0.588629396581984,0.586108185279204,1.15867438010467,0,-0.595388594551605,0,-0.0270990637197613,0,0.787217114647572,0.26163062958626,0.523610334709754,0.962646748747652,0.374344804132542,0.655237360734038,0.990247391815063,1.21007258255709,-0.369342628842056,-0.970126336542676,-0.702394548116315,-1.25716924417057,-0.375936947037159,-0.708681126117633,-1.43575231025067,1.00520230938738,-0.684746462799748,-1.15478722483496,-0.235144716457975,4.29536384187048,0.205223341441739,5.00110839529643,1.97154541388247,3.35857853624587,-0.150162682839167,0.693092355087156,-0.359515435063224,-0.57466294025908,-0.551624877979537,-0.252667176727403,-0.75092157018262,0.15804047666034,0.675722668684688,-0.358248530853331,1.24979378246872,1.15934430343727,0.339780531723689,0.522826689596927,-0.122788968249127,-0.410288243425013,0.830041471862194,0.751210108127635,-0.538949841922436
"2007-12-01",NA,0.000686075106461539,0.834541778147697,0.945888920603735,1.20561823205589,0,0.0798866833267724,0,0.127621510554174,0,0.604272344592246,0.584401033791293,0.513057000425109,0.869797613494505,0.391042990983849,0.74416314331709,1.35954427440353,1.06593888704948,-0.202798847703086,-1.03834401784155,-0.709237662686278,-1.32990695564193,-0.226794955247647,-0.362137252917612,-1.17487465535229,0.837965580052108,-0.684746462799748,-1.15478722483496,-0.235144716457975,4.29536384187048,0.205223341441739,5.00110839529643,1.97154541388247,3.35857853624587,-0.150162682839167,0.693092355087156,-0.359515435063224,-0.57466294025908,-0.551624877979537,-0.252667176727403,-0.75092157018262,0.15804047666034,0.675722668684688,-0.358248530853331,1.24979378246872,1.15934430343727,0.339780531723689,0.522826689596927,-0.122788968249127,-0.410288243425013,0.830041471862194,0.751210108127635,-0.538949841922436
"2008-01-01",NA,0.000680728497230769,1.61767910459996,0.759384543490863,0.506237817036089,0,0.371963682644794,0,0.964542125542344,0,0.930328337938463,1.03235769696354,0.51026625572611,1.23004077128183,0.433591174415676,1.1906477110066,1.05655847471155,1.29141724460374,-0.612910906439463,-1.08629243222548,-0.460109824327923,-1.39728079677915,-0.523521551786495,0.173031301966711,-0.740868774484553,1.17087471334178,-0.684746462799748,-1.15478722483496,-0.235144716457975,4.29536384187048,0.205223341441739,5.00110839529643,1.97154541388247,3.35857853624587,-0.150162682839167,0.693092355087156,-0.359515435063224,-0.57466294025908,-0.551624877979537,-0.252667176727403,-0.75092157018262,0.15804047666034,0.675722668684688,-0.358248530853331,1.24979378246872,1.15934430343727,0.339780531723689,0.522826689596927,-0.122788968249127,-0.410288243425013,0.830041471862194,0.751210108127635,-0.538949841922436
"2008-02-01",NA,0.000674407384615385,1.30782376105449,0.993643257020778,0.745940877227952,0,-0.474406777633673,0,1.17313459462226,0,1.33132200010904,1.89146904591073,0.651270694093204,1.55196013687813,0.687307939583443,1.03196372052618,1.17827618392003,1.78012527917729,-0.61884780380719,-0.955913942693105,1.07419611517644,-1.05292328656802,-0.510560100527693,1.29945147015938,0.63743283929742,1.59902178488897,-0.684746462799748,-1.15478722483496,-0.235144716457975,4.29536384187048,0.205223341441739,5.00110839529643,1.97154541388247,3.35857853624587,-0.150162682839167,0.693092355087156,-0.359515435063224,-0.57466294025908,-0.551624877979537,-0.252667176727403,-0.75092157018262,0.15804047666034,0.675722668684688,-0.358248530853331,1.24979378246872,1.15934430343727,0.339780531723689,0.522826689596927,-0.122788968249127,-0.410288243425013,0.830041471862194,0.751210108127635,-0.538949841922436
"2008-03-01",NA,0.00195234437907692,0.390202041637294,0.724396154550809,0.291967371447654,0,-0.897431650964526,0,0.597968352519704,0,0.930328852593744,1.16121082796428,0.5010363576303,1.20373970786515,0.436676336086999,0.786032326626218,0.710763753743633,1.22383313167016,-0.625165837021407,-0.719178984838543,1.79462686826826,-0.0964566774794366,-0.489639456581255,1.79733899856533,1.14039287337042,1.13992640578753,-0.684746462799748,-1.15478722483496,-0.235144716457975,4.29536384187048,0.205223341441739,5.00110839529643,1.97154541388247,3.35857853624587,-0.150162682839167,0.693092355087156,-0.359515435063224,-0.57466294025908,-0.551624877979537,-0.252667176727403,-0.75092157018262,0.15804047666034,0.675722668684688,-0.358248530853331,1.24979378246872,1.15934430343727,0.339780531723689,0.522826689596927,-0.122788968249127,-0.410288243425013,0.830041471862194,0.751210108127635,-0.538949841922436
"2008-04-01",NA,0.00125037920492308,0.359360456571424,0.0635454364764013,-0.57852345776993,0,-0.944584079349837,0,0.0774966543018467,0,1.12414134088975,0.0963232484294123,0.00960802293479559,1.11642070523473,0.257806112537882,0.562226714455835,0.0796095321249533,0.886240715661936,-0.625176059093881,-0.488246322709074,0.89468862129388,0.601802220195647,-0.842178477910288,1.62519706565339,0.844782775067313,1.09676907595345,-0.684746462799748,-1.15478722483496,-0.235144716457975,4.29536384187048,0.205223341441739,5.00110839529643,1.97154541388247,3.35857853624587,-0.150162682839167,0.693092355087156,-0.359515435063224,-0.57466294025908,-0.551624877979537,-0.252667176727403,-0.75092157018262,0.15804047666034,0.675722668684688,-0.358248530853331,1.24979378246872,1.15934430343727,0.339780531723689,0.522826689596927,-0.122788968249127,-0.410288243425013,0.830041471862194,0.751210108127635,-0.538949841922436
"2008-05-01",NA,0.00116389165292308,-0.998021940085724,-1.1021789993625,-1.32454378513164,0,-1.3112234743164,0,-0.822500683194242,0,0.930328852593744,-0.375890959201801,-0.209923904162897,0.736088504222166,0.0915316689329404,-0.131073329531928,-0.587321489778121,0.0753204375908334,-0.625170255321633,-0.441707775727387,-0.0571361124552805,0.258475131125533,-0.74484781920244,1.46415632911757,0.772202785391469,0.717469500273302,-0.684746462799748,-1.15478722483496,-0.235144716457975,4.29536384187048,0.205223341441739,5.00110839529643,1.97154541388247,3.35857853624587,-0.150162682839167,0.693092355087156,-0.359515435063224,-0.57466294025908,-0.551624877979537,-0.252667176727403,-0.75092157018262,0.15804047666034,0.675722668684688,-0.358248530853331,1.24979378246872,1.15934430343727,0.339780531723689,0.522826689596927,-0.122788968249127,-0.410288243425013,0.830041471862194,0.751210108127635,-0.538949841922436
"2008-06-01",NA,0.00106106510769231,-1.14556456138289,-1.69270585364829,-1.77264918298725,0,-0.494568682640643,0,-1.01018844270245,0,1.12414185554503,-0.796143509895281,0.357323147106675,0.663304704992048,0.835696643075366,-0.641574160840718,-1.18446174919062,-0.321761278837221,-0.468808467447131,-0.522180060670147,-0.663095915662389,-0.304414902075596,0.485253409860488,1.0233846379713,0.151609359607044,0.67792750910249,-0.684746462799748,-1.15478722483496,-0.235144716457975,4.29536384187048,0.205223341441739,5.00110839529643,1.97154541388247,3.35857853624587,-0.150162682839167,0.693092355087156,-0.359515435063224,-0.57466294025908,-0.551624877979537,-0.252667176727403,-0.75092157018262,0.15804047666034,0.675722668684688,-0.358248530853331,1.24979378246872,1.15934430343727,0.339780531723689,0.522826689596927,-0.122788968249127,-0.410288243425013,0.830041471862194,0.751210108127635,-0.538949841922436
"2008-07-01",NA,0.00101612470153846,-1.47118793162348,-0.866268327256955,-0.843759569181546,0,2.28405390025995,0,-1.24631992033024,0,0.930328852593744,-1.10637463949987,1.68328661248086,0.529368788671762,1.96169210170221,-1.65611533904288,-1.14106131608807,-0.401233022351885,1.2313559029251,-0.622524885403662,-0.858553537833869,-0.706365067601167,2.46579188269646,0.426271620575677,-0.399838736732293,0.541262664647624,-0.684746462799748,-1.15478722483496,-0.235144716457975,4.29536384187048,0.205223341441739,5.00110839529643,1.97154541388247,3.35857853624587,-0.150162682839167,0.693092355087156,-0.359515435063224,-0.57466294025908,-0.551624877979537,-0.252667176727403,-0.75092157018262,0.15804047666034,0.675722668684688,-0.358248530853331,1.24979378246872,1.15934430343727,0.339780531723689,0.522826689596927,-0.122788968249127,-0.410288243425013,0.830041471862194,0.751210108127635,-0.538949841922436
"2008-08-01",NA,0.000962341277538462,-0.761405946772208,-0.512598859156029,-0.17573621424806,0,1.85492545767066,0,-0.565716392558819,0,0.930328337938463,-0.941360132187623,1.68952629935766,0.727170685724886,1.90004771989088,-1.2334991468292,-1.01340598598486,0.150963875858235,1.18144947197475,-0.725818672017949,-0.641992254447813,-0.958355776779766,2.20893413909285,0.138797804169162,-0.640314258679513,0.720702612829696,-0.684746462799748,-1.15478722483496,-0.235144716457975,4.29536384187048,0.205223341441739,5.00110839529643,1.97154541388247,3.35857853624587,-0.150162682839167,0.693092355087156,-0.359515435063224,-0.57466294025908,-0.551624877979537,-0.252667176727403,-0.75092157018262,0.15804047666034,0.675722668684688,-0.358248530853331,1.24979378246872,1.15934430343727,0.339780531723689,0.522826689596927,-0.122788968249127,-0.410288243425013,0.830041471862194,0.751210108127635,-0.538949841922436
"2008-09-01",NA,0.000894123470769231,-1.00161747254078,-0.488134626008989,0.682055198820808,0,3.17033713627375,0,-1.04867872427406,0,1.12414134088975,-1.1739440451728,2.24509699251079,1.00312691872319,2.26991203807902,-1.75607187331525,-0.949242070201583,0.729789951594404,1.96059016053737,-0.803312272852395,-0.921922700018627,-1.0582047196383,2.62860106430799,-0.337659798618532,-1.14055596198484,1.04164626790868,-0.684746462799748,-1.15478722483496,-0.235144716457975,4.29536384187048,0.205223341441739,5.00110839529643,1.97154541388247,3.35857853624587,-0.150162682839167,0.693092355087156,-0.359515435063224,-0.57466294025908,-0.551624877979537,-0.252667176727403,-0.75092157018262,0.15804047666034,0.675722668684688,-0.358248530853331,1.24979378246872,1.15934430343727,0.339780531723689,0.522826689596927,-0.122788968249127,-0.410288243425013,0.830041471862194,0.751210108127635,-0.538949841922436
"2008-10-01",NA,0.000905436819692308,0.180769625583405,0.744256708346827,1.03498168044368,0,0.667288086092138,0,-0.234169967890343,0,0.930327308627901,-0.622815066852899,0.803227294691946,1.00896988865343,0.782739176111731,0.0406098095990345,0.0725784024386318,0.986219882657742,0.42355994931787,-0.904338124277919,-0.749006512411119,-1.17104507862832,0.261579550776908,-0.482627071647857,-1.34816498574884,1.00678604625116,-0.684746462799748,-1.15478722483496,-0.235144716457975,4.29536384187048,0.205223341441739,5.00110839529643,1.97154541388247,3.35857853624587,-0.150162682839167,0.693092355087156,-0.359515435063224,-0.57466294025908,-0.551624877979537,-0.252667176727403,-0.75092157018262,0.15804047666034,0.675722668684688,-0.358248530853331,1.24979378246872,1.15934430343727,0.339780531723689,0.522826689596927,-0.122788968249127,-0.410288243425013,0.830041471862194,0.751210108127635,-0.538949841922436
"2008-11-01",NA,0.000925852740923077,0.212461947345632,0.707521391312611,1.17102879192481,0,0.666749624413122,0,-0.113432825526539,0,1.12414134088975,0.0855323433272558,0.737990602792387,1.22621095830626,0.709023089632852,0.335601527319879,0.845095227132776,1.29565803444024,0.435163315660926,-0.931938443230378,-0.301052704016633,-1.05853830921632,-0.15133512970456,-0.348169491537608,-0.977407275278858,1.24369318930632,-0.684746462799748,-1.15478722483496,-0.235144716457975,4.29536384187048,0.205223341441739,5.00110839529643,1.97154541388247,3.35857853624587,-0.150162682839167,0.693092355087156,-0.359515435063224,-0.57466294025908,-0.551624877979537,-0.252667176727403,-0.75092157018262,0.15804047666034,0.675722668684688,-0.358248530853331,1.24979378246872,1.15934430343727,0.339780531723689,0.522826689596927,-0.122788968249127,-0.410288243425013,0.830041471862194,0.751210108127635,-0.538949841922436
"2008-12-01",NA,0.000713245115076923,0.672487436673175,0.777939372875202,1.24625915532354,0,1.6045696042725,0,0.00401081555984838,0,0.930328337938463,0.662456357839075,1.19985564514007,1.12701342534793,0.853521668486742,-0.101136070189427,0.726556336383177,1.14900417446734,1.24981226603888,-0.975702484884277,-0.45614754325979,-1.0823120371626,0.263295317824385,-0.308108147908298,-1.13701896897364,1.06668047696211,-0.684746462799748,-1.15478722483496,-0.235144716457975,4.29536384187048,0.205223341441739,5.00110839529643,1.97154541388247,3.35857853624587,-0.150162682839167,0.693092355087156,-0.359515435063224,-0.57466294025908,-0.551624877979537,-0.252667176727403,-0.75092157018262,0.15804047666034,0.675722668684688,-0.358248530853331,1.24979378246872,1.15934430343727,0.339780531723689,0.522826689596927,-0.122788968249127,-0.410288243425013,0.830041471862194,0.751210108127635,-0.538949841922436
"2009-01-01",NA,0.000659640073846154,1.48427103154566,0.787756154810486,0.757002357259111,0,-0.0835904781174445,0,0.854887233700713,0,0.842233249528369,1.41424910122591,0.492549677252859,1.20915888100536,0.403299469996106,1.12286784791048,1.21916375741257,1.35643708552451,-0.449068057332108,-0.928110737230885,0.224841335835762,-1.1630757263209,-0.52953104043509,0.388104279797407,-0.513299276746784,1.12857909325441,-0.684746462799748,-1.15478722483496,-0.235144716457975,4.29536384187048,0.205223341441739,5.00110839529643,1.97154541388247,3.35857853624587,-0.150162682839167,0.693092355087156,-0.359515435063224,-0.57466294025908,-0.551624877979537,-0.252667176727403,-0.75092157018262,0.15804047666034,0.675722668684688,-0.358248530853331,1.24979378246872,1.15934430343727,0.339780531723689,0.522826689596927,-0.122788968249127,-0.410288243425013,0.830041471862194,0.751210108127635,-0.538949841922436
"2009-02-01",NA,0.000788772716307692,1.05879349149201,1.18619246528151,0.84473621966072,0,-0.0364130610156906,0,0.863802745289883,0,1.45576667635902,1.65697115928815,0.783969212048297,1.68627487962548,0.787010027958254,1.18139813282774,1.3078234200415,2.06371683913823,-0.554319600788482,-0.780882329222007,1.06960181221533,-1.0884811668369,-0.502247228493312,1.44079946964988,0.447475987584757,1.79688983426367,-0.684746462799748,-1.15478722483496,-0.235144716457975,4.29536384187048,0.205223341441739,5.00110839529643,1.97154541388247,3.35857853624587,-0.150162682839167,0.693092355087156,-0.359515435063224,-0.57466294025908,-0.551624877979537,-0.252667176727403,-0.75092157018262,0.15804047666034,0.675722668684688,-0.358248530853331,1.24979378246872,1.15934430343727,0.339780531723689,0.522826689596927,-0.122788968249127,-0.410288243425013,0.830041471862194,0.751210108127635,-0.538949841922436
"2009-03-01",NA,0.00113067842953846,0.154036614796954,1.22605879532116,0.471494738213974,0,-0.106871607181139,0,0.0101702984091724,0,0.842232734873088,0.183120665603787,0.513653613404066,1.18302156836683,0.437504752025102,0.583604048759802,0.876548350556148,1.28802426791983,-0.484235226914471,-0.655618647368898,-0.0217802022690193,-0.999542166183244,-0.451587031514414,1.65778495441643,0.190206260920379,1.09764859623603,-0.684746462799748,-1.15478722483496,-0.235144716457975,4.29536384187048,0.205223341441739,5.00110839529643,1.97154541388247,3.35857853624587,-0.150162682839167,0.693092355087156,-0.359515435063224,-0.57466294025908,-0.551624877979537,-0.252667176727403,-0.75092157018262,0.15804047666034,0.675722668684688,-0.358248530853331,1.24979378246872,1.15934430343727,0.339780531723689,0.522826689596927,-0.122788968249127,-0.410288243425013,0.830041471862194,0.751210108127635,-0.538949841922436
"2009-04-01",NA,0.00117828376615385,-0.915941767702718,0.408278400645609,-0.201311645067247,0,-0.0998338964776036,0,-0.897620817548067,0,1.03311065875698,0.0762944049716938,0.148629881797215,1.09615544661987,0.379251626039762,-0.34837815578114,-0.107135817107677,0.944061256588897,-0.198548810976693,-0.578441652871345,0.331725557410494,-0.76819873162325,-0.639542500472393,1.5076729185508,0.117851170787,1.05283348573735,-0.684746462799748,-1.15478722483496,-0.235144716457975,4.29536384187048,0.205223341441739,5.00110839529643,1.97154541388247,3.35857853624587,-0.150162682839167,0.693092355087156,-0.359515435063224,-0.57466294025908,-0.551624877979537,-0.252667176727403,-0.75092157018262,0.15804047666034,0.675722668684688,-0.358248530853331,1.24979378246872,1.15934430343727,0.339780531723689,0.522826689596927,-0.122788968249127,-0.410288243425013,0.830041471862194,0.751210108127635,-0.538949841922436
"2009-05-01",NA,0.00102613274584615,-0.633910553753124,-0.595424203735521,-1.21246198312504,0,0.687322638965911,0,-0.932018805768382,0,0.842232734873088,-0.775525894365727,0.156721832854775,0.717756971214369,0.343471597534434,-0.625671964643866,-0.827884799572221,0.122348852984754,0.572437667410208,-0.596661378356444,-0.784445257080822,-0.934497021449747,-0.308214961838378,0.990584736304254,-0.571507325133379,0.674754432060266,-0.684746462799748,-1.15478722483496,-0.235144716457975,4.29536384187048,0.205223341441739,5.00110839529643,1.97154541388247,3.35857853624587,-0.150162682839167,0.693092355087156,-0.359515435063224,-0.57466294025908,-0.551624877979537,-0.252667176727403,-0.75092157018262,0.15804047666034,0.675722668684688,-0.358248530853331,1.24979378246872,1.15934430343727,0.339780531723689,0.522826689596927,-0.122788968249127,-0.410288243425013,0.830041471862194,0.751210108127635,-0.538949841922436
"2009-06-01",NA,0.000967323943384616,-0.908006358179573,-1.99294368196228,-1.87432846221883,0,-0.253516610084421,0,-0.891620835298093,0,1.03311065875698,-0.86176816077768,0.286239080511115,0.645337334162527,0.656971849867546,-0.242806065813582,-1.29833882886761,-0.276137696015084,0.0925486518809513,-0.703537339525286,-0.968918879760612,-1.24965494913223,0.225909257245795,0.518212459089938,-0.706474261829775,0.634173826494327,-0.684746462799748,-1.15478722483496,-0.235144716457975,4.29536384187048,0.205223341441739,5.00110839529643,1.97154541388247,3.35857853624587,-0.150162682839167,0.693092355087156,-0.359515435063224,-0.57466294025908,-0.551624877979537,-0.252667176727403,-0.75092157018262,0.15804047666034,0.675722668684688,-0.358248530853331,1.24979378246872,1.15934430343727,0.339780531723689,0.522826689596927,-0.122788968249127,-0.410288243425013,0.830041471862194,0.751210108127635,-0.538949841922436
"2009-07-01",NA,0.000964366139076923,-0.399424801927525,-1.66930715294678,-1.62462594059741,0,0.167282536336984,0,-0.140832686368836,0,0.842232734873088,-0.494452853026181,0.394513459066066,0.512068152353878,0.889133690425976,-0.113058492693465,-1.27735973730086,-0.356338722627965,0.529089083345779,-0.780365420916876,-0.490204843925447,-1.37762830682455,0.739477950831856,0.346006545952534,-0.389190778353043,0.499095320442192,-0.684746462799748,-1.15478722483496,-0.235144716457975,4.29536384187048,0.205223341441739,5.00110839529643,1.97154541388247,3.35857853624587,-0.150162682839167,0.693092355087156,-0.359515435063224,-0.57466294025908,-0.551624877979537,-0.252667176727403,-0.75092157018262,0.15804047666034,0.675722668684688,-0.358248530853331,1.24979378246872,1.15934430343727,0.339780531723689,0.522826689596927,-0.122788968249127,-0.410288243425013,0.830041471862194,0.751210108127635,-0.538949841922436
"2009-08-01",NA,0.000995169732923077,-0.665001600256473,-0.809432264460581,-0.428121394857129,0,0.669507038951949,0,-0.526521820975897,0,0.842232477545447,-0.663717953571283,0.772270469122177,0.708896098883222,1.24922524310962,-0.645746769586361,-0.857360368206054,0.192370518527539,0.505024311121325,-0.751905741907137,-0.0859027220325755,-1.206857773105,1.16482171431241,0.204544072039015,-0.233202595383828,0.677251509212945,-0.684746462799748,-1.15478722483496,-0.235144716457975,4.29536384187048,0.205223341441739,5.00110839529643,1.97154541388247,3.35857853624587,-0.150162682839167,0.693092355087156,-0.359515435063224,-0.57466294025908,-0.551624877979537,-0.252667176727403,-0.75092157018262,0.15804047666034,0.675722668684688,-0.358248530853331,1.24979378246872,1.15934430343727,0.339780531723689,0.522826689596927,-0.122788968249127,-0.410288243425013,0.830041471862194,0.751210108127635,-0.538949841922436
"2009-09-01",NA,0.00112494217846154,0.414137300605527,-0.120968839470205,-0.187650646933249,0,0.217146692059673,0,0.536004956904459,0,1.03311065875698,-0.0312711560147929,0.121250842427133,0.983458250629926,0.471644497246188,0.498989060623279,-0.272687358062244,0.788428565405772,-0.535037379296538,-0.732137876048172,0.0195569550541681,-1.03685820196577,-0.393778737973305,0.265456069343226,-0.204862927288065,0.998314434846741,-0.684746462799748,-1.15478722483496,-0.235144716457975,4.29536384187048,0.205223341441739,5.00110839529643,1.97154541388247,3.35857853624587,-0.150162682839167,0.693092355087156,-0.359515435063224,-0.57466294025908,-0.551624877979537,-0.252667176727403,-0.75092157018262,0.15804047666034,0.675722668684688,-0.358248530853331,1.24979378246872,1.15934430343727,0.339780531723689,0.522826689596927,-0.122788968249127,-0.410288243425013,0.830041471862194,0.751210108127635,-0.538949841922436
"2009-10-01",NA,0.00161387100553846,0.901906165537889,0.382347463364904,0.585668413431848,0,0.706133572673374,0,1.32615022822665,0,0.842233249528369,0.408199887818558,0.00632807030607187,0.98925185092257,0.245605197341026,0.897740575917037,0.518428434358007,1.04792203143824,-0.488227968716718,-0.624195791499997,0.870877856140915,-0.619000591892907,-0.692529580908423,0.528992186195923,0.0489614407185101,0.964981316551313,-0.684746462799748,-1.15478722483496,-0.235144716457975,4.29536384187048,0.205223341441739,5.00110839529643,1.97154541388247,3.35857853624587,-0.150162682839167,0.693092355087156,-0.359515435063224,-0.57466294025908,-0.551624877979537,-0.252667176727403,-0.75092157018262,0.15804047666034,0.675722668684688,-0.358248530853331,1.24979378246872,1.15934430343727,0.339780531723689,0.522826689596927,-0.122788968249127,-0.410288243425013,0.830041471862194,0.751210108127635,-0.538949841922436
"2009-11-01",NA,0.00130314186830769,1.13684128392595,1.4342860657122,1.19793579178115,0,0.360145976714909,0,1.02020229713068,0,1.03311065875698,0.686956620518057,0.486575140023031,1.20536572865177,0.456668021519051,0.89110389995037,1.3735831389729,1.36085789737087,-0.608312699495864,-0.481012190978768,0.378949889967261,-0.193085476122116,-0.489566157960393,0.817255092049898,0.365215549453818,1.20030752440001,-0.684746462799748,-1.15478722483496,-0.235144716457975,4.29536384187048,0.205223341441739,5.00110839529643,1.97154541388247,3.35857853624587,-0.150162682839167,0.693092355087156,-0.359515435063224,-0.57466294025908,-0.551624877979537,-0.252667176727403,-0.75092157018262,0.15804047666034,0.675722668684688,-0.358248530853331,1.24979378246872,1.15934430343727,0.339780531723689,0.522826689596927,-0.122788968249127,-0.410288243425013,0.830041471862194,0.751210108127635,-0.538949841922436
"2009-12-01",NA,0.00146793148061538,2.00218489337728,0.864809652373844,0.510424901231382,0,-0.49386681583091,0,2.25042887665647,0,0.842233249528369,1.8607583593518,0.239275434536556,1.10664282854593,0.366100536721547,1.23556157104602,1.05882291323265,1.21282391654662,-0.62515397572213,-0.37066002145792,1.06196107790841,0.129606574412979,-0.553878783574438,1.54673159168586,1.398173798788,1.08563068700963,-0.684746462799748,-1.15478722483496,-0.235144716457975,4.29536384187048,0.205223341441739,5.00110839529643,1.97154541388247,3.35857853624587,-0.150162682839167,0.693092355087156,-0.359515435063224,-0.57466294025908,-0.551624877979537,-0.252667176727403,-0.75092157018262,0.15804047666034,0.675722668684688,-0.358248530853331,1.24979378246872,1.15934430343727,0.339780531723689,0.522826689596927,-0.122788968249127,-0.410288243425013,0.830041471862194,0.751210108127635,-0.538949841922436
"2010-01-01",NA,0.00284890069661538,1.72895362462041,1.15363665880705,0.851926186738204,0,-1.33767834122495,0,2.66650920281125,0,1.3060724973692,1.88511231560215,0.477943851673238,1.57843863770516,0.626143686125709,1.26234868104666,1.16845928829578,1.4691137666366,-0.625164167658336,-0.123646341955833,2.27149650210689,0.779181221510335,-0.625036328646411,2.07905396742245,2.21292344147513,1.56756477641133,-0.684746462799748,-1.15478722483496,-0.235144716457975,4.29536384187048,0.205223341441739,5.00110839529643,1.97154541388247,3.35857853624587,-0.150162682839167,0.693092355087156,-0.359515435063224,-0.57466294025908,-0.551624877979537,-0.252667176727403,-0.75092157018262,0.15804047666034,0.675722668684688,-0.358248530853331,1.24979378246872,1.15934430343727,0.339780531723689,0.522826689596927,-0.122788968249127,-0.410288243425013,0.830041471862194,0.751210108127635,-0.538949841922436
"2010-02-01",NA,0.00223510845046154,0.70739763899168,1.64486883568608,1.12243820427333,0,-1.33767834122495,0,0.972873013420749,0,1.96930361140707,0.498630003037994,1.05229981404878,2.09885718538453,1.11814559965844,0.539273986639916,1.29816324977303,2.19084729059052,-0.625148745445393,0.197877085189334,1.92016070243579,1.87610449435328,-0.462340637978318,1.87577530507713,2.10867447972172,1.93858065184641,-0.684746462799748,-1.15478722483496,-0.235144716457975,4.29536384187048,0.205223341441739,5.00110839529643,1.97154541388247,3.35857853624587,-0.150162682839167,0.693092355087156,-0.359515435063224,-0.57466294025908,-0.551624877979537,-0.252667176727403,-0.75092157018262,0.15804047666034,0.675722668684688,-0.358248530853331,1.24979378246872,1.15934430343727,0.339780531723689,0.522826689596927,-0.122788968249127,-0.410288243425013,0.830041471862194,0.751210108127635,-0.538949841922436
"2010-03-01",NA,0.00179100677907692,0.375641365102799,1.12156379149855,0.484148538135137,0,-1.02920573323156,0,0.406390975265273,0,1.30607198271392,0.456412538473734,0.644940837419681,1.54995357883541,0.68987439605103,0.34256055156434,0.918133406403662,1.39926091662581,-0.625170967311092,0.353431593723107,1.1843748211022,2.32611603128197,-0.468265077970378,1.8551906084179,1.74126653978962,1.53451142361193,-0.684746462799748,-1.15478722483496,-0.235144716457975,4.29536384187048,0.205223341441739,5.00110839529643,1.97154541388247,3.35857853624587,-0.150162682839167,0.693092355087156,-0.359515435063224,-0.57466294025908,-0.551624877979537,-0.252667176727403,-0.75092157018262,0.15804047666034,0.675722668684688,-0.358248530853331,1.24979378246872,1.15934430343727,0.339780531723689,0.522826689596927,-0.122788968249127,-0.410288243425013,0.830041471862194,0.751210108127635,-0.538949841922436
"2010-04-01",NA,0.00173322290215385,-0.438071366221907,0.142711686422777,-0.254233346865323,0,-1.14040908154252,0,-0.141313385044805,0,1.51240963658298,0.350743833426017,0.321761251231297,1.4552122666801,0.572559126160643,0.00917527279607471,0.206548743335004,1.05048687814221,-0.618202836946563,0.376081223383175,0.587334968875595,2.08732546617164,-0.71324104148998,1.72726559750525,1.40820938850612,1.4885900587055,-0.684746462799748,-1.15478722483496,-0.235144716457975,4.29536384187048,0.205223341441739,5.00110839529643,1.97154541388247,3.35857853624587,-0.150162682839167,0.693092355087156,-0.359515435063224,-0.57466294025908,-0.551624877979537,-0.252667176727403,-0.75092157018262,0.15804047666034,0.675722668684688,-0.358248530853331,1.24979378246872,1.15934430343727,0.339780531723689,0.522826689596927,-0.122788968249127,-0.410288243425013,0.830041471862194,0.751210108127635,-0.538949841922436
"2010-05-01",NA,0.00128140983138462,-0.968817793177456,-1.12048554520738,-1.3141263940962,0,0.00307686348779028,0,-0.762326345070034,0,1.3060724973692,-0.75743340804729,0.971163811886669,1.04248014117925,1.35552693187821,-0.919026433693617,-0.964320615688936,0.212735993289012,-0.352211558873474,0.342160408129729,0.126972891510018,1.7172534243916,0.986697392193255,1.3816804868016,0.731198272843789,1.01315821572509,-0.684746462799748,-1.15478722483496,-0.235144716457975,4.29536384187048,0.205223341441739,5.00110839529643,1.97154541388247,3.35857853624587,-0.150162682839167,0.693092355087156,-0.359515435063224,-0.57466294025908,-0.551624877979537,-0.252667176727403,-0.75092157018262,0.15804047666034,0.675722668684688,-0.358248530853331,1.24979378246872,1.15934430343727,0.339780531723689,0.522826689596927,-0.122788968249127,-0.410288243425013,0.830041471862194,0.751210108127635,-0.538949841922436
"2010-06-01",NA,0.00119353952492308,-1.41435933626097,-1.4547024451569,-1.44504082024809,0,0.116162923414686,0,-1.17983529548895,0,1.51240963658298,-1.11800727480866,1.26105550460212,0.963483344141101,1.58430748960316,-1.36777859876362,-1.32798400982511,-0.19736966184145,-0.0565287016643768,0.25461681757278,-0.373824386131656,1.23637310664142,1.41052657934857,0.95903464443376,0.192975758078278,0.971584222518027,-0.684746462799748,-1.15478722483496,-0.235144716457975,4.29536384187048,0.205223341441739,5.00110839529643,1.97154541388247,3.35857853624587,-0.150162682839167,0.693092355087156,-0.359515435063224,-0.57466294025908,-0.551624877979537,-0.252667176727403,-0.75092157018262,0.15804047666034,0.675722668684688,-0.358248530853331,1.24979378246872,1.15934430343727,0.339780531723689,0.522826689596927,-0.122788968249127,-0.410288243425013,0.830041471862194,0.751210108127635,-0.538949841922436
"2010-07-01",NA,0.00122672297353846,-1.11421625402242,-1.30465060588406,-1.02283593204838,0,1.34625619949716,0,-0.929072120705966,0,1.3060724973692,-1.04629074970444,1.63837511757907,0.818115179464403,1.8369215267422,-1.5849386711868,-1.44162159016019,-0.279249936061102,0.674061093770682,0.11136084988883,-0.630074662438311,0.738827689620942,2.04484161793053,0.418062393116507,-0.392752191686845,0.82035416197056,-0.684746462799748,-1.15478722483496,-0.235144716457975,4.29536384187048,0.205223341441739,5.00110839529643,1.97154541388247,3.35857853624587,-0.150162682839167,0.693092355087156,-0.359515435063224,-0.57466294025908,-0.551624877979537,-0.252667176727403,-0.75092157018262,0.15804047666034,0.675722668684688,-0.358248530853331,1.24979378246872,1.15934430343727,0.339780531723689,0.522826689596927,-0.122788968249127,-0.410288243425013,0.830041471862194,0.751210108127635,-0.538949841922436
"2010-08-01",NA,0.00107416698092308,-1.58870489514131,-1.02067896931959,-0.00217405425000422,0,2.42306883945245,0,-1.31535991362405,0,1.30590935164513,-1.22366698346947,2.98768730565202,1.0326888222624,2.79603583312098,-2.11988198312374,-1.49907694697674,0.290903475187124,1.58302310835428,-0.0111205730119094,-0.66865161071638,0.424266025398409,3.49435563910152,-0.164710585802876,-0.822208915315037,1.01596367530222,-0.684746462799748,-1.15478722483496,-0.235144716457975,4.29536384187048,0.205223341441739,5.00110839529643,1.97154541388247,3.35857853624587,-0.150162682839167,0.693092355087156,-0.359515435063224,-0.57466294025908,-0.551624877979537,-0.252667176727403,-0.75092157018262,0.15804047666034,0.675722668684688,-0.358248530853331,1.24979378246872,1.15934430343727,0.339780531723689,0.522826689596927,-0.122788968249127,-0.410288243425013,0.830041471862194,0.751210108127635,-0.538949841922436
"2010-09-01",NA,0.000877244366769231,-0.468601014499112,0.0909447813798943,0.947193705665703,0,3.22538870867492,0,-0.677119599791891,0,1.51177455196626,-1.25106653908242,3.63560301049864,1.33174344674172,3.20361943368727,-2.34323700915547,-1.60491989434268,0.888525113073611,2.53473536194265,-0.176860759698283,-1.04705102216872,0.068388733721686,3.83040109526239,-0.672275123311118,-1.4175114921373,1.42412112193324,-0.684746462799748,-1.15478722483496,-0.235144716457975,4.29536384187048,0.205223341441739,5.00110839529643,1.97154541388247,3.35857853624587,-0.150162682839167,0.693092355087156,-0.359515435063224,-0.57466294025908,-0.551624877979537,-0.252667176727403,-0.75092157018262,0.15804047666034,0.675722668684688,-0.358248530853331,1.24979378246872,1.15934430343727,0.339780531723689,0.522826689596927,-0.122788968249127,-0.410288243425013,0.830041471862194,0.751210108127635,-0.538949841922436
"2010-10-01",NA,0.000930277484307692,0.271656302671032,0.111236317923666,0.807656295336563,0,-0.566232934374468,0,-0.173651682201641,0,1.30607198271392,-0.272285527898353,0.366797596620846,1.33861071444992,0.490651705846387,0.616869370736942,0.466803538341576,1.15405312376552,-0.576483300911148,-0.333299181433829,-0.879150047649952,-0.225959813563311,-0.648428604052108,-0.49756269075237,-1.0819185810694,1.38674241045632,-0.684746462799748,-1.15478722483496,-0.235144716457975,4.29536384187048,0.205223341441739,5.00110839529643,1.97154541388247,3.35857853624587,-0.150162682839167,0.693092355087156,-0.359515435063224,-0.57466294025908,-0.551624877979537,-0.252667176727403,-0.75092157018262,0.15804047666034,0.675722668684688,-0.358248530853331,1.24979378246872,1.15934430343727,0.339780531723689,0.522826689596927,-0.122788968249127,-0.410288243425013,0.830041471862194,0.751210108127635,-0.538949841922436
"2010-11-01",NA,0.000899433747692308,0.413255246239529,0.389095409647694,1.11294143164853,0,-0.440670505091202,0,-0.175250973014885,0,1.51240963658298,0.619549119104973,0.723449829781724,1.57431578415795,0.794771865555844,0.993434078128648,1.33532807563079,1.47352595811537,-0.571025052461685,-0.463936125118773,-0.765700422764282,-0.464984382607894,-0.382017950526827,-0.34766423593353,-1.00635233480072,1.64503520425047,-0.684746462799748,-1.15478722483496,-0.235144716457975,4.29536384187048,0.205223341441739,5.00110839529643,1.97154541388247,3.35857853624587,-0.150162682839167,0.693092355087156,-0.359515435063224,-0.57466294025908,-0.551624877979537,-0.252667176727403,-0.75092157018262,0.15804047666034,0.675722668684688,-0.358248530853331,1.24979378246872,1.15934430343727,0.339780531723689,0.522826689596927,-0.122788968249127,-0.410288243425013,0.830041471862194,0.751210108127635,-0.538949841922436
"2010-12-01",NA,0.00100161641353846,1.37020111953141,0.848369704733925,0.86411755341684,0,-0.518949842098358,0,0.846061594390062,0,1.30607198271392,1.36868439735049,0.625582916423027,1.46661005405186,0.674306445152846,1.43103535221055,1.34004995979992,1.32233491133363,-0.527242676648489,-0.526755991441317,-0.204433415080852,-0.641223552545129,-0.411050079405989,0.118561862464459,-0.432577086365455,1.45555511679711,-0.684746462799748,-1.15478722483496,-0.235144716457975,4.29536384187048,0.205223341441739,5.00110839529643,1.97154541388247,3.35857853624587,-0.150162682839167,0.693092355087156,-0.359515435063224,-0.57466294025908,-0.551624877979537,-0.252667176727403,-0.75092157018262,0.15804047666034,0.675722668684688,-0.358248530853331,1.24979378246872,1.15934430343727,0.339780531723689,0.522826689596927,-0.122788968249127,-0.410288243425013,0.830041471862194,0.751210108127635,-0.538949841922436
"2011-01-01",NA,0.000935212209230769,1.54793789407009,1.20819345315877,1.00304101584963,0,-0.759058176639155,0,1.45787557295046,0,1.3060724973692,2.16126378062699,0.616729461464547,1.57843863770516,0.677891900349429,1.18603918280952,1.44099486805858,1.46902497685041,-0.625154401523783,-0.371178222033815,1.56532352186616,-0.456498703298976,-0.514234375958491,1.19493255839775,0.868224424172033,1.56755236907174,-0.684746462799748,-1.15478722483496,-0.235144716457975,4.29536384187048,0.205223341441739,5.00110839529643,1.97154541388247,3.35857853624587,-0.150162682839167,0.693092355087156,-0.359515435063224,-0.57466294025908,-0.551624877979537,-0.252667176727403,-0.75092157018262,0.15804047666034,0.675722668684688,-0.358248530853331,1.24979378246872,1.15934430343727,0.339780531723689,0.522826689596927,-0.122788968249127,-0.410288243425013,0.830041471862194,0.751210108127635,-0.538949841922436
"2011-02-01",NA,0.001430947584,1.0660455118664,1.17374038567517,0.689446443709453,0,-0.223581858931675,0,0.980136690686769,0,1.96930361140707,0.336122555402083,1.0021626746577,2.09885718538453,1.22235000098062,0.865442235005074,1.2182475931254,2.1909152478217,-0.62516074548944,-0.210157408173283,0.262380837921674,-0.283681438985024,-0.299147960077147,1.71201258630184,0.897179019248438,1.9385900574103,-0.684746462799748,-1.15478722483496,-0.235144716457975,4.29536384187048,0.205223341441739,5.00110839529643,1.97154541388247,3.35857853624587,-0.150162682839167,0.693092355087156,-0.359515435063224,-0.57466294025908,-0.551624877979537,-0.252667176727403,-0.75092157018262,0.15804047666034,0.675722668684688,-0.358248530853331,1.24979378246872,1.15934430343727,0.339780531723689,0.522826689596927,-0.122788968249127,-0.410288243425013,0.830041471862194,0.751210108127635,-0.538949841922436
"2011-03-01",NA,0.00287239945846154,1.56120970650946,0.645509702692651,-0.664405362019601,0,-1.32044932272794,0,2.46393218490682,0,1.30607198271392,2.17483896001009,0.648518413433363,1.54995357883541,0.637447908743448,0.77373564852527,0.00420024989096211,1.39924654934649,-0.625176052954721,0.0566280140000563,3.29768488579108,0.868016528054194,-0.57163971528181,2.03706537631514,2.20933086315819,1.53450942242813,-0.684746462799748,-1.15478722483496,-0.235144716457975,4.29536384187048,0.205223341441739,5.00110839529643,1.97154541388247,3.35857853624587,-0.150162682839167,0.693092355087156,-0.359515435063224,-0.57466294025908,-0.551624877979537,-0.252667176727403,-0.75092157018262,0.15804047666034,0.675722668684688,-0.358248530853331,1.24979378246872,1.15934430343727,0.339780531723689,0.522826689596927,-0.122788968249127,-0.410288243425013,0.830041471862194,0.751210108127635,-0.538949841922436
"2011-04-01",NA,0.00157623560861538,-0.238671883613608,0.302761303350063,-0.313397088280482,0,-1.31864866141191,0,-0.0424458900277448,0,1.51240963658298,-0.0899133210764187,0.209648245642807,1.4552122666801,0.483250211098973,0.189374273135708,0.228469773124725,1.05049664789215,-0.625176065613757,0.447870741070504,1.57067907704917,2.17715787955595,-0.845376679698659,1.71361648273837,1.81252666917229,1.48859145953416,-0.684746462799748,-1.15478722483496,-0.235144716457975,4.29536384187048,0.205223341441739,5.00110839529643,1.97154541388247,3.35857853624587,-0.150162682839167,0.693092355087156,-0.359515435063224,-0.57466294025908,-0.551624877979537,-0.252667176727403,-0.75092157018262,0.15804047666034,0.675722668684688,-0.358248530853331,1.24979378246872,1.15934430343727,0.339780531723689,0.522826689596927,-0.122788968249127,-0.410288243425013,0.830041471862194,0.751210108127635,-0.538949841922436
"2011-05-01",NA,0.00118493638892308,-1.49973896713001,-0.926960663552264,-1.14514224228345,0,-1.20241085145262,0,-1.27533110942429,0,1.3060724973692,-0.888571314277336,0.260963792878354,1.04248014117925,0.737757582507972,-1.02645207408465,-0.6673071325745,0.212781393891659,-0.585309356419595,0.419774190145119,-0.424653227807611,1.64618723338952,-0.0707184949818207,1.35002031130787,0.825693525174296,1.01316441939488,-0.684746462799748,-1.15478722483496,-0.235144716457975,4.29536384187048,0.205223341441739,5.00110839529643,1.97154541388247,3.35857853624587,-0.150162682839167,0.693092355087156,-0.359515435063224,-0.57466294025908,-0.551624877979537,-0.252667176727403,-0.75092157018262,0.15804047666034,0.675722668684688,-0.358248530853331,1.24979378246872,1.15934430343727,0.339780531723689,0.522826689596927,-0.122788968249127,-0.410288243425013,0.830041471862194,0.751210108127635,-0.538949841922436
"2011-06-01",NA,0.00116600326892308,-0.79464779323371,-1.73951006900778,-1.59482165285127,0,-0.74114269702664,0,-0.768530981930808,0,1.51240963658298,-0.927237754479677,0.566360592001494,0.963483344141101,1.03665364763647,-0.894713083681198,-1.10831394456543,-0.197208604640287,-0.546848912842027,0.235763879413896,-0.925616499210794,0.815271416072403,0.463576966962076,0.908395236860119,0.0481816184166594,0.971606835895031,-0.684746462799748,-1.15478722483496,-0.235144716457975,4.29536384187048,0.205223341441739,5.00110839529643,1.97154541388247,3.35857853624587,-0.150162682839167,0.693092355087156,-0.359515435063224,-0.57466294025908,-0.551624877979537,-0.252667176727403,-0.75092157018262,0.15804047666034,0.675722668684688,-0.358248530853331,1.24979378246872,1.15934430343727,0.339780531723689,0.522826689596927,-0.122788968249127,-0.410288243425013,0.830041471862194,0.751210108127635,-0.538949841922436
"2011-07-01",NA,0.00127452592246154,-0.810635243601418,-1.28662641336109,-1.17636498230282,0,-0.334899590834134,0,-0.52829869578029,0,1.3060724973692,-0.706478133619142,1.4202993591332,0.818115179464403,1.95627347897068,-0.958605892055013,-1.18504255492083,-0.279029829341939,0.141853613205505,0.0967181298752392,-0.458076728507519,0.357216217189991,2.16146677701626,0.53464000923641,-0.079146408794415,0.820384780082786,-0.684746462799748,-1.15478722483496,-0.235144716457975,4.29536384187048,0.205223341441739,5.00110839529643,1.97154541388247,3.35857853624587,-0.150162682839167,0.693092355087156,-0.359515435063224,-0.57466294025908,-0.551624877979537,-0.252667176727403,-0.75092157018262,0.15804047666034,0.675722668684688,-0.358248530853331,1.24979378246872,1.15934430343727,0.339780531723689,0.522826689596927,-0.122788968249127,-0.410288243425013,0.830041471862194,0.751210108127635,-0.538949841922436
"2011-08-01",NA,0.0013430016,-0.955990947627935,-0.693884171472714,-0.0857063687744122,0,0.409067937400147,0,-0.581405132957521,0,1.3060724973692,-0.914886145124103,2.44508792660032,1.03282324454297,2.50376260217101,-1.358541519153,-1.1310519089895,0.291002178396043,0.735412885309591,0.0539491367087157,0.0545640784858811,0.332591858148365,2.94627849813007,0.151077303031012,-0.324849972949598,1.01615078598804,-0.684746462799748,-1.15478722483496,-0.235144716457975,4.29536384187048,0.205223341441739,5.00110839529643,1.97154541388247,3.35857853624587,-0.150162682839167,0.693092355087156,-0.359515435063224,-0.57466294025908,-0.551624877979537,-0.252667176727403,-0.75092157018262,0.15804047666034,0.675722668684688,-0.358248530853331,1.24979378246872,1.15934430343727,0.339780531723689,0.522826689596927,-0.122788968249127,-0.410288243425013,0.830041471862194,0.751210108127635,-0.538949841922436
"2011-09-01",NA,0.00119481000369231,-1.21391679526705,-0.0397132601162324,1.01319765603222,0,0.952794031459476,0,-1.05445502440861,0,1.51240963658298,-1.15622407989223,3.16271760056026,1.3323063094911,3.07967486361223,-1.7971496931966,-1.07221953008756,0.888762747873542,0.870379361414427,0.00933090408058886,-0.358333342007346,0.378472705867961,3.67910351197032,-0.401309459590025,-0.846030126005387,1.42486216029646,-0.684746462799748,-1.15478722483496,-0.235144716457975,4.29536384187048,0.205223341441739,5.00110839529643,1.97154541388247,3.35857853624587,-0.150162682839167,0.693092355087156,-0.359515435063224,-0.57466294025908,-0.551624877979537,-0.252667176727403,-0.75092157018262,0.15804047666034,0.675722668684688,-0.358248530853331,1.24979378246872,1.15934430343727,0.339780531723689,0.522826689596927,-0.122788968249127,-0.410288243425013,0.830041471862194,0.751210108127635,-0.538949841922436
"2011-10-01",NA,0.001074980736,0.839098719063982,0.375743887785167,0.731467788869928,0,-0.16537899863883,0,0.265111136130035,0,1.30607198271392,-0.501876146452977,0.958112522009838,1.33861071444992,0.907807625727092,0.104524044089831,0.201948987969351,1.15402036636867,-0.201583092117351,-0.111632100673829,-0.722085091923903,0.145185788250972,0.0538800615700468,-0.577404053196054,-1.00751985879574,1.38673800785195,-0.684746462799748,-1.15478722483496,-0.235144716457975,4.29536384187048,0.205223341441739,5.00110839529643,1.97154541388247,3.35857853624587,-0.150162682839167,0.693092355087156,-0.359515435063224,-0.57466294025908,-0.551624877979537,-0.252667176727403,-0.75092157018262,0.15804047666034,0.675722668684688,-0.358248530853331,1.24979378246872,1.15934430343727,0.339780531723689,0.522826689596927,-0.122788968249127,-0.410288243425013,0.830041471862194,0.751210108127635,-0.538949841922436
"2011-11-01",NA,0.00102545324307692,0.114013792910425,0.406524658594961,1.2769582696,0,0.0226277492173971,0,-0.17251495220452,0,1.51240963658298,-0.0729900733635753,1.09974909479096,1.57431578415795,0.771947192691598,0.552740875076336,1.08213087815999,1.47341087620803,-0.570099773008541,-0.232577013637568,-0.744509197392697,-0.120612850023601,-0.359266903042816,-0.439831200636829,-0.918156130255281,1.64501919478002,-0.684746462799748,-1.15478722483496,-0.235144716457975,4.29536384187048,0.205223341441739,5.00110839529643,1.97154541388247,3.35857853624587,-0.150162682839167,0.693092355087156,-0.359515435063224,-0.57466294025908,-0.551624877979537,-0.252667176727403,-0.75092157018262,0.15804047666034,0.675722668684688,-0.358248530853331,1.24979378246872,1.15934430343727,0.339780531723689,0.522826689596927,-0.122788968249127,-0.410288243425013,0.830041471862194,0.751210108127635,-0.538949841922436
"2011-12-01",NA,0.000848111881846154,0.504483417916413,0.741377811731387,1.19303745855667,0,0.390378484982861,0,0.0447748839339843,0,1.30607198271392,1.32230602708286,1.54685697763446,1.46661005405186,0.741699983161678,0.107334946579485,0.944823803882706,1.32191754186942,-0.0558679588319194,-0.324581522867798,-0.317342837751383,-0.355671052382609,-0.181339778597556,-0.174602744094746,-0.789582434016854,1.45549688234837,-0.684746462799748,-1.15478722483496,-0.235144716457975,4.29536384187048,0.205223341441739,5.00110839529643,1.97154541388247,3.35857853624587,-0.150162682839167,0.693092355087156,-0.359515435063224,-0.57466294025908,-0.551624877979537,-0.252667176727403,-0.75092157018262,0.15804047666034,0.675722668684688,-0.358248530853331,1.24979378246872,1.15934430343727,0.339780531723689,0.522826689596927,-0.122788968249127,-0.410288243425013,0.830041471862194,0.751210108127635,-0.538949841922436
"2012-01-01",NA,0.000764210126769231,1.64406214142811,0.838069983632676,0.918076999105626,0,-0.229781092824441,0,1.29520620415194,0,1.3060724973692,1.87563218100124,0.91352975802194,1.57843863770516,0.708741982756118,1.00752519352676,1.05565073651877,1.46896520896844,-0.527353767136036,-0.173119635839901,1.69516858980984,-0.400567029345335,-0.418535506727706,0.809454208970932,-0.0306709055511363,1.56754436433651,-0.684746462799748,-1.15478722483496,-0.235144716457975,4.29536384187048,0.205223341441739,5.00110839529643,1.97154541388247,3.35857853624587,-0.150162682839167,0.693092355087156,-0.359515435063224,-0.57466294025908,-0.551624877979537,-0.252667176727403,-0.75092157018262,0.15804047666034,0.675722668684688,-0.358248530853331,1.24979378246872,1.15934430343727,0.339780531723689,0.522826689596927,-0.122788968249127,-0.410288243425013,0.830041471862194,0.751210108127635,-0.538949841922436
"2012-02-01",NA,0.000914192551384615,0.207104985959176,1.4160778963641,1.18081008439021,0,-0.482592840285315,0,-0.199651332944623,0,1.96930361140707,0.110132610211498,1.23195693351428,2.09885718538453,1.18148243117636,0.238038086256031,1.18442376326101,2.19072703646262,-0.616475536841916,0.0340791814594905,0.438292713048894,-0.519299017924269,-0.278058004335344,1.36645225225413,-0.0645686390717804,1.93856384190244,-0.684746462799748,-1.15478722483496,-0.235144716457975,4.29536384187048,0.205223341441739,5.00110839529643,1.97154541388247,3.35857853624587,-0.150162682839167,0.693092355087156,-0.359515435063224,-0.57466294025908,-0.551624877979537,-0.252667176727403,-0.75092157018262,0.15804047666034,0.675722668684688,-0.358248530853331,1.24979378246872,1.15934430343727,0.339780531723689,0.522826689596927,-0.122788968249127,-0.410288243425013,0.830041471862194,0.751210108127635,-0.538949841922436
"2012-03-01",NA,0.00106247453538462,-0.401810144433278,0.853691830621967,0.503423670031097,0,0.278437916849781,0,-0.624954424945009,0,1.3060724973692,-0.433516425078077,1.27984928635779,1.54995357883541,1.20856480468822,-0.00236262742999945,0.541304784991218,1.39906839508294,0.433992819509191,0.0327817416136122,-0.482179050179478,-0.706750638205811,0.376125853620906,1.21841675105927,-0.51301437298306,1.53448440763056,-0.684746462799748,-1.15478722483496,-0.235144716457975,4.29536384187048,0.205223341441739,5.00110839529643,1.97154541388247,3.35857853624587,-0.150162682839167,0.693092355087156,-0.359515435063224,-0.57466294025908,-0.551624877979537,-0.252667176727403,-0.75092157018262,0.15804047666034,0.675722668684688,-0.358248530853331,1.24979378246872,1.15934430343727,0.339780531723689,0.522826689596927,-0.122788968249127,-0.410288243425013,0.830041471862194,0.751210108127635,-0.538949841922436
"2012-04-01",NA,0.00100330870153846,0.112907875202185,0.205298302621265,-0.398488041533529,0,0.341497168595452,0,-0.432041854284066,0,1.51240963658298,-0.487358434343794,0.574391904396228,1.4552122666801,0.934897670771648,0.199929569086305,-0.141152059315866,1.05047969450255,0.322085791152705,-0.0251391262470578,-0.654047492997345,-0.849023958457386,-0.166500154505738,0.941797618983673,-0.844584675481676,1.48858925823198,-0.684746462799748,-1.15478722483496,-0.235144716457975,4.29536384187048,0.205223341441739,5.00110839529643,1.97154541388247,3.35857853624587,-0.150162682839167,0.693092355087156,-0.359515435063224,-0.57466294025908,-0.551624877979537,-0.252667176727403,-0.75092157018262,0.15804047666034,0.675722668684688,-0.358248530853331,1.24979378246872,1.15934430343727,0.339780531723689,0.522826689596927,-0.122788968249127,-0.410288243425013,0.830041471862194,0.751210108127635,-0.538949841922436
"2012-05-01",NA,0.000989163470769231,-0.756849525817232,-0.83364523296219,-1.32809952455444,0,-0.397088076132427,0,-0.777454282450782,0,1.3060724973692,-0.501302634464044,-0.19804419108533,1.04248014117925,0.279725215763745,0.656347310115501,-0.539598668511333,0.212904521475421,-0.619991025209522,-0.10819078363242,-0.74732060307977,-0.988083743764537,-0.797507240565709,0.77756414374549,-0.586893291246986,1.01318142945723,-0.684746462799748,-1.15478722483496,-0.235144716457975,4.29536384187048,0.205223341441739,5.00110839529643,1.97154541388247,3.35857853624587,-0.150162682839167,0.693092355087156,-0.359515435063224,-0.57466294025908,-0.551624877979537,-0.252667176727403,-0.75092157018262,0.15804047666034,0.675722668684688,-0.358248530853331,1.24979378246872,1.15934430343727,0.339780531723689,0.522826689596927,-0.122788968249127,-0.410288243425013,0.830041471862194,0.751210108127635,-0.538949841922436
"2012-06-01",NA,0.00101186868184615,-0.000527804005576975,-1.31101995170958,-1.86360035488394,0,-0.645162181230633,0,0.314910981542412,0,1.51240963658298,0.176359466337302,-0.00598368010749954,0.963483344141101,0.374447931450674,0.852156512039914,-1.01955396184793,-0.197168088912608,-0.598907444847065,-0.155745055433691,-0.0613866072656003,-0.973357304569384,-0.5968319226841,0.830005974631753,-0.0724047717339492,0.971612239091306,-0.684746462799748,-1.15478722483496,-0.235144716457975,4.29536384187048,0.205223341441739,5.00110839529643,1.97154541388247,3.35857853624587,-0.150162682839167,0.693092355087156,-0.359515435063224,-0.57466294025908,-0.551624877979537,-0.252667176727403,-0.75092157018262,0.15804047666034,0.675722668684688,-0.358248530853331,1.24979378246872,1.15934430343727,0.339780531723689,0.522826689596927,-0.122788968249127,-0.410288243425013,0.830041471862194,0.751210108127635,-0.538949841922436
"2012-07-01",NA,0.00109962706707692,-1.19511183455136,-1.56591302896899,-1.27784622035136,0,-0.285386707218793,0,-0.984663535462235,0,1.30606066029774,-0.597823150094478,0.308284965249674,0.818112002210499,0.788259611041498,-0.657464942528821,-1.0322432634866,-0.279201518329797,-0.127404264329443,-0.106075336393674,-0.0975330248977325,-0.739637836931943,0.230555430822244,0.639605841690665,-0.0640141814613981,0.820353361497038,-0.684746462799748,-1.15478722483496,-0.235144716457975,4.29536384187048,0.205223341441739,5.00110839529643,1.97154541388247,3.35857853624587,-0.150162682839167,0.693092355087156,-0.359515435063224,-0.57466294025908,-0.551624877979537,-0.252667176727403,-0.75092157018262,0.15804047666034,0.675722668684688,-0.358248530853331,1.24979378246872,1.15934430343727,0.339780531723689,0.522826689596927,-0.122788968249127,-0.410288243425013,0.830041471862194,0.751210108127635,-0.538949841922436
"2012-08-01",NA,0.00106152838892308,-1.62970005267597,-0.385849899321608,0.31125636015775,0,2.31887462288227,0,-1.35511489787059,0,1.30597342622761,-1.04606785116956,2.52603097800862,1.03279562687442,2.69003190941441,-2.00945145736253,-1.13473173310813,0.244743705500812,3.53447350670818,-0.139691175747093,-0.676664791999501,-0.680321501492645,3.18960995415002,-0.00450974654062426,-0.762472387307874,1.00964613814619,-0.684746462799748,-1.15478722483496,-0.235144716457975,4.29536384187048,0.205223341441739,5.00110839529643,1.97154541388247,3.35857853624587,-0.150162682839167,0.693092355087156,-0.359515435063224,-0.57466294025908,-0.551624877979537,-0.252667176727403,-0.75092157018262,0.15804047666034,0.675722668684688,-0.358248530853331,1.24979378246872,1.15934430343727,0.339780531723689,0.522826689596927,-0.122788968249127,-0.410288243425013,0.830041471862194,0.751210108127635,-0.538949841922436
"2012-09-01",NA,0.000832840438153846,-0.741655336422672,0.439458639654409,1.15138296496457,0,2.35523222683306,0,-1.00342040651345,0,1.51218164429351,-1.21297414819587,2.94500168055723,1.33215429011198,2.77446435991968,-1.87296205450521,-0.981370966395534,0.837211512950093,2.78277043789675,-0.2663905704177,-1.07452973570655,-0.829076909351963,3.13635103549315,-0.595103994395128,-1.48289725477373,1.41746858660814,-0.684746462799748,-1.15478722483496,-0.235144716457975,4.29536384187048,0.205223341441739,5.00110839529643,1.97154541388247,3.35857853624587,-0.150162682839167,0.693092355087156,-0.359515435063224,-0.57466294025908,-0.551624877979537,-0.252667176727403,-0.75092157018262,0.15804047666034,0.675722668684688,-0.358248530853331,1.24979378246872,1.15934430343727,0.339780531723689,0.522826689596927,-0.122788968249127,-0.410288243425013,0.830041471862194,0.751210108127635,-0.538949841922436
"2012-10-01",NA,0.000783863601230769,-0.458129633678561,1.16584812057497,1.52145143826361,0,0.953234419953176,0,-0.844550056942006,0,1.30607198271392,-0.970634221646237,1.22744602653951,1.33861071444992,1.36948561440292,-0.390488765515535,0.0866929035965317,1.15379853557599,0.66225201123216,-0.408508047559597,-1.06989084816342,-1.00668500230457,0.781684308078202,-0.829612533855042,-1.87401383933769,1.38670698950296,-0.684746462799748,-1.15478722483496,-0.235144716457975,4.29536384187048,0.205223341441739,5.00110839529643,1.97154541388247,3.35857853624587,-0.150162682839167,0.693092355087156,-0.359515435063224,-0.57466294025908,-0.551624877979537,-0.252667176727403,-0.75092157018262,0.15804047666034,0.675722668684688,-0.358248530853331,1.24979378246872,1.15934430343727,0.339780531723689,0.522826689596927,-0.122788968249127,-0.410288243425013,0.830041471862194,0.751210108127635,-0.538949841922436
"2012-11-01",NA,0.000731438385230769,0.360394499627885,0.836977621233476,1.22901096178721,0,-0.00702550253927317,0,-0.42708589741422,0,1.51240963658298,-0.0125125379084771,1.09335544666451,1.57431578415795,0.930050906006124,0.665521641812107,0.960922600705662,1.47342265737707,0.0216548189234911,-0.530623757834458,-0.962272300315436,-1.14536859502735,-0.142281170810225,-0.828151965668705,-1.77431612799433,1.64502059560869,-0.684746462799748,-1.15478722483496,-0.235144716457975,4.29536384187048,0.205223341441739,5.00110839529643,1.97154541388247,3.35857853624587,-0.150162682839167,0.693092355087156,-0.359515435063224,-0.57466294025908,-0.551624877979537,-0.252667176727403,-0.75092157018262,0.15804047666034,0.675722668684688,-0.358248530853331,1.24979378246872,1.15934430343727,0.339780531723689,0.522826689596927,-0.122788968249127,-0.410288243425013,0.830041471862194,0.751210108127635,-0.538949841922436
"2012-12-01",NA,0.000682988366769231,0.681371815583145,1.44542134822757,1.33254796441457,0,0.295013113107774,0,-0.057412438583493,0,1.30607198271392,0.491657342622712,0.989273017819738,1.46661005405186,0.763990169383495,0.76295148848585,1.22309705827674,1.32219799116172,0.383726595704016,-0.641901193221489,-0.94331259704724,-1.26496880965394,-0.261515606968089,-0.640562885477056,-1.71337416634849,1.45553610555096,-0.684746462799748,-1.15478722483496,-0.235144716457975,4.29536384187048,0.205223341441739,5.00110839529643,1.97154541388247,3.35857853624587,-0.150162682839167,0.693092355087156,-0.359515435063224,-0.57466294025908,-0.551624877979537,-0.252667176727403,-0.75092157018262,0.15804047666034,0.675722668684688,-0.358248530853331,1.24979378246872,1.15934430343727,0.339780531723689,0.522826689596927,-0.122788968249127,-0.410288243425013,0.830041471862194,0.751210108127635,-0.538949841922436
"2013-01-01",NA,0.000695035982769231,1.05063181880519,0.893508333604809,0.789943746809762,0,0.930084255849153,0,0.544554080093528,0,1.3060724973692,1.70657195551281,0.90537664283654,1.57843863770516,0.694643897522948,1.05796163521803,1.1693747586693,1.46891851531066,-0.625156938012893,-0.693082869054015,-0.135719935132991,-1.33357510128305,-0.437844448357648,0.0173752541127062,-0.845469156308976,1.5675373601932,-0.684746462799748,-1.15478722483496,-0.235144716457975,4.29536384187048,0.205223341441739,5.00110839529643,1.97154541388247,3.35857853624587,-0.150162682839167,0.693092355087156,-0.359515435063224,-0.57466294025908,-0.551624877979537,-0.252667176727403,-0.75092157018262,0.15804047666034,0.675722668684688,-0.358248530853331,1.24979378246872,1.15934430343727,0.339780531723689,0.522826689596927,-0.122788968249127,-0.410288243425013,0.830041471862194,0.751210108127635,-0.538949841922436
"2013-02-01",NA,0.000676434284307692,1.07204746525876,1.25076918264627,0.890644957481579,0,1.06094271240676,0,0.53823796529536,0,1.96930361140707,1.0037791233961,1.39341173464591,2.09885718538453,1.08150833217073,1.01973616715978,1.25290560633501,2.19066956734535,-0.612103541002423,-0.587086944274658,0.379968583418605,-1.17224787671327,-0.4342347817581,0.78318185844458,-0.0403457722182052,1.93855583716722,-0.684746462799748,-1.15478722483496,-0.235144716457975,4.29536384187048,0.205223341441739,5.00110839529643,1.97154541388247,3.35857853624587,-0.150162682839167,0.693092355087156,-0.359515435063224,-0.57466294025908,-0.551624877979537,-0.252667176727403,-0.75092157018262,0.15804047666034,0.675722668684688,-0.358248530853331,1.24979378246872,1.15934430343727,0.339780531723689,0.522826689596927,-0.122788968249127,-0.410288243425013,0.830041471862194,0.751210108127635,-0.538949841922436
"2013-03-01",NA,0.000889725755076923,1.00665465116304,0.688596904788893,0.0895866792549999,0,0.532643838993409,0,0.7109999001914,0,1.3060724973692,0.731054422058106,0.802454861118697,1.54995357883541,0.644768414024232,1.23864029999793,0.758306256590342,1.3992063209644,-0.610613746934258,-0.527199240312967,0.197443368138569,-1.07443896586324,-0.512844222364751,1.37149257678121,0.30662724175809,1.53450381911347,-0.684746462799748,-1.15478722483496,-0.235144716457975,4.29536384187048,0.205223341441739,5.00110839529643,1.97154541388247,3.35857853624587,-0.150162682839167,0.693092355087156,-0.359515435063224,-0.57466294025908,-0.551624877979537,-0.252667176727403,-0.75092157018262,0.15804047666034,0.675722668684688,-0.358248530853331,1.24979378246872,1.15934430343727,0.339780531723689,0.522826689596927,-0.122788968249127,-0.410288243425013,0.830041471862194,0.751210108127635,-0.538949841922436
"2013-04-01",NA,0.00156390974030769,-0.081121447001803,-0.0700409028196906,-0.516416306514271,0,-0.425451624105207,0,0.125743270713222,0,1.51240963658298,0.571390354658036,0.281174228316668,1.4552122666801,0.477382146144644,0.666456164860788,0.195638140658126,1.05049664789215,-0.625176068221209,-0.381254057171577,0.872244838486432,-0.383248862606621,-0.845376679698659,1.6949643652426,1.2592486766591,1.48859145953416,-0.684746462799748,-1.15478722483496,-0.235144716457975,4.29536384187048,0.205223341441739,5.00110839529643,1.97154541388247,3.35857853624587,-0.150162682839167,0.693092355087156,-0.359515435063224,-0.57466294025908,-0.551624877979537,-0.252667176727403,-0.75092157018262,0.15804047666034,0.675722668684688,-0.358248530853331,1.24979378246872,1.15934430343727,0.339780531723689,0.522826689596927,-0.122788968249127,-0.410288243425013,0.830041471862194,0.751210108127635,-0.538949841922436
"2013-05-01",NA,0.00109690923323077,-0.520811649485811,-0.721231134085718,-1.20557059499155,0,-0.0596933621399851,0,-0.364528527740042,0,1.3060724973692,-0.766905866550159,0.391459561487147,1.04248014117925,0.815115783932077,-0.935774961511219,-0.80818825870311,0.212853948652218,0.398678149824331,-0.355063605621362,-0.552937218982203,-0.263387581758723,0.0538040790970254,1.19010267863189,0.48881447711587,1.01317422519553,-0.684746462799748,-1.15478722483496,-0.235144716457975,4.29536384187048,0.205223341441739,5.00110839529643,1.97154541388247,3.35857853624587,-0.150162682839167,0.693092355087156,-0.359515435063224,-0.57466294025908,-0.551624877979537,-0.252667176727403,-0.75092157018262,0.15804047666034,0.675722668684688,-0.358248530853331,1.24979378246872,1.15934430343727,0.339780531723689,0.522826689596927,-0.122788968249127,-0.410288243425013,0.830041471862194,0.751210108127635,-0.538949841922436
"2013-06-01",NA,0.00164810596430769,0.237151310200707,-1.15476144982234,-1.95477313466217,0,-0.459164262741163,0,1.22912266385707,0,1.51240963658298,0.0620715778448014,0.25861675083871,0.963483344141101,0.418646809532548,0.436562538362146,-1.10010068340058,-0.197224695993124,-0.595054648058663,-0.407162793695495,0.132133332841074,-0.537005791959903,-0.484911049120049,1.32936755725195,0.66916972312928,0.971604634592845,-0.684746462799748,-1.15478722483496,-0.235144716457975,4.29536384187048,0.205223341441739,5.00110839529643,1.97154541388247,3.35857853624587,-0.150162682839167,0.693092355087156,-0.359515435063224,-0.57466294025908,-0.551624877979537,-0.252667176727403,-0.75092157018262,0.15804047666034,0.675722668684688,-0.358248530853331,1.24979378246872,1.15934430343727,0.339780531723689,0.522826689596927,-0.122788968249127,-0.410288243425013,0.830041471862194,0.751210108127635,-0.538949841922436
"2013-07-01",NA,0.00132037906707692,-1.23645519817587,-1.4123613712959,-1.28494080804396,0,-0.467482118291876,0,-0.923113461548095,0,1.3060724973692,-0.527779446331643,0.388138097122174,0.818115179464403,0.919810396193681,-0.791481095543558,-1.04598919736255,-0.279095344135632,-0.384958677145187,-0.244909153527227,0.996222408535181,-0.124891192183352,0.450794302805957,0.992465253127375,0.764411307033491,0.82037557463728,-0.684746462799748,-1.15478722483496,-0.235144716457975,4.29536384187048,0.205223341441739,5.00110839529643,1.97154541388247,3.35857853624587,-0.150162682839167,0.693092355087156,-0.359515435063224,-0.57466294025908,-0.551624877979537,-0.252667176727403,-0.75092157018262,0.15804047666034,0.675722668684688,-0.358248530853331,1.24979378246872,1.15934430343727,0.339780531723689,0.522826689596927,-0.122788968249127,-0.410288243425013,0.830041471862194,0.751210108127635,-0.538949841922436
"2013-08-01",NA,0.00111844862030769,-1.46767812478954,-1.20658329238939,-0.147153753616905,0,1.56968385077365,0,-1.24801049959124,0,1.3060724973692,-1.06019119606586,2.00882742826431,1.03282324454297,2.31184638930165,-1.90746996373084,-1.1244785640552,0.290990828245382,2.4549946567565,-0.202726851287028,-0.28562088156938,0.0490929657951048,2.51678720116632,0.423014588019288,-0.115231738071458,1.016149185041,-0.684746462799748,-1.15478722483496,-0.235144716457975,4.29536384187048,0.205223341441739,5.00110839529643,1.97154541388247,3.35857853624587,-0.150162682839167,0.693092355087156,-0.359515435063224,-0.57466294025908,-0.551624877979537,-0.252667176727403,-0.75092157018262,0.15804047666034,0.675722668684688,-0.358248530853331,1.24979378246872,1.15934430343727,0.339780531723689,0.522826689596927,-0.122788968249127,-0.410288243425013,0.830041471862194,0.751210108127635,-0.538949841922436
"2013-09-01",NA,0.00116009749661538,-0.514399126644086,-0.0809091634152597,0.689049349897082,0,1.46847096871646,0,-0.650872972765134,0,1.5124091219277,-1.0003376659726,2.27166418843144,1.3323063094911,2.35768511229447,-1.58782482015871,-0.941737592271237,0.888867054321396,1.67755433089,-0.31027479325254,-0.817476268368261,-0.118168937942326,2.38255368082249,-0.153806975417182,-0.83033018431543,1.42487636870148,-0.684746462799748,-1.15478722483496,-0.235144716457975,4.29536384187048,0.205223341441739,5.00110839529643,1.97154541388247,3.35857853624587,-0.150162682839167,0.693092355087156,-0.359515435063224,-0.57466294025908,-0.551624877979537,-0.252667176727403,-0.75092157018262,0.15804047666034,0.675722668684688,-0.358248530853331,1.24979378246872,1.15934430343727,0.339780531723689,0.522826689596927,-0.122788968249127,-0.410288243425013,0.830041471862194,0.751210108127635,-0.538949841922436
"2013-10-01",NA,0.00107425222892308,-0.136478647851333,0.398344077960937,0.998901874208347,0,-0.21899213923294,0,-0.294442130628016,0,1.30606940943751,-0.534091501749634,0.644916666028954,1.33860949242919,0.657011741837578,0.136367972770821,0.353395742557205,1.15404708950821,0.378069026129174,-0.410977576987361,-0.524485731315012,-0.219946091081988,-0.36156563878218,-0.238394792430765,-0.897836793826477,1.38673940868061,-0.684746462799748,-1.15478722483496,-0.235144716457975,4.29536384187048,0.205223341441739,5.00110839529643,1.97154541388247,3.35857853624587,-0.150162682839167,0.693092355087156,-0.359515435063224,-0.57466294025908,-0.551624877979537,-0.252667176727403,-0.75092157018262,0.15804047666034,0.675722668684688,-0.358248530853331,1.24979378246872,1.15934430343727,0.339780531723689,0.522826689596927,-0.122788968249127,-0.410288243425013,0.830041471862194,0.751210108127635,-0.538949841922436
"2013-11-01",NA,0.000933759537230769,0.427382475027037,0.758168252258067,1.24043221326274,0,0.48404086077891,0,-0.219416570960818,0,1.51240963658298,-0.253770073225737,1.18456881689995,1.57431578415795,0.947305388571388,0.393161260152466,0.970968190444872,1.47343630629242,0.767463730502809,-0.520451002389485,-0.898013187816312,-0.380047921003696,-0.0960158635668883,-0.351448791721488,-1.2038527404533,1.64502279691087,-0.684746462799748,-1.15478722483496,-0.235144716457975,4.29536384187048,0.205223341441739,5.00110839529643,1.97154541388247,3.35857853624587,-0.150162682839167,0.693092355087156,-0.359515435063224,-0.57466294025908,-0.551624877979537,-0.252667176727403,-0.75092157018262,0.15804047666034,0.675722668684688,-0.358248530853331,1.24979378246872,1.15934430343727,0.339780531723689,0.522826689596927,-0.122788968249127,-0.410288243425013,0.830041471862194,0.751210108127635,-0.538949841922436
"2013-12-01",NA,0.000841075731692308,0.375645284811132,1.06222785841629,1.26667823297037,0,-0.0651181716246713,0,-0.173143967374068,0,1.30607198271392,1.03166270304703,1.22286365632258,1.46661005405186,0.888914832557423,0.588842287984225,1.19298417951499,1.32208535169186,0.143514198490849,-0.632892773733822,-0.590585562829271,-0.629854355290665,-0.0138599250761435,-0.129577601306075,-1.03445570720347,1.45552049631727,-0.684746462799748,-1.15478722483496,-0.235144716457975,4.29536384187048,0.205223341441739,5.00110839529643,1.97154541388247,3.35857853624587,-0.150162682839167,0.693092355087156,-0.359515435063224,-0.57466294025908,-0.551624877979537,-0.252667176727403,-0.75092157018262,0.15804047666034,0.675722668684688,-0.358248530853331,1.24979378246872,1.15934430343727,0.339780531723689,0.522826689596927,-0.122788968249127,-0.410288243425013,0.830041471862194,0.751210108127635,-0.538949841922436
"2014-01-01",NA,0.000805027702153846,0.105873478634321,1.41453538696452,1.35069573827877,0,0.441936002580658,0,-0.37270410905876,0,1.3060724973692,0.187926731995187,1.13010815135873,1.57843863770516,1.01940563107734,0.695794640755514,1.34710636776944,1.46896520896844,0.773433990565756,-0.708542304189714,-0.738198366687138,-0.843099282511349,0.0615051473937594,0.110147835558074,-1.04783409022445,1.56754416421813,-0.684746462799748,-1.15478722483496,-0.235144716457975,4.29536384187048,0.205223341441739,5.00110839529643,1.97154541388247,3.35857853624587,-0.150162682839167,0.693092355087156,-0.359515435063224,-0.57466294025908,-0.551624877979537,-0.252667176727403,-0.75092157018262,0.15804047666034,0.675722668684688,-0.358248530853331,1.24979378246872,1.15934430343727,0.339780531723689,0.522826689596927,-0.122788968249127,-0.410288243425013,0.830041471862194,0.751210108127635,-0.538949841922436
"2014-02-01",NA,0.000753845494153846,0.31974488438129,1.56644445525214,1.43052403535467,0,1.56718972096409,0,-0.379980386599789,0,1.96930361140707,-0.441788725652449,2.23155723035526,2.09885718538453,2.30158231692449,-0.118630877313663,0.663774795733497,2.19057761675771,1.38636394493233,-0.806897031948476,-0.967684265686837,-1.03354275920113,1.47005376564302,0.0652955021038833,-1.44807875880363,1.93854302959086,-0.684746462799748,-1.15478722483496,-0.235144716457975,4.29536384187048,0.205223341441739,5.00110839529643,1.97154541388247,3.35857853624587,-0.150162682839167,0.693092355087156,-0.359515435063224,-0.57466294025908,-0.551624877979537,-0.252667176727403,-0.75092157018262,0.15804047666034,0.675722668684688,-0.358248530853331,1.24979378246872,1.15934430343727,0.339780531723689,0.522826689596927,-0.122788968249127,-0.410288243425013,0.830041471862194,0.751210108127635,-0.538949841922436
"2014-03-01",NA,0.000805198818461538,0.810365977078294,0.736733674513726,0.312825720217033,0,-0.251491545578698,0,0.334848284120934,0,1.3060724973692,0.823352592496467,0.553123497695071,1.54995357883541,0.659796179427124,1.32540874042746,0.914543394538247,1.39933160364006,-0.625169118919269,-0.899483063021978,-0.676281392095031,-1.14925734743091,-0.523517411453591,0.503652566995782,-0.668104353229415,1.53452122941258,-0.684746462799748,-1.15478722483496,-0.235144716457975,4.29536384187048,0.205223341441739,5.00110839529643,1.97154541388247,3.35857853624587,-0.150162682839167,0.693092355087156,-0.359515435063224,-0.57466294025908,-0.551624877979537,-0.252667176727403,-0.75092157018262,0.15804047666034,0.675722668684688,-0.358248530853331,1.24979378246872,1.15934430343727,0.339780531723689,0.522826689596927,-0.122788968249127,-0.410288243425013,0.830041471862194,0.751210108127635,-0.538949841922436
"2014-04-01",NA,0.000933823340307692,0.0134873931182493,0.226386220329368,-0.403648743924921,0,-0.431834811079259,0,-0.120691292016007,0,1.51240963658298,0.355552294760004,0.306446363159334,1.4552122666801,0.492033239292045,1.03940610776682,0.236294145250561,1.05049664789215,-0.625176069363964,-0.930359288358202,-0.271645751165796,-1.10358621010735,-0.795295153975204,0.808086161208681,-0.291638566781403,1.48859145953416,-0.684746462799748,-1.15478722483496,-0.235144716457975,4.29536384187048,0.205223341441739,5.00110839529643,1.97154541388247,3.35857853624587,-0.150162682839167,0.693092355087156,-0.359515435063224,-0.57466294025908,-0.551624877979537,-0.252667176727403,-0.75092157018262,0.15804047666034,0.675722668684688,-0.358248530853331,1.24979378246872,1.15934430343727,0.339780531723689,0.522826689596927,-0.122788968249127,-0.410288243425013,0.830041471862194,0.751210108127635,-0.538949841922436
"2014-05-01",NA,0.00107493474461538,-0.742202215729173,-0.794763945507087,-1.24340576625839,0,-0.0553705399969935,0,-0.504750288738874,0,1.3060724973692,-0.571200983634401,0.506286488789323,1.04248014117925,0.866951782408531,-0.242506355248668,-0.851724599751751,0.21290811329525,0.125196859860047,-0.929563249568301,-0.359099928447553,-1.02366547099924,0.211431838640813,0.628961288492413,-0.276934741679227,1.01318182969399,-0.684746462799748,-1.15478722483496,-0.235144716457975,4.29536384187048,0.205223341441739,5.00110839529643,1.97154541388247,3.35857853624587,-0.150162682839167,0.693092355087156,-0.359515435063224,-0.57466294025908,-0.551624877979537,-0.252667176727403,-0.75092157018262,0.15804047666034,0.675722668684688,-0.358248530853331,1.24979378246872,1.15934430343727,0.339780531723689,0.522826689596927,-0.122788968249127,-0.410288243425013,0.830041471862194,0.751210108127635,-0.538949841922436
"2014-06-01",NA,0.00148285227323077,-0.61000713241584,-1.05342301134198,-1.59399823442882,0,0.467218185907469,0,0.303214222507365,0,1.51240963658298,-0.550380826581973,1.28323117919959,0.963483344141101,1.50337249085509,-0.638559837776155,-1.50998120530019,-0.197302710319824,0.821470733529487,-0.864258346568839,0.831381786486617,-0.741157254843965,1.31398530783882,0.569900640555594,-0.0958113020890167,0.971593628081914,-0.684746462799748,-1.15478722483496,-0.235144716457975,4.29536384187048,0.205223341441739,5.00110839529643,1.97154541388247,3.35857853624587,-0.150162682839167,0.693092355087156,-0.359515435063224,-0.57466294025908,-0.551624877979537,-0.252667176727403,-0.75092157018262,0.15804047666034,0.675722668684688,-0.358248530853331,1.24979378246872,1.15934430343727,0.339780531723689,0.522826689596927,-0.122788968249127,-0.410288243425013,0.830041471862194,0.751210108127635,-0.538949841922436
"2014-07-01",NA,0.00123891024738462,-0.602905260868816,-1.37201806430222,-1.41685717288799,0,0.415836341996955,0,-0.380667954920493,0,1.3060724973692,-1.14037049644121,1.0212993748827,0.818115179464403,1.42043226305298,-0.99035053364035,-1.57190407736563,-0.27909160864301,1.3096149650445,-0.725772150270485,0.381158943868976,-0.33247768991907,1.29886016442613,0.121612213802296,-0.391481172038883,0.820376375110803,-0.684746462799748,-1.15478722483496,-0.235144716457975,4.29536384187048,0.205223341441739,5.00110839529643,1.97154541388247,3.35857853624587,-0.150162682839167,0.693092355087156,-0.359515435063224,-0.57466294025908,-0.551624877979537,-0.252667176727403,-0.75092157018262,0.15804047666034,0.675722668684688,-0.358248530853331,1.24979378246872,1.15934430343727,0.339780531723689,0.522826689596927,-0.122788968249127,-0.410288243425013,0.830041471862194,0.751210108127635,-0.538949841922436
"2014-08-01",NA,0.00108825035815385,-1.41297314340811,-0.3859716987938,0.0669775169624061,0,1.3994518328319,0,-1.19844742678172,0,1.30606838012695,-1.21205052169925,2.11052645289035,1.03282177811809,2.11222971109628,-1.22222894552897,-0.935153838632095,0.291060365877284,2.30144599294356,-0.721012717050995,-0.452120658881015,-0.32259772228282,2.2840638344554,-0.35384836380516,-0.78667897394638,1.01615618918432,-0.684746462799748,-1.15478722483496,-0.235144716457975,4.29536384187048,0.205223341441739,5.00110839529643,1.97154541388247,3.35857853624587,-0.150162682839167,0.693092355087156,-0.359515435063224,-0.57466294025908,-0.551624877979537,-0.252667176727403,-0.75092157018262,0.15804047666034,0.675722668684688,-0.358248530853331,1.24979378246872,1.15934430343727,0.339780531723689,0.522826689596927,-0.122788968249127,-0.410288243425013,0.830041471862194,0.751210108127635,-0.538949841922436
"2014-09-01",NA,0.000960188366769231,0.0767945624075899,0.503678050175914,0.775807166631503,0,2.27872633602118,0,-0.0280519822122929,0,1.51240294606432,-0.909601151623815,2.26073441100946,1.33230533187452,2.30419940550788,-0.874457942254113,-0.864969428837436,0.888885013420544,2.16231458244204,-0.830241903278945,-0.833712912932565,-0.519194519984164,2.31379993448295,-0.758464641361339,-1.20502607881084,1.42487596846472,-0.684746462799748,-1.15478722483496,-0.235144716457975,4.29536384187048,0.205223341441739,5.00110839529643,1.97154541388247,3.35857853624587,-0.150162682839167,0.693092355087156,-0.359515435063224,-0.57466294025908,-0.551624877979537,-0.252667176727403,-0.75092157018262,0.15804047666034,0.675722668684688,-0.358248530853331,1.24979378246872,1.15934430343727,0.339780531723689,0.522826689596927,-0.122788968249127,-0.410288243425013,0.830041471862194,0.751210108127635,-0.538949841922436
"2014-10-01",NA,0.000966298574769231,-1.00732716768018,1.24339435236674,1.7333399278456,0,2.28745545165215,0,-1.05997111252382,0,1.30607198271392,-0.931296721601075,2.37102678541115,1.33861071444992,2.08379517514967,-0.909729029360781,-0.262008423416002,1.15077350491544,2.36849993057716,-0.877420124288232,-0.335691837507883,-0.528933370744033,2.03305508841425,-0.862371977438337,-1.12971031527974,1.38628594043026,-0.684746462799748,-1.15478722483496,-0.235144716457975,4.29536384187048,0.205223341441739,5.00110839529643,1.97154541388247,3.35857853624587,-0.150162682839167,0.693092355087156,-0.359515435063224,-0.57466294025908,-0.551624877979537,-0.252667176727403,-0.75092157018262,0.15804047666034,0.675722668684688,-0.358248530853331,1.24979378246872,1.15934430343727,0.339780531723689,0.522826689596927,-0.122788968249127,-0.410288243425013,0.830041471862194,0.751210108127635,-0.538949841922436
"2014-11-01",NA,0.000804601550769231,1.01124610951087,0.795804289165308,0.807150875626829,0,0.0577723466796442,0,0.160190498048556,0,1.51240963658298,-0.125006752572056,0.847804593843679,1.57431578415795,0.766447580493441,0.626984921143786,0.634254420103581,1.47350670596109,-0.204461940125328,-0.976870697653871,-0.853995320266932,-0.691747860013492,-0.418226618255108,-0.900643442897273,-1.30177381518352,1.64503260271152,-0.684746462799748,-1.15478722483496,-0.235144716457975,4.29536384187048,0.205223341441739,5.00110839529643,1.97154541388247,3.35857853624587,-0.150162682839167,0.693092355087156,-0.359515435063224,-0.57466294025908,-0.551624877979537,-0.252667176727403,-0.75092157018262,0.15804047666034,0.675722668684688,-0.358248530853331,1.24979378246872,1.15934430343727,0.339780531723689,0.522826689596927,-0.122788968249127,-0.410288243425013,0.830041471862194,0.751210108127635,-0.538949841922436
"2014-12-01",NA,0.000778714781538462,1.11674637919549,0.904380852923181,0.86323051502293,0,-0.526870211469748,0,0.686256881774293,0,1.30607198271392,1.75838807363171,0.684882063829872,1.46661005405186,0.628240863978804,1.37216199434877,1.37279009479443,1.32230416535588,-0.555161091352298,-1.05111940660286,-0.394739381971524,-0.808192683421308,-0.478235523282246,-0.232011196797376,-0.205547394044506,1.45555071419274,-0.684746462799748,-1.15478722483496,-0.235144716457975,4.29536384187048,0.205223341441739,5.00110839529643,1.97154541388247,3.35857853624587,-0.150162682839167,0.693092355087156,-0.359515435063224,-0.57466294025908,-0.551624877979537,-0.252667176727403,-0.75092157018262,0.15804047666034,0.675722668684688,-0.358248530853331,1.24979378246872,1.15934430343727,0.339780531723689,0.522826689596927,-0.122788968249127,-0.410288243425013,0.830041471862194,0.751210108127635,-0.538949841922436
"2015-01-01",NA,0.00094095936,0.321810330690641,1.49847310994039,1.33203313825436,0,-0.00463208026766992,0,0.177216429015514,0,1.3060724973692,0.341408470034135,1.12050832589179,1.57843863770516,0.976434636600502,0.394144820951023,1.41758281608282,1.46886550004997,0.0206012133521261,-1.05455038547816,-0.257023425981597,-0.757082919544921,0.0125831047169351,0.308991162861275,-0.084261884943894,1.56753015593149,-0.684746462799748,-1.15478722483496,-0.235144716457975,4.29536384187048,0.205223341441739,5.00110839529643,1.97154541388247,3.35857853624587,-0.150162682839167,0.693092355087156,-0.359515435063224,-0.57466294025908,-0.551624877979537,-0.252667176727403,-0.75092157018262,0.15804047666034,0.675722668684688,-0.358248530853331,1.24979378246872,1.15934430343727,0.339780531723689,0.522826689596927,-0.122788968249127,-0.410288243425013,0.830041471862194,0.751210108127635,-0.538949841922436
"2015-02-01",NA,0.000891603603692308,1.5340689260653,1.19968920959165,0.884855236644152,0,0.253465157056998,0,1.25052461223521,0,1.96930361140707,1.30377638698107,1.07770846470256,2.09885718538453,1.03584989019632,1.3392572178044,1.41468265352215,2.19083048087372,-0.561520606870616,-1.08213002809842,-0.0688482066678538,-0.764231739736325,-0.551787522698947,0.983273427401554,0.381252956744724,1.93857845054422,-0.684746462799748,-1.15478722483496,-0.235144716457975,4.29536384187048,0.205223341441739,5.00110839529643,1.97154541388247,3.35857853624587,-0.150162682839167,0.693092355087156,-0.359515435063224,-0.57466294025908,-0.551624877979537,-0.252667176727403,-0.75092157018262,0.15804047666034,0.675722668684688,-0.358248530853331,1.24979378246872,1.15934430343727,0.339780531723689,0.522826689596927,-0.122788968249127,-0.410288243425013,0.830041471862194,0.751210108127635,-0.538949841922436
"2015-03-01",NA,0.00127421612307692,0.834211002760821,0.831726616016258,0.151830780337952,0,0.245774879571652,0,0.77992558320935,0,1.3060724973692,1.22315755323197,0.816918811144047,1.54995357883541,0.638754918728606,0.989174234478153,0.796916306332845,1.39911796219659,-0.52996231304396,-1.0110667665798,0.652422081263016,-0.374416821749218,-0.518411890034103,1.66492157221332,1.07256065955798,1.53449141177388,-0.684746462799748,-1.15478722483496,-0.235144716457975,4.29536384187048,0.205223341441739,5.00110839529643,1.97154541388247,3.35857853624587,-0.150162682839167,0.693092355087156,-0.359515435063224,-0.57466294025908,-0.551624877979537,-0.252667176727403,-0.75092157018262,0.15804047666034,0.675722668684688,-0.358248530853331,1.24979378246872,1.15934430343727,0.339780531723689,0.522826689596927,-0.122788968249127,-0.410288243425013,0.830041471862194,0.751210108127635,-0.538949841922436
"2015-04-01",NA,0.001210634496,-0.554473464697277,0.323845814079923,-0.396264478015658,0,-0.121845192303013,0,-0.631728743115493,0,1.51240963658298,0.0568909792778525,0.25956595084328,1.4552122666801,0.486439048055049,0.362542956377355,0.279644418308829,1.05049276872673,-0.62115484330277,-0.893963774593944,0.2844689824675,0.0647020106689908,-0.835576590266105,1.62201593120761,0.930647187665736,1.4885910592974,-0.684746462799748,-1.15478722483496,-0.235144716457975,4.29536384187048,0.205223341441739,5.00110839529643,1.97154541388247,3.35857853624587,-0.150162682839167,0.693092355087156,-0.359515435063224,-0.57466294025908,-0.551624877979537,-0.252667176727403,-0.75092157018262,0.15804047666034,0.675722668684688,-0.358248530853331,1.24979378246872,1.15934430343727,0.339780531723689,0.522826689596927,-0.122788968249127,-0.410288243425013,0.830041471862194,0.751210108127635,-0.538949841922436
"2015-05-01",NA,0.00121704227446154,-0.0489462411711645,-0.724026985606482,-1.48720134041769,0,-0.182394432856086,0,0.0525687168631827,0,1.3060724973692,-0.439288405590195,-0.130001936373325,1.04248014117925,0.269888118977913,0.493514560198217,-0.614289155328063,0.212910124714355,-0.572238982889179,-0.915715276073848,-0.220107742946286,-0.0292728975529362,-0.789367967944166,1.47968690159324,0.648922019646784,1.01318222993075,-0.684746462799748,-1.15478722483496,-0.235144716457975,4.29536384187048,0.205223341441739,5.00110839529643,1.97154541388247,3.35857853624587,-0.150162682839167,0.693092355087156,-0.359515435063224,-0.57466294025908,-0.551624877979537,-0.252667176727403,-0.75092157018262,0.15804047666034,0.675722668684688,-0.358248530853331,1.24979378246872,1.15934430343727,0.339780531723689,0.522826689596927,-0.122788968249127,-0.410288243425013,0.830041471862194,0.751210108127635,-0.538949841922436
"2015-06-01",NA,0.00118348513476923,-1.12079464452187,-1.00413510884325,-1.55966297074972,0,-0.0362784832295456,0,-0.84541638939489,0,1.51240963658298,-0.643059301621609,0.33010847319354,0.963483344141101,0.607720609943832,-0.239683974482062,-0.942388483280716,-0.197197541835212,0.130901157602071,-0.93541335931162,-0.0812699178690851,-0.151462696175601,-0.214322881519155,1.20891223766289,0.582187092330052,0.971608236723695,-0.684746462799748,-1.15478722483496,-0.235144716457975,4.29536384187048,0.205223341441739,5.00110839529643,1.97154541388247,3.35857853624587,-0.150162682839167,0.693092355087156,-0.359515435063224,-0.57466294025908,-0.551624877979537,-0.252667176727403,-0.75092157018262,0.15804047666034,0.675722668684688,-0.358248530853331,1.24979378246872,1.15934430343727,0.339780531723689,0.522826689596927,-0.122788968249127,-0.410288243425013,0.830041471862194,0.751210108127635,-0.538949841922436
"2015-07-01",NA,0.00212406406892308,0.0542019635315059,-1.10946609995227,-1.56984499823413,0,0.126079831016099,0,1.31560830073654,0,1.3060724973692,-0.518419273790898,0.645804912091689,0.818115179464403,1.15309622588575,-0.274340718698864,-1.20515019006596,-0.27912450971265,0.289549609159999,-0.850308283684123,1.44249212123254,0.0967846645707932,0.831927166046334,1.10686879609553,0.728679258423466,0.82037157226967,-0.684746462799748,-1.15478722483496,-0.235144716457975,4.29536384187048,0.205223341441739,5.00110839529643,1.97154541388247,3.35857853624587,-0.150162682839167,0.693092355087156,-0.359515435063224,-0.57466294025908,-0.551624877979537,-0.252667176727403,-0.75092157018262,0.15804047666034,0.675722668684688,-0.358248530853331,1.24979378246872,1.15934430343727,0.339780531723689,0.522826689596927,-0.122788968249127,-0.410288243425013,0.830041471862194,0.751210108127635,-0.538949841922436
"2015-08-01",NA,0.00110532122584615,-1.40164114662632,0.0751270331416242,0.106056767162554,0,3.05640304059938,0,-1.1768221866425,0,1.3060724973692,-1.18054848316512,2.74982369073356,1.03282324454297,2.48507661160423,-1.8571638642512,-0.998823192239572,0.272757026716425,4.6814461658492,-0.704812810768195,-0.150827934967386,0.541084004698326,2.95309679181079,0.452288363828706,-0.0840397762954397,1.01360968279164,-0.684746462799748,-1.15478722483496,-0.235144716457975,4.29536384187048,0.205223341441739,5.00110839529643,1.97154541388247,3.35857853624587,-0.150162682839167,0.693092355087156,-0.359515435063224,-0.57466294025908,-0.551624877979537,-0.252667176727403,-0.75092157018262,0.15804047666034,0.675722668684688,-0.358248530853331,1.24979378246872,1.15934430343727,0.339780531723689,0.522826689596927,-0.122788968249127,-0.410288243425013,0.830041471862194,0.751210108127635,-0.538949841922436
"2015-09-01",NA,0.00114542456123077,0.178832689711544,0.598239583058412,0.630841627512625,0,1.35073407210964,0,0.155202041910317,0,1.51240963658298,-0.532252155137377,1.18639995738706,1.3323063094911,1.29475020041507,-0.45328488829459,-0.204886046023889,0.888919351218116,0.629980294762228,-0.816477927384076,-0.614144339509282,0.298124686293637,0.586852678968564,0.299479749636661,-0.45622712222307,1.42488397319995,-0.684746462799748,-1.15478722483496,-0.235144716457975,4.29536384187048,0.205223341441739,5.00110839529643,1.97154541388247,3.35857853624587,-0.150162682839167,0.693092355087156,-0.359515435063224,-0.57466294025908,-0.551624877979537,-0.252667176727403,-0.75092157018262,0.15804047666034,0.675722668684688,-0.358248530853331,1.24979378246872,1.15934430343727,0.339780531723689,0.522826689596927,-0.122788968249127,-0.410288243425013,0.830041471862194,0.751210108127635,-0.538949841922436
"2015-10-01",NA,0.00126306352246154,-0.122361218334659,0.860204695405981,1.15272201870425,0,1.31698124077917,0,-0.0253793077412709,0,1.30607198271392,-0.601513434227032,1.46037962358658,1.33861120325821,1.66403959202413,-0.177019596815158,-0.0455925158121569,1.15201383213902,1.74234295807649,-0.908775782077467,-0.296832128244122,0.208599246772693,1.25316856331174,0.29969333068345,-0.636807035204444,1.3864584424743,-0.684746462799748,-1.15478722483496,-0.235144716457975,4.29536384187048,0.205223341441739,5.00110839529643,1.97154541388247,3.35857853624587,-0.150162682839167,0.693092355087156,-0.359515435063224,-0.57466294025908,-0.551624877979537,-0.252667176727403,-0.75092157018262,0.15804047666034,0.675722668684688,-0.358248530853331,1.24979378246872,1.15934430343727,0.339780531723689,0.522826689596927,-0.122788968249127,-0.410288243425013,0.830041471862194,0.751210108127635,-0.538949841922436
"2015-11-01",NA,0.00161340799015385,1.56537899627101,0.878696069820542,0.546207645692152,0,0.579645431873443,0,1.80053188159726,0,1.51240963658298,0.778701651331682,0.795843250103694,1.57431578415795,0.693244171585463,1.03748961812471,0.719338345662303,1.47346935103486,-0.177279337358593,-0.942356730120289,0.177592252506039,0.323672378416294,-0.52312573268786,0.554017549582727,-0.331129019327577,1.64502719951524,-0.684746462799748,-1.15478722483496,-0.235144716457975,4.29536384187048,0.205223341441739,5.00110839529643,1.97154541388247,3.35857853624587,-0.150162682839167,0.693092355087156,-0.359515435063224,-0.57466294025908,-0.551624877979537,-0.252667176727403,-0.75092157018262,0.15804047666034,0.675722668684688,-0.358248530853331,1.24979378246872,1.15934430343727,0.339780531723689,0.522826689596927,-0.122788968249127,-0.410288243425013,0.830041471862194,0.751210108127635,-0.538949841922436
"2015-12-01",NA,0.00203962326646154,1.41438463181937,1.11784762997986,0.812011077326281,0,0.249969973245355,0,1.95122953665651,0,1.30607198271392,1.23927121823677,0.375277025581069,1.46661005405186,0.613011775639241,1.21565632576142,1.09522958885579,1.32242010929999,-0.395253420932413,-0.800811728926323,1.55888476475172,0.779858582516964,-0.545866650266464,1.00575087239759,0.532269162031576,1.45556672366318,-0.684746462799748,-1.15478722483496,-0.235144716457975,4.29536384187048,0.205223341441739,5.00110839529643,1.97154541388247,3.35857853624587,-0.150162682839167,0.693092355087156,-0.359515435063224,-0.57466294025908,-0.551624877979537,-0.252667176727403,-0.75092157018262,0.15804047666034,0.675722668684688,-0.358248530853331,1.24979378246872,1.15934430343727,0.339780531723689,0.522826689596927,-0.122788968249127,-0.410288243425013,0.830041471862194,0.751210108127635,-0.538949841922436
"2016-01-01",NA,0.00234396279138462,2.01205015929908,1.19785923640281,0.498865385048386,0,-0.925073913185277,0,2.68637606004823,0,1.3060724973692,2.7348740236151,0.621101120210129,1.57843863770516,0.642900505405496,0.930127172025135,0.797863300212461,1.46902698826951,-0.625163925496977,-0.497714790588306,2.85250145701796,1.45977630541405,-0.565592423593655,1.77367415585542,1.8938942537939,1.5675527693085,-0.684746462799748,-1.15478722483496,-0.235144716457975,4.29536384187048,0.205223341441739,5.00110839529643,1.97154541388247,3.35857853624587,-0.150162682839167,0.693092355087156,-0.359515435063224,-0.57466294025908,-0.551624877979537,-0.252667176727403,-0.75092157018262,0.15804047666034,0.675722668684688,-0.358248530853331,1.24979378246872,1.15934430343727,0.339780531723689,0.522826689596927,-0.122788968249127,-0.410288243425013,0.830041471862194,0.751210108127635,-0.538949841922436
"2016-02-01",NA,0.002139202944,1.18935109665072,1.58970900618532,0.921508634068979,0,-1.32948174417344,0,1.61077319245175,0,1.96930361140707,0.679042716961155,0.942991740714717,2.09885718538453,1.08710372893429,0.753215040059519,1.35110787043295,2.19091596618567,-0.625171187192985,-0.230832448107752,0.985871891326904,1.77982339697627,-0.494195361081419,1.89132281349483,1.68466232516192,1.9385900574103,-0.684746462799748,-1.15478722483496,-0.235144716457975,4.29536384187048,0.205223341441739,5.00110839529643,1.97154541388247,3.35857853624587,-0.150162682839167,0.693092355087156,-0.359515435063224,-0.57466294025908,-0.551624877979537,-0.252667176727403,-0.75092157018262,0.15804047666034,0.675722668684688,-0.358248530853331,1.24979378246872,1.15934430343727,0.339780531723689,0.522826689596927,-0.122788968249127,-0.410288243425013,0.830041471862194,0.751210108127635,-0.538949841922436
"2016-03-01",NA,0.00213229918523077,0.374833025251676,0.913641871532556,0.329083404404266,0,-1.07902224480513,0,0.600848985996412,0,1.3060724973692,0.917952824736914,0.634770777317573,1.54995357883541,0.663040032231979,0.802629022346999,0.793171155200017,1.39928390427272,-0.625175582415034,-0.0989458785951584,1.55825414160932,1.88842774886945,-0.491336322108951,1.8745875937347,1.94190577090768,1.53451462550602,-0.684746462799748,-1.15478722483496,-0.235144716457975,4.29536384187048,0.205223341441739,5.00110839529643,1.97154541388247,3.35857853624587,-0.150162682839167,0.693092355087156,-0.359515435063224,-0.57466294025908,-0.551624877979537,-0.252667176727403,-0.75092157018262,0.15804047666034,0.675722668684688,-0.358248530853331,1.24979378246872,1.15934430343727,0.339780531723689,0.522826689596927,-0.122788968249127,-0.410288243425013,0.830041471862194,0.751210108127635,-0.538949841922436
"2016-04-01",NA,0.00123251265969231,-1.04524374629308,1.0151630092212,0.285460029469429,0,-0.112726041947322,0,-0.919846431741806,0,1.51240963658298,-0.587886978509035,0.770731487183855,1.4552122666801,1.11460036521187,-0.979812837714416,0.259903962618336,1.05038716922374,-0.238551938920484,-0.0611288669917897,-0.177306093766879,1.75492850437859,0.112747494816935,1.49453125478789,0.900823461679097,1.48857605041886,-0.684746462799748,-1.15478722483496,-0.235144716457975,4.29536384187048,0.205223341441739,5.00110839529643,1.97154541388247,3.35857853624587,-0.150162682839167,0.693092355087156,-0.359515435063224,-0.57466294025908,-0.551624877979537,-0.252667176727403,-0.75092157018262,0.15804047666034,0.675722668684688,-0.358248530853331,1.24979378246872,1.15934430343727,0.339780531723689,0.522826689596927,-0.122788968249127,-0.410288243425013,0.830041471862194,0.751210108127635,-0.538949841922436
"2016-05-01",NA,0.00160379268923077,0.024106282962598,-1.0405548545177,-1.5038822137315,0,-0.126723862852426,0,0.554860705618065,0,1.3060724973692,-0.653832183245569,0.572526818869091,1.04248014117925,1.02803862600949,-0.152850809324155,-0.976603878708224,0.212736567980185,-0.441798688736559,-0.224369802022854,-0.473988085327002,1.22324298512447,0.46249835296319,1.34659046941701,0.326060701912587,1.01315821572509,-0.684746462799748,-1.15478722483496,-0.235144716457975,4.29536384187048,0.205223341441739,5.00110839529643,1.97154541388247,3.35857853624587,-0.150162682839167,0.693092355087156,-0.359515435063224,-0.57466294025908,-0.551624877979537,-0.252667176727403,-0.75092157018262,0.15804047666034,0.675722668684688,-0.358248530853331,1.24979378246872,1.15934430343727,0.339780531723689,0.522826689596927,-0.122788968249127,-0.410288243425013,0.830041471862194,0.751210108127635,-0.538949841922436
"2016-06-01",NA,0.00174610509784615,-0.626175689307343,-2.10752376725682,-1.85737065491157,0,-0.318776374221444,0,-0.0574503846566453,0,1.51240963658298,0.0819409426896486,0.433023213680171,0.963483344141101,0.621682580268267,-0.130973468522427,-1.25319250900615,-0.197378569554627,-0.428899609721699,-0.216537348929361,0.995576375428775,1.32614487549468,-0.165986295006951,1.26057344707271,1.07457428958763,0.971583021807743,-0.684746462799748,-1.15478722483496,-0.235144716457975,4.29536384187048,0.205223341441739,5.00110839529643,1.97154541388247,3.35857853624587,-0.150162682839167,0.693092355087156,-0.359515435063224,-0.57466294025908,-0.551624877979537,-0.252667176727403,-0.75092157018262,0.15804047666034,0.675722668684688,-0.358248530853331,1.24979378246872,1.15934430343727,0.339780531723689,0.522826689596927,-0.122788968249127,-0.410288243425013,0.830041471862194,0.751210108127635,-0.538949841922436
"2016-07-01",NA,0.001204756992,-1.39485959124445,-1.18800035543454,-0.969522699392517,0,0.885398785807629,0,-1.07813168554608,0,1.3060724973692,-0.912087025269558,0.937760000831247,0.818115179464403,1.51086757830143,-1.57851415203917,-1.18194314001032,-0.279101234720153,0.379157058057943,-0.196119470876695,-0.00191806258531502,1.46319026204873,1.37395172945007,0.775409201935673,0.378616027052395,0.820374974282139,-0.684746462799748,-1.15478722483496,-0.235144716457975,4.29536384187048,0.205223341441739,5.00110839529643,1.97154541388247,3.35857853624587,-0.150162682839167,0.693092355087156,-0.359515435063224,-0.57466294025908,-0.551624877979537,-0.252667176727403,-0.75092157018262,0.15804047666034,0.675722668684688,-0.358248530853331,1.24979378246872,1.15934430343727,0.339780531723689,0.522826689596927,-0.122788968249127,-0.410288243425013,0.830041471862194,0.751210108127635,-0.538949841922436
"2016-08-01",NA,0.00124986745107692,-0.547016619563973,-0.523789079195573,-0.239865954644316,0,1.27963673306332,0,-0.311369801237128,0,1.30606477753998,-0.98249192014955,1.82478509305582,1.03282177811809,2.11107952915814,-1.50310588984754,-1.10912859919777,0.291143696097332,0.847273381953651,-0.320646558394991,-0.509474387516391,1.19346911049763,2.21182631709351,0.39150056343276,-0.318195783901508,1.01616639522173,-0.684746462799748,-1.15478722483496,-0.235144716457975,4.29536384187048,0.205223341441739,5.00110839529643,1.97154541388247,3.35857853624587,-0.150162682839167,0.693092355087156,-0.359515435063224,-0.57466294025908,-0.551624877979537,-0.252667176727403,-0.75092157018262,0.15804047666034,0.675722668684688,-0.358248530853331,1.24979378246872,1.15934430343727,0.339780531723689,0.522826689596927,-0.122788968249127,-0.410288243425013,0.830041471862194,0.751210108127635,-0.538949841922436
"2016-09-01",NA,0.00123505654153846,-1.17430194302334,-0.160416111185948,0.77857498939654,0,1.80013769686929,0,-1.02129691051153,0,1.51240654865129,-1.09757121434994,2.39761636614147,1.33230435425793,2.47123826254956,-1.0785051673167,-0.648823057123749,0.888885444438924,0.66746601403083,-0.437812871648225,-0.477932467129252,0.997352378119422,2.61447009174089,0.145479346930964,-0.584756396731805,1.42487676893825,-0.684746462799748,-1.15478722483496,-0.235144716457975,4.29536384187048,0.205223341441739,5.00110839529643,1.97154541388247,3.35857853624587,-0.150162682839167,0.693092355087156,-0.359515435063224,-0.57466294025908,-0.551624877979537,-0.252667176727403,-0.75092157018262,0.15804047666034,0.675722668684688,-0.358248530853331,1.24979378246872,1.15934430343727,0.339780531723689,0.522826689596927,-0.122788968249127,-0.410288243425013,0.830041471862194,0.751210108127635,-0.538949841922436
"2016-10-01",NA,0.00123587570215385,0.284981231158011,0.525691814221587,1.08647289375771,0,0.313232822816262,0,-0.0640617162727337,0,1.30606940943751,-0.801115318595552,1.10838479704688,1.33860949242919,1.09415836081042,-0.191217970334581,0.171111960742129,1.15402295247895,0.634615036677623,-0.605298916135178,-0.895628408168127,0.64742396661247,0.366943888070536,-0.205628449019233,-1.07169786204848,1.38673580654976,-0.684746462799748,-1.15478722483496,-0.235144716457975,4.29536384187048,0.205223341441739,5.00110839529643,1.97154541388247,3.35857853624587,-0.150162682839167,0.693092355087156,-0.359515435063224,-0.57466294025908,-0.551624877979537,-0.252667176727403,-0.75092157018262,0.15804047666034,0.675722668684688,-0.358248530853331,1.24979378246872,1.15934430343727,0.339780531723689,0.522826689596927,-0.122788968249127,-0.410288243425013,0.830041471862194,0.751210108127635,-0.538949841922436
"2016-11-01",NA,0.00115485997292308,0.344283258471496,0.554635372013775,1.20960504988631,0,-0.473352509708318,0,-0.249417753131798,0,1.51240963658298,0.0318760342253134,1.11982543155724,1.57431578415795,0.826487954410858,0.433770766334083,0.984433882334261,1.47323185990772,-0.117991677240717,-0.756834462596559,-0.7157212746498,0.314628304986405,-0.223131807984339,-0.227906112624956,-0.915447567616643,1.64499438010083,-0.684746462799748,-1.15478722483496,-0.235144716457975,4.29536384187048,0.205223341441739,5.00110839529643,1.97154541388247,3.35857853624587,-0.150162682839167,0.693092355087156,-0.359515435063224,-0.57466294025908,-0.551624877979537,-0.252667176727403,-0.75092157018262,0.15804047666034,0.675722668684688,-0.358248530853331,1.24979378246872,1.15934430343727,0.339780531723689,0.522826689596927,-0.122788968249127,-0.410288243425013,0.830041471862194,0.751210108127635,-0.538949841922436
"2016-12-01",NA,0.000985026550153846,0.812662886164411,0.948294673115661,1.06080339843381,0,-0.373913450182488,0,0.226870281904343,0,1.30607198271392,0.538564749567228,0.58076957838619,1.46661005405186,0.668926728051432,1.13921546502136,1.41629491233698,1.32232930809469,-0.625170389986691,-0.890619377859746,-0.704018568661452,0.00770954865156612,-0.425547528712453,-0.00534243035740017,-0.601678982573514,1.45555431632359,-0.684746462799748,-1.15478722483496,-0.235144716457975,4.29536384187048,0.205223341441739,5.00110839529643,1.97154541388247,3.35857853624587,-0.150162682839167,0.693092355087156,-0.359515435063224,-0.57466294025908,-0.551624877979537,-0.252667176727403,-0.75092157018262,0.15804047666034,0.675722668684688,-0.358248530853331,1.24979378246872,1.15934430343727,0.339780531723689,0.522826689596927,-0.122788968249127,-0.410288243425013,0.830041471862194,0.751210108127635,-0.538949841922436
"2017-01-01",NA,0.000994759532307692,1.39682993807084,1.32521123138627,1.02445040055629,0,-0.486474972865734,0,1.10872249714767,0,1.3060724973692,0.904760375602078,0.813559513297936,1.57843863770516,0.662314962798656,1.17409922404903,1.40064279764755,1.46895903103834,-0.625152760016126,-1.00538335976489,-0.512082037917849,-0.206370736888607,-0.503838932838231,0.481370826218828,-0.126733012294874,1.56754336374461,-0.684746462799748,-1.15478722483496,-0.235144716457975,4.29536384187048,0.205223341441739,5.00110839529643,1.97154541388247,3.35857853624587,-0.150162682839167,0.693092355087156,-0.359515435063224,-0.57466294025908,-0.551624877979537,-0.252667176727403,-0.75092157018262,0.15804047666034,0.675722668684688,-0.358248530853331,1.24979378246872,1.15934430343727,0.339780531723689,0.522826689596927,-0.122788968249127,-0.410288243425013,0.830041471862194,0.751210108127635,-0.538949841922436
"2017-02-01",NA,0.00100714105107692,0.451119628736358,1.41496594384,1.09623608133457,0,-0.229164353238495,0,0.194142429271167,0,1.96930361140707,0.939555667449856,1.03322963769479,2.09885718538453,1.11868348369393,0.933311756197849,1.53898935458177,2.19088651326306,-0.625167620514027,-1.01816779442153,-0.0301021518155463,-0.089315895591118,-0.435383634131788,1.21913496045302,0.588477302284079,1.93858605504268,-0.684746462799748,-1.15478722483496,-0.235144716457975,4.29536384187048,0.205223341441739,5.00110839529643,1.97154541388247,3.35857853624587,-0.150162682839167,0.693092355087156,-0.359515435063224,-0.57466294025908,-0.551624877979537,-0.252667176727403,-0.75092157018262,0.15804047666034,0.675722668684688,-0.358248530853331,1.24979378246872,1.15934430343727,0.339780531723689,0.522826689596927,-0.122788968249127,-0.410288243425013,0.830041471862194,0.751210108127635,-0.538949841922436
"2017-03-01",NA,0.00113008576984615,0.294233062725688,1.10314013077657,0.486907460172845,0,0.2556861421317,0,0.207954545714328,0,1.3060724973692,0.228061824683255,0.696057128321231,1.54995357883541,0.694788341524326,0.947977423125716,1.04436968308002,1.39927284146764,-0.47933585108651,-1.05862233065183,-0.323906534112463,-0.000480589047260025,-0.445408460179785,1.55336828556413,0.48630081190907,1.5345128244406,-0.684746462799748,-1.15478722483496,-0.235144716457975,4.29536384187048,0.205223341441739,5.00110839529643,1.97154541388247,3.35857853624587,-0.150162682839167,0.693092355087156,-0.359515435063224,-0.57466294025908,-0.551624877979537,-0.252667176727403,-0.75092157018262,0.15804047666034,0.675722668684688,-0.358248530853331,1.24979378246872,1.15934430343727,0.339780531723689,0.522826689596927,-0.122788968249127,-0.410288243425013,0.830041471862194,0.751210108127635,-0.538949841922436
"2017-04-01",NA,0.00132399980307692,-0.0118343226832014,0.0926048315288568,-0.448049921054647,0,0.00324011808407036,0,-0.0281876984308632,0,1.51240963658298,-0.364404446095293,0.385338314424904,1.4552122666801,0.62048691710056,0.440222450737173,0.162210138969317,1.05049664789215,-0.349847497168547,-1.13924322673232,-0.565552218547343,-0.0600415568437776,-0.652235975639072,1.4409942329833,0.169694585379249,1.48859145953416,-0.684746462799748,-1.15478722483496,-0.235144716457975,4.29536384187048,0.205223341441739,5.00110839529643,1.97154541388247,3.35857853624587,-0.150162682839167,0.693092355087156,-0.359515435063224,-0.57466294025908,-0.551624877979537,-0.252667176727403,-0.75092157018262,0.15804047666034,0.675722668684688,-0.358248530853331,1.24979378246872,1.15934430343727,0.339780531723689,0.522826689596927,-0.122788968249127,-0.410288243425013,0.830041471862194,0.751210108127635,-0.538949841922436
"2017-05-01",NA,0.00167539693292308,0.239358585956475,-0.378098172073938,-1.40728616010571,0,-0.573251903540671,0,0.860314793082582,0,1.30607198271392,-0.0437315510317856,-0.0273036874732106,1.04248014117925,0.291700039932647,0.603596656485664,-0.638470063634858,0.212905814530559,-0.545075609301151,-1.20154618474973,-0.0248195687390152,-0.222760211677567,-0.732876879585911,1.33865409880175,0.330254485314606,1.01318142945723,-0.684746462799748,-1.15478722483496,-0.235144716457975,4.29536384187048,0.205223341441739,5.00110839529643,1.97154541388247,3.35857853624587,-0.150162682839167,0.693092355087156,-0.359515435063224,-0.57466294025908,-0.551624877979537,-0.252667176727403,-0.75092157018262,0.15804047666034,0.675722668684688,-0.358248530853331,1.24979378246872,1.15934430343727,0.339780531723689,0.522826689596927,-0.122788968249127,-0.410288243425013,0.830041471862194,0.751210108127635,-0.538949841922436
"2017-06-01",NA,0.00135879020307692,-1.04162785535291,-1.20320484758905,-1.53339672211635,0,0.322520948076817,0,-0.527942020848676,0,1.51240963658298,-0.26269138788936,0.340379842950698,0.963483344141101,0.600685595272752,-0.38887893717272,-1.13057181986996,-0.197191363905105,-0.332245712247385,-1.06391030261332,1.19829824514963,0.149666874277422,-0.172016779889207,1.21015765665966,0.682872315004654,0.971608837078837,-0.684746462799748,-1.15478722483496,-0.235144716457975,4.29536384187048,0.205223341441739,5.00110839529643,1.97154541388247,3.35857853624587,-0.150162682839167,0.693092355087156,-0.359515435063224,-0.57466294025908,-0.551624877979537,-0.252667176727403,-0.75092157018262,0.15804047666034,0.675722668684688,-0.358248530853331,1.24979378246872,1.15934430343727,0.339780531723689,0.522826689596927,-0.122788968249127,-0.410288243425013,0.830041471862194,0.751210108127635,-0.538949841922436
"2017-07-01",NA,0.00118995139938462,-1.64206582453416,-1.37079027451785,-0.899357456711034,0,1.87236065716383,0,-1.34479048852851,0,1.30605705771077,-1.13588490714296,1.51002713467592,0.818107602935862,1.75752993077972,-1.91647594736545,-1.36028360877848,-0.279838850840375,1.70616319519201,-1.01785764943845,-0.388674707660233,0.316381012316849,1.87003774461085,0.54609623313817,-0.139133419539154,0.820259906213315,-0.684746462799748,-1.15478722483496,-0.235144716457975,4.29536384187048,0.205223341441739,5.00110839529643,1.97154541388247,3.35857853624587,-0.150162682839167,0.693092355087156,-0.359515435063224,-0.57466294025908,-0.551624877979537,-0.252667176727403,-0.75092157018262,0.15804047666034,0.675722668684688,-0.358248530853331,1.24979378246872,1.15934430343727,0.339780531723689,0.522826689596927,-0.122788968249127,-0.410288243425013,0.830041471862194,0.751210108127635,-0.538949841922436
"2017-08-01",NA,0.00114180869907692,-0.931738232281752,-0.340643556758143,-0.0477548811845391,0,1.85608284168495,0,-0.826044247278129,0,1.29006568882036,-1.08708245581882,3.27572200500158,1.02583621880299,2.05419763484598,-1.60403852403845,-1.17598569301113,0.28521288319457,5.48637706070138,-1.15816465524163,-0.939429213335282,0.0385581444008635,2.51766534450087,-0.0672194627291132,-0.825620318095694,1.03291310178086,-0.684746462799748,-1.15478722483496,-0.235144716457975,4.29536384187048,0.205223341441739,5.00110839529643,1.97154541388247,3.35857853624587,-0.150162682839167,0.693092355087156,-0.359515435063224,-0.57466294025908,-0.551624877979537,-0.252667176727403,-0.75092157018262,0.15804047666034,0.675722668684688,-0.358248530853331,1.24979378246872,1.15934430343727,0.339780531723689,0.522826689596927,-0.122788968249127,-0.410288243425013,0.830041471862194,0.751210108127635,-0.538949841922436
"2017-09-01",NA,0.000928882500923077,-1.27560356513093,0.699112117264018,1.44703933491126,0,4.51807209593201,0,-1.23998245405741,0,1.49006381893838,-1.2465052481053,5.47266286101731,1.32164466740858,3.32572075364154,-2.21715821219092,-1.28710981895307,0.881361731278097,9.17026392009698,-1.31789578288086,-1.03433505889018,-0.248321568915468,4.39638787626176,-0.57849171702904,-1.34396957432532,1.40641244631873,-0.684746462799748,-1.15478722483496,-0.235144716457975,4.29536384187048,0.205223341441739,5.00110839529643,1.97154541388247,3.35857853624587,-0.150162682839167,0.693092355087156,-0.359515435063224,-0.57466294025908,-0.551624877979537,-0.252667176727403,-0.75092157018262,0.15804047666034,0.675722668684688,-0.358248530853331,1.24979378246872,1.15934430343727,0.339780531723689,0.522826689596927,-0.122788968249127,-0.410288243425013,0.830041471862194,0.751210108127635,-0.538949841922436
"2017-10-01",NA,0.000943033314461539,0.659553999055211,0.836413766334238,1.21544544418273,0,1.03581904184148,0,0.271283800246875,0,1.28470684070722,-0.625153421246516,2.2313893968292,1.3284232164116,1.1151154538359,-0.0618730296627332,-0.101252817130736,1.1469298266793,5.06568369897884,-1.47014337053256,-0.862503102125553,-0.498933798429469,0.649518826742708,-0.717738405192834,-1.45625491538626,1.36910077449931,-0.684746462799748,-1.15478722483496,-0.235144716457975,4.29536384187048,0.205223341441739,5.00110839529643,1.97154541388247,3.35857853624587,-0.150162682839167,0.693092355087156,-0.359515435063224,-0.57466294025908,-0.551624877979537,-0.252667176727403,-0.75092157018262,0.15804047666034,0.675722668684688,-0.358248530853331,1.24979378246872,1.15934430343727,0.339780531723689,0.522826689596927,-0.122788968249127,-0.410288243425013,0.830041471862194,0.751210108127635,-0.538949841922436
"2017-11-01",NA,0.00106463816861538,1.27607652337857,0.499778337704378,1.09370473471149,0,-0.404910974456245,0,0.800678817140722,0,1.50940353508681,0.753200732512253,0.766974517413774,1.57293001264733,0.634103668453568,1.17773273638706,1.14044044268728,1.47229698104245,0.135746059332433,-1.51953912817086,-0.140274646340427,-0.52104502666881,-0.498167380452374,-0.218542418450324,-0.49178357708484,1.64256074047479,-0.684746462799748,-1.15478722483496,-0.235144716457975,4.29536384187048,0.205223341441739,5.00110839529643,1.97154541388247,3.35857853624587,-0.150162682839167,0.693092355087156,-0.359515435063224,-0.57466294025908,-0.551624877979537,-0.252667176727403,-0.75092157018262,0.15804047666034,0.675722668684688,-0.358248530853331,1.24979378246872,1.15934430343727,0.339780531723689,0.522826689596927,-0.122788968249127,-0.410288243425013,0.830041471862194,0.751210108127635,-0.538949841922436
"2017-12-01",NA,0.000992295670153846,0.897159758719834,0.997111560872278,0.941929330029869,0,-0.635088514593869,0,0.760300382543501,0,1.30607198271392,1.21746050678892,0.532216085459778,1.46661005405186,0.668641785408349,0.749220599679485,1.23592821569283,1.32228031567222,-0.311941720209686,-1.52526776446247,-0.191848950952081,-0.477367924397206,-0.470813199216176,0.314157252439402,0.209311791028467,1.45554731218027,-0.684746462799748,-1.15478722483496,-0.235144716457975,4.29536384187048,0.205223341441739,5.00110839529643,1.97154541388247,3.35857853624587,-0.150162682839167,0.693092355087156,-0.359515435063224,-0.57466294025908,-0.551624877979537,-0.252667176727403,-0.75092157018262,0.15804047666034,0.675722668684688,-0.358248530853331,1.24979378246872,1.15934430343727,0.339780531723689,0.522826689596927,-0.122788968249127,-0.410288243425013,0.830041471862194,0.751210108127635,-0.538949841922436
"2018-01-01",NA,0.00138740650338462,1.66154584045939,0.988146949370056,0.79180925834195,0,-0.988315289018832,0,2.04491022106203,0,1.3060724973692,1.76490784426266,0.449663744894035,1.57843863770516,0.66970538862032,1.21283802615995,1.17014103760675,1.46908589411472,-0.61831746670688,-1.44277824485893,1.21298524476738,-0.20173629790219,-0.55574070600993,1.45134366171014,1.30096928609535,1.56756077404372,-0.684746462799748,-1.15478722483496,-0.235144716457975,4.29536384187048,0.205223341441739,5.00110839529643,1.97154541388247,3.35857853624587,-0.150162682839167,0.693092355087156,-0.359515435063224,-0.57466294025908,-0.551624877979537,-0.252667176727403,-0.75092157018262,0.15804047666034,0.675722668684688,-0.358248530853331,1.24979378246872,1.15934430343727,0.339780531723689,0.522826689596927,-0.122788968249127,-0.410288243425013,0.830041471862194,0.751210108127635,-0.538949841922436
"2018-02-01",NA,0.00153232491323077,0.363401315889538,0.959483189666085,0.933647911263822,0,0.246635861280664,0,0.423362492652691,0,1.96930361140707,0.386601589355656,0.884617937200723,2.09885718538453,1.10232777598094,0.623010567748423,1.21367371082607,2.19088263409765,-0.625173931999258,-1.28014338481563,0.535247868077095,0.335666687707334,-0.474103781977911,1.6749075054435,1.08649373276384,1.93858565480592,-0.684746462799748,-1.15478722483496,-0.235144716457975,4.29536384187048,0.205223341441739,5.00110839529643,1.97154541388247,3.35857853624587,-0.150162682839167,0.693092355087156,-0.359515435063224,-0.57466294025908,-0.551624877979537,-0.252667176727403,-0.75092157018262,0.15804047666034,0.675722668684688,-0.358248530853331,1.24979378246872,1.15934430343727,0.339780531723689,0.522826689596927,-0.122788968249127,-0.410288243425013,0.830041471862194,0.751210108127635,-0.538949841922436
"2018-03-01",NA,0.00151033341046154,0.325930304121843,1.10212570300468,0.413892973300203,0,0.0777233529412124,0,0.400941265544052,0,1.3060724973692,0.308795277928281,0.655815441014996,1.54995357883541,0.738976808240396,0.696966381527914,0.85384002615825,1.39929108791238,-0.248092081276385,-1.25182327104828,0.194674600636519,0.458644954548159,-0.405713092102716,1.63851059786511,0.74906836720257,1.53451542597954,-0.684746462799748,-1.15478722483496,-0.235144716457975,4.29536384187048,0.205223341441739,5.00110839529643,1.97154541388247,3.35857853624587,-0.150162682839167,0.693092355087156,-0.359515435063224,-0.57466294025908,-0.551624877979537,-0.252667176727403,-0.75092157018262,0.15804047666034,0.675722668684688,-0.358248530853331,1.24979378246872,1.15934430343727,0.339780531723689,0.522826689596927,-0.122788968249127,-0.410288243425013,0.830041471862194,0.751210108127635,-0.538949841922436
"2018-04-01",NA,0.00130439994092308,-1.14581446278763,0.65499387837695,-0.0953570835241271,0,0.452719687466885,0,-1.04507949384554,0,1.51240963658298,-0.36297838060149,0.511224388635949,1.4552122666801,0.912122314903319,-0.239286698563038,0.0422620087145752,1.05044607506895,0.632148126229952,-1.25662664147371,-0.0949526856940199,0.376299416657213,-0.15974278754203,1.40341714114784,0.399455865214434,1.48858465550922,-0.684746462799748,-1.15478722483496,-0.235144716457975,4.29536384187048,0.205223341441739,5.00110839529643,1.97154541388247,3.35857853624587,-0.150162682839167,0.693092355087156,-0.359515435063224,-0.57466294025908,-0.551624877979537,-0.252667176727403,-0.75092157018262,0.15804047666034,0.675722668684688,-0.358248530853331,1.24979378246872,1.15934430343727,0.339780531723689,0.522826689596927,-0.122788968249127,-0.410288243425013,0.830041471862194,0.751210108127635,-0.538949841922436
"2018-05-01",NA,0.00119307872492308,-1.11818703855483,-0.421156840727394,-0.947035214088278,0,1.72963956014707,0,-1.06806030751907,0,1.30607172538628,-1.07615311996461,1.01867530768672,1.04247965237096,1.43859297281658,-1.21981914505066,-1.02788786485844,0.212842598501557,1.73895673291629,-1.36778777249208,-0.918825595969647,0.0477792391275799,1.15043364834639,0.760111969105834,-0.461919848284029,1.01317202389335,-0.684746462799748,-1.15478722483496,-0.235144716457975,4.29536384187048,0.205223341441739,5.00110839529643,1.97154541388247,3.35857853624587,-0.150162682839167,0.693092355087156,-0.359515435063224,-0.57466294025908,-0.551624877979537,-0.252667176727403,-0.75092157018262,0.15804047666034,0.675722668684688,-0.358248530853331,1.24979378246872,1.15934430343727,0.339780531723689,0.522826689596927,-0.122788968249127,-0.410288243425013,0.830041471862194,0.751210108127635,-0.538949841922436
"2018-06-01",NA,0.00107559944861538,-1.32190847956455,-1.43294292686262,-1.68839378551209,0,1.47984535073113,0,-1.13234146380726,0,1.51240963658298,-1.11222130844591,1.25639252805177,0.963483344141101,1.70016483950088,-1.01473779100271,-1.58395636626794,-0.197351128051129,1.95970190438642,-1.52575882735234,-0.966143886633103,-0.301248614490416,1.58145015885431,0.176833420953818,-0.835405657650737,0.971586824056974,-0.684746462799748,-1.15478722483496,-0.235144716457975,4.29536384187048,0.205223341441739,5.00110839529643,1.97154541388247,3.35857853624587,-0.150162682839167,0.693092355087156,-0.359515435063224,-0.57466294025908,-0.551624877979537,-0.252667176727403,-0.75092157018262,0.15804047666034,0.675722668684688,-0.358248530853331,1.24979378246872,1.15934430343727,0.339780531723689,0.522826689596927,-0.122788968249127,-0.410288243425013,0.830041471862194,0.751210108127635,-0.538949841922436
"2018-07-01",NA,0.000882634220307692,-1.60776064519567,-1.1563346220261,-1.0501647050065,0,2.92293168256189,0,-1.3479549568168,0,1.3060724973692,-1.22980414666973,2.32961278565463,0.818114568454037,2.31792925717153,-1.97016125158038,-1.76474813459175,-0.279301370921062,3.6481945234502,-1.66908586992825,-0.99669001870232,-0.546933632156749,2.7908139070617,-0.401135709369876,-1.20239356803403,0.820346557472099,-0.684746462799748,-1.15478722483496,-0.235144716457975,4.29536384187048,0.205223341441739,5.00110839529643,1.97154541388247,3.35857853624587,-0.150162682839167,0.693092355087156,-0.359515435063224,-0.57466294025908,-0.551624877979537,-0.252667176727403,-0.75092157018262,0.15804047666034,0.675722668684688,-0.358248530853331,1.24979378246872,1.15934430343727,0.339780531723689,0.522826689596927,-0.122788968249127,-0.410288243425013,0.830041471862194,0.751210108127635,-0.538949841922436
"2018-08-01",NA,0.000812201915076923,-0.628705341074989,-1.13170557630655,-0.63876519863803,0,1.15346862847518,0,-0.716681104455389,0,1.3060724973692,-1.12372216050356,1.14719669404508,1.03282324454297,1.33873854972104,-0.990041576685668,-1.23015745040672,0.291191970155844,1.20382398489057,-1.81297117347369,-1.00268849299362,-0.755493657710538,1.00275501058177,-0.671806562248119,-1.33955949663737,1.0161770014959,-0.684746462799748,-1.15478722483496,-0.235144716457975,4.29536384187048,0.205223341441739,5.00110839529643,1.97154541388247,3.35857853624587,-0.150162682839167,0.693092355087156,-0.359515435063224,-0.57466294025908,-0.551624877979537,-0.252667176727403,-0.75092157018262,0.15804047666034,0.675722668684688,-0.358248530853331,1.24979378246872,1.15934430343727,0.339780531723689,0.522826689596927,-0.122788968249127,-0.410288243425013,0.830041471862194,0.751210108127635,-0.538949841922436
"2018-09-01",NA,0.000830023177846154,-0.131369428030333,0.178017776084002,0.42811926876414,0,1.55037750823598,0,-0.41429353175798,0,1.51238493312949,-0.99531471910719,1.57653629265778,1.33229164524231,1.68607486417371,-0.308377635960143,-0.599077180157682,0.889072937434033,1.62454335348093,-1.94047565282954,-0.940720139210756,-0.911845351299658,1.30284290284077,-0.840004929694089,-1.38618859091722,1.42488357296319,-0.684746462799748,-1.15478722483496,-0.235144716457975,4.29536384187048,0.205223341441739,5.00110839529643,1.97154541388247,3.35857853624587,-0.150162682839167,0.693092355087156,-0.359515435063224,-0.57466294025908,-0.551624877979537,-0.252667176727403,-0.75092157018262,0.15804047666034,0.675722668684688,-0.358248530853331,1.24979378246872,1.15934430343727,0.339780531723689,0.522826689596927,-0.122788968249127,-0.410288243425013,0.830041471862194,0.751210108127635,-0.538949841922436
"2018-10-01",NA,0.000883576733538461,1.25819325407948,0.612536541383405,0.498284208011737,0,-0.304398980734947,0,1.18914021196581,0,1.30607198271392,0.325562547328959,0.317804184383193,1.33861071444992,0.583334341802164,1.12536596735313,0.39021975767927,1.15411088022838,-0.360390232343932,-2.02761863945001,-0.401807078986147,-0.974189179624202,-0.504380383646411,-0.44822891885829,-0.660869193077829,1.38675081542831,-0.684746462799748,-1.15478722483496,-0.235144716457975,4.29536384187048,0.205223341441739,5.00110839529643,1.97154541388247,3.35857853624587,-0.150162682839167,0.693092355087156,-0.359515435063224,-0.57466294025908,-0.551624877979537,-0.252667176727403,-0.75092157018262,0.15804047666034,0.675722668684688,-0.358248530853331,1.24979378246872,1.15934430343727,0.339780531723689,0.522826689596927,-0.122788968249127,-0.410288243425013,0.830041471862194,0.751210108127635,-0.538949841922436
"2018-11-01",NA,0.00107654834215385,1.23181781668585,0.760285263363889,0.751576959374347,0,-0.443770460740067,0,1.39352429812901,0,1.51240963658298,1.69438845270431,0.550811241439474,1.57431578415795,0.712062660481282,0.999772510199123,1.08420627477505,1.47352682015213,-0.625174775298328,-1.96465533107279,0.641271668384643,-0.571960174296061,-0.537316322775797,0.470901905012061,0.508882865658095,1.64503520425047,-0.684746462799748,-1.15478722483496,-0.235144716457975,4.29536384187048,0.205223341441739,5.00110839529643,1.97154541388247,3.35857853624587,-0.150162682839167,0.693092355087156,-0.359515435063224,-0.57466294025908,-0.551624877979537,-0.252667176727403,-0.75092157018262,0.15804047666034,0.675722668684688,-0.358248530853331,1.24979378246872,1.15934430343727,0.339780531723689,0.522826689596927,-0.122788968249127,-0.410288243425013,0.830041471862194,0.751210108127635,-0.538949841922436
"2018-12-01",NA,0.00108948432738462,-0.154229566998656,1.17962040425053,1.4193121532606,0,-0.222569966450169,0,-0.452594645800319,0,1.30607198271392,0.314723896896995,0.756506728833704,1.46661005405186,0.825537451509527,-0.0891361693159496,1.35770342060425,1.32217356678688,-0.366687290217529,-1.87236393773322,-0.0624564143821709,-0.143623743007111,-0.173425360419113,0.868812804036164,0.233963757836385,1.45553250342011,-0.684746462799748,-1.15478722483496,-0.235144716457975,4.29536384187048,0.205223341441739,5.00110839529643,1.97154541388247,3.35857853624587,-0.150162682839167,0.693092355087156,-0.359515435063224,-0.57466294025908,-0.551624877979537,-0.252667176727403,-0.75092157018262,0.15804047666034,0.675722668684688,-0.358248530853331,1.24979378246872,1.15934430343727,0.339780531723689,0.522826689596927,-0.122788968249127,-0.410288243425013,0.830041471862194,0.751210108127635,-0.538949841922436
"2019-01-01",NA,0.00104874615138462,-0.125560660262962,1.62935899310653,1.35211439284125,0,-0.15222319210375,0,-0.408307711200378,0,1.3060724973692,-0.079834297306458,0.785153189821933,1.57843863770516,0.994691130929501,0.411459291590668,1.44943979725407,1.46898187501245,-0.0795169018208821,-1.94374639013026,-0.649829785848902,-0.387194686962089,-0.0191220263581913,0.849187183501873,-0.427902571469871,1.56754636552032,-0.684746462799748,-1.15478722483496,-0.235144716457975,4.29536384187048,0.205223341441739,5.00110839529643,1.97154541388247,3.35857853624587,-0.150162682839167,0.693092355087156,-0.359515435063224,-0.57466294025908,-0.551624877979537,-0.252667176727403,-0.75092157018262,0.15804047666034,0.675722668684688,-0.358248530853331,1.24979378246872,1.15934430343727,0.339780531723689,0.522826689596927,-0.122788968249127,-0.410288243425013,0.830041471862194,0.751210108127635,-0.538949841922436
"2019-02-01",NA,0.00101423799138462,1.3667891334186,1.2688768461362,0.995472059848311,0,0.305853624743744,0,0.51227068672866,0,1.96930361140707,0.286849298280771,1.31912149070985,2.09885718538453,1.79678494441077,0.75584739157433,1.13277160635094,2.19084542284421,0.19907802127126,-2.05465035926683,-0.749737584811201,-0.673574149883098,0.577008505627799,0.782819931090697,-0.790233177470651,1.93858025160965,-0.684746462799748,-1.15478722483496,-0.235144716457975,4.29536384187048,0.205223341441739,5.00110839529643,1.97154541388247,3.35857853624587,-0.150162682839167,0.693092355087156,-0.359515435063224,-0.57466294025908,-0.551624877979537,-0.252667176727403,-0.75092157018262,0.15804047666034,0.675722668684688,-0.358248530853331,1.24979378246872,1.15934430343727,0.339780531723689,0.522826689596927,-0.122788968249127,-0.410288243425013,0.830041471862194,0.751210108127635,-0.538949841922436
"2019-03-01",NA,0.00133259576123077,0.700795130286875,0.946708298871206,0.333954428578992,0,-0.1033243384545,0,0.659558460448819,0,1.3060724973692,1.44583302069783,0.465892731907511,1.54995357883541,0.638901225816498,1.33948780363476,1.01335967309137,1.39930401846376,-0.62517466045359,-2.060762799975,0.207138440308579,-0.737687030087693,-0.571023443912214,1.42463724926198,0.553680203168071,1.53451722704497,-0.684746462799748,-1.15478722483496,-0.235144716457975,4.29536384187048,0.205223341441739,5.00110839529643,1.97154541388247,3.35857853624587,-0.150162682839167,0.693092355087156,-0.359515435063224,-0.57466294025908,-0.551624877979537,-0.252667176727403,-0.75092157018262,0.15804047666034,0.675722668684688,-0.358248530853331,1.24979378246872,1.15934430343727,0.339780531723689,0.522826689596927,-0.122788968249127,-0.410288243425013,0.830041471862194,0.751210108127635,-0.538949841922436
"2019-04-01",NA,0.00118416552369231,-0.042327293689576,0.600490743932556,-0.376684900787238,0,0.0580956193818214,0,-0.0895225146209397,0,1.51240963658298,0.312513794749424,0.13482959408684,1.4552122666801,0.509764014444555,0.415279899843051,0.324084036676748,1.05049664789215,-0.625176068269644,-2.02328177876997,-0.182594485214458,-0.637641148803581,-0.828152367047333,1.35448669557706,0.562083817612677,1.48859145953416,-0.684746462799748,-1.15478722483496,-0.235144716457975,4.29536384187048,0.205223341441739,5.00110839529643,1.97154541388247,3.35857853624587,-0.150162682839167,0.693092355087156,-0.359515435063224,-0.57466294025908,-0.551624877979537,-0.252667176727403,-0.75092157018262,0.15804047666034,0.675722668684688,-0.358248530853331,1.24979378246872,1.15934430343727,0.339780531723689,0.522826689596927,-0.122788968249127,-0.410288243425013,0.830041471862194,0.751210108127635,-0.538949841922436
"2019-05-01",NA,0.00121853198769231,-0.382907470988432,-0.189858791290754,-1.25216934146956,0,-0.0885136315928147,0,-0.0828645583561168,0,1.30607198271392,-0.287317692098152,-0.176317368704374,1.04248014117925,0.492873600902492,-0.0210355521471645,-0.612640019958933,0.212910124714355,-0.0835707737949919,-2.03978149186974,-0.261464885807407,-0.701300043512831,-0.50497531511835,1.1287227475218,0.29617255278917,1.01318222993075,-0.684746462799748,-1.15478722483496,-0.235144716457975,4.29536384187048,0.205223341441739,5.00110839529643,1.97154541388247,3.35857853624587,-0.150162682839167,0.693092355087156,-0.359515435063224,-0.57466294025908,-0.551624877979537,-0.252667176727403,-0.75092157018262,0.15804047666034,0.675722668684688,-0.358248530853331,1.24979378246872,1.15934430343727,0.339780531723689,0.522826689596927,-0.122788968249127,-0.410288243425013,0.830041471862194,0.751210108127635,-0.538949841922436
"2019-06-01",NA,0.00114627969969231,-1.36141104416362,-0.669950575187041,-1.2373788612666,0,1.92329466112604,0,-1.03031767252465,0,1.51240629132365,-0.829370421391601,1.14994382514777,0.963482122120369,1.50520861740979,-1.1797095815986,-1.26031612746978,-0.197247539967241,1.60218100205006,-1.98896423639233,0.206580054335912,-0.515470552793842,1.22829481787908,0.878656036273264,0.156933222509418,0.971598831159808,-0.684746462799748,-1.15478722483496,-0.235144716457975,4.29536384187048,0.205223341441739,5.00110839529643,1.97154541388247,3.35857853624587,-0.150162682839167,0.693092355087156,-0.359515435063224,-0.57466294025908,-0.551624877979537,-0.252667176727403,-0.75092157018262,0.15804047666034,0.675722668684688,-0.358248530853331,1.24979378246872,1.15934430343727,0.339780531723689,0.522826689596927,-0.122788968249127,-0.410288243425013,0.830041471862194,0.751210108127635,-0.538949841922436
"2019-07-01",NA,0.00106904749292308,-1.3809767482721,-1.44069976457765,-1.19503172925701,0,1.36453461763584,0,-1.15245201108914,0,1.30605963098717,-1.1573288085699,1.24214160154383,0.818109680371107,1.70272932328863,-1.61562552578261,-1.51376273733471,-0.279128676223652,2.06574864992388,-2.02348208073821,-0.590425820771621,-0.530262816759813,1.72077137918469,0.251421818709302,-0.461229102016061,0.82036136623226,-0.684746462799748,-1.15478722483496,-0.235144716457975,4.29536384187048,0.205223341441739,5.00110839529643,1.97154541388247,3.35857853624587,-0.150162682839167,0.693092355087156,-0.359515435063224,-0.57466294025908,-0.551624877979537,-0.252667176727403,-0.75092157018262,0.15804047666034,0.675722668684688,-0.358248530853331,1.24979378246872,1.15934430343727,0.339780531723689,0.522826689596927,-0.122788968249127,-0.410288243425013,0.830041471862194,0.751210108127635,-0.538949841922436
"2019-08-01",NA,0.000853116258461539,-1.46566266276084,-0.64260744542456,0.0419934787873692,0,2.93217299161272,0,-1.29227913837399,0,1.30605294046852,-1.26985164740307,2.87052542200556,1.03281420158955,2.5902661473182,-2.16829786546186,-1.4600916882073,0.290980483804272,3.87244323163538,-2.133098948195,-0.967810697566292,-0.720685751119485,3.0226959515805,-0.341802204589142,-1.06778130745166,1.01613257521541,-0.684746462799748,-1.15478722483496,-0.235144716457975,4.29536384187048,0.205223341441739,5.00110839529643,1.97154541388247,3.35857853624587,-0.150162682839167,0.693092355087156,-0.359515435063224,-0.57466294025908,-0.551624877979537,-0.252667176727403,-0.75092157018262,0.15804047666034,0.675722668684688,-0.358248530853331,1.24979378246872,1.15934430343727,0.339780531723689,0.522826689596927,-0.122788968249127,-0.410288243425013,0.830041471862194,0.751210108127635,-0.538949841922436
"2019-09-01",NA,0.000725588352,-1.02216154384858,0.498800534948601,1.20402904764938,0,3.33215375235,0,-1.12606687181737,0,1.51234839260454,-1.22512143517383,3.37225150480202,1.33227087088986,2.78769884975766,-1.95381669534336,-1.2756473566585,0.888633442359674,4.39898969063499,-2.26940766825799,-1.05332518427224,-0.944292318960168,3.27186184035545,-0.767089740286062,-1.58213912009513,1.42479111827136,-0.684746462799748,-1.15478722483496,-0.235144716457975,4.29536384187048,0.205223341441739,5.00110839529643,1.97154541388247,3.35857853624587,-0.150162682839167,0.693092355087156,-0.359515435063224,-0.57466294025908,-0.551624877979537,-0.252667176727403,-0.75092157018262,0.15804047666034,0.675722668684688,-0.358248530853331,1.24979378246872,1.15934430343727,0.339780531723689,0.522826689596927,-0.122788968249127,-0.410288243425013,0.830041471862194,0.751210108127635,-0.538949841922436
"2019-10-01",NA,0.000633197154461538,-0.575546616635988,1.27073918561835,1.47041517348959,0,0.900192181209127,0,-1.01377214973741,0,1.30607198271392,-1.13869170309555,1.5422801773467,1.33861071444992,1.37485820793826,-0.737314468915021,-0.226266913597549,1.15366678762464,1.23943805162498,-2.40065456374299,-1.05128413691041,-1.13122716566782,0.840971747823064,-1.00011732570349,-1.99926218536083,1.38668877873033,-0.684746462799748,-1.15478722483496,-0.235144716457975,4.29536384187048,0.205223341441739,5.00110839529643,1.97154541388247,3.35857853624587,-0.150162682839167,0.693092355087156,-0.359515435063224,-0.57466294025908,-0.551624877979537,-0.252667176727403,-0.75092157018262,0.15804047666034,0.675722668684688,-0.358248530853331,1.24979378246872,1.15934430343727,0.339780531723689,0.522826689596927,-0.122788968249127,-0.410288243425013,0.830041471862194,0.751210108127635,-0.538949841922436
"2019-11-01",NA,0.000579070966153846,0.379243657054878,1.27982644833732,1.57028204211906,0,0.886258563241149,0,-0.549475182753444,0,1.51240963658298,-0.615202526905033,1.40865379326668,1.57431211809575,1.19657945956019,0.14770213358096,0.575548730009152,1.4733123166719,1.35936058374382,-2.52203367968304,-1.00889980378087,-1.28620627434794,0.383070501097484,-1.05326419358414,-2.20342492016903,1.64500238483605,-0.684746462799748,-1.15478722483496,-0.235144716457975,4.29536384187048,0.205223341441739,5.00110839529643,1.97154541388247,3.35857853624587,-0.150162682839167,0.693092355087156,-0.359515435063224,-0.57466294025908,-0.551624877979537,-0.252667176727403,-0.75092157018262,0.15804047666034,0.675722668684688,-0.358248530853331,1.24979378246872,1.15934430343727,0.339780531723689,0.522826689596927,-0.122788968249127,-0.410288243425013,0.830041471862194,0.751210108127635,-0.538949841922436
"2019-12-01",NA,0.000591518060307692,1.08696947490632,0.960822557987913,1.13897201329698,0,-0.188664342666744,0,0.701239770744318,0,1.30607198271392,0.874489836504743,0.426942847796159,1.46660956524357,0.603769880197481,1.2852089449649,1.51728601541904,1.32233232522335,-0.619644841711208,-2.60841293428268,-0.624205623546985,-1.37679732491452,-0.548664206113552,-0.381864175475563,-1.08698917034018,1.45555431632359,-0.684746462799748,-1.15478722483496,-0.235144716457975,4.29536384187048,0.205223341441739,5.00110839529643,1.97154541388247,3.35857853624587,-0.150162682839167,0.693092355087156,-0.359515435063224,-0.57466294025908,-0.551624877979537,-0.252667176727403,-0.75092157018262,0.15804047666034,0.675722668684688,-0.358248530853331,1.24979378246872,1.15934430343727,0.339780531723689,0.522826689596927,-0.122788968249127,-0.410288243425013,0.830041471862194,0.751210108127635,-0.538949841922436
