"datetime","obs","pcr","precipitation","temperature","referencePotET","desalinationAbstraction","surfaceWaterInf","snowCoverSWE","directRunoff","snowFreeWater","industryWaterWithdrawal","interflowTotal","totalGroundwaterAbstraction","domesticWaterWithdrawal","surfaceWaterAbstraction","storUppTotal","totalEvaporation","livestockWaterWithdrawal","fossilGroundwaterAbstraction","storGroundwater","gwRecharge","baseflow","irrigationWaterWithdrawal","surfaceWaterStorage","storLowTotal","nonIrrWaterConsumption","airEntry1","airEntry2","aqThick","area_pcr","aridityIdx","bankArea","bankDepth","bankWidth","demAverage","forestFraction","groundwaterDepth","KSat1","KSat2","kSatAquifer","percolationImp","poreSize1","poreSize2","recessionCoeff","resWC1","resWC2","satWC1","satWC2","slopeLength","specificYield","storage2","storDepth1","tanSlope"
1979-01-01,0.000212448042421564,0.000239053150684932,-0.108842989791523,1.53463364090024,1.72021955451483,-1.87973925090579,-0.188297492591758,-0.0716127419823893,-0.632275452279343,-0.0450834817333716,-1.78300342431234,-0.803370372307697,-0.400539180695494,-1.33614474695957,-0.232875491582169,-0.667000076729936,1.28958675747204,1.26783959001103,-0.152183763105805,-0.509663697478455,-0.602056565809313,-0.63450105542983,0.170393868046196,-2.57072133248902,-0.385083138611518,-0.156974879457106,0.816729879197326,-0.368961836167767,-0.368769597078406,-0.15056316141992,-0.0728119696208657,-0.208146073900903,0.008040388901674,0.074821169710056,-0.337114697442373,0.573254640157037,0.446096226230428,-0.536811354739718,-0.493022847663343,-0.411660830371538,-0.003978288008088,-0.983410343189219,0.920236573251436,0.48847244167839,-0.475916620994384,0.185788448261389,-0.87845808831902,-0.432284300951652,-0.391926470155279,-0.270890639840477,-0.106571991079944,0.0877376545918492,0.293783279216066
1979-02-01,6.66598825831704e-05,4.53435616438356e-05,-0.800682236497342,1.57844181941814,1.11870847272385,-1.87973925090579,-0.128424605027356,-0.0716127419823893,-0.78533128412576,-0.0450834817333716,-1.23362356890647,-0.945648329461003,1.21995425195643,-0.984559626714558,-0.426784723193815,-1.13974533663371,0.374084411581673,1.77270163963636,-0.152183763105805,-0.560044679785467,-0.602137009626058,-0.655736683640956,0.433348014492936,-2.57401969557345,-0.788145632177917,0.770465247025073,0.816729879197326,-0.368961836167767,-0.368769597078406,-0.15056316141992,-0.0728119696208657,-0.208146073900903,0.008040388901674,0.074821169710056,-0.337114697442373,0.573254640157037,0.446096226230428,-0.536811354739718,-0.493022847663343,-0.411660830371538,-0.003978288008088,-0.983410343189219,0.920236573251436,0.48847244167839,-0.475916620994384,0.185788448261389,-0.87845808831902,-0.432284300951652,-0.391926470155279,-0.270890639840477,-0.106571991079944,0.0877376545918492,0.293783279216066
1979-03-01,0.00043984968625718,0.000517768767123288,0.327744880104494,0.915867925716099,0.097625967838018,-1.87973925090579,0.534942139713912,-0.0716127419823893,-0.434186423649803,-0.0450834817333716,-1.78300342431234,-0.403250016089189,-0.265979281485967,-1.4245414161461,-0.595428422044943,0.0658342534222511,-0.152207755674442,1.04368164251996,-0.152183763105805,-0.583909136604352,-0.607150077656679,-0.659121086497481,-0.372161518266416,-2.56819331802931,-1.00865611939693,-0.487348544136285,0.816729879197326,-0.368961836167767,-0.368769597078406,-0.15056316141992,-0.0728119696208657,-0.208146073900903,0.008040388901674,0.074821169710056,-0.337114697442373,0.573254640157037,0.446096226230428,-0.536811354739718,-0.493022847663343,-0.411660830371538,-0.003978288008088,-0.983410343189219,0.920236573251436,0.48847244167839,-0.475916620994384,0.185788448261389,-0.87845808831902,-0.432284300951652,-0.391926470155279,-0.270890639840477,-0.106571991079944,0.0877376545918492,0.293783279216066
1979-04-01,0.000351838684931507,0.000634310136986301,-0.574684383222284,-0.205328092048924,-0.578907512363383,-1.87973925090579,-0.174316994440722,-0.0716127419823893,-0.575064955872554,-0.0450834817333716,-1.61208492113409,-0.119056534885744,-0.829710890731471,-1.47702502257129,-0.565709121991817,1.1451270488911,-0.624337909623125,0.787519000162658,-0.152183763105805,-0.608217848647506,-0.604386929738418,-0.669345456324892,-0.691672893496954,-2.53984210200078,-0.817318764506928,-0.806683252586981,0.816729879197326,-0.368961836167767,-0.368769597078406,-0.15056316141992,-0.0728119696208657,-0.208146073900903,0.008040388901674,0.074821169710056,-0.337114697442373,0.573254640157037,0.446096226230428,-0.536811354739718,-0.493022847663343,-0.411660830371538,-0.003978288008088,-0.983410343189219,0.920236573251436,0.48847244167839,-0.475916620994384,0.185788448261389,-0.87845808831902,-0.432284300951652,-0.391926470155279,-0.270890639840477,-0.106571991079944,0.0877376545918492,0.293783279216066
1979-05-01,0.00024378824569156,0.00070464,-0.694939033672526,-1.02068541617093,-1.10089894042259,-1.87973925090579,1.02265887369809,-0.0716127419823893,-0.486765076899868,-0.0450834817333716,-1.78300342431234,-0.0893798071169823,-0.990597660768997,-1.73554835933886,-0.622959939002811,1.34262068184336,-1.15198576947165,0.243419329301444,-0.152183763105805,-0.606310112629421,-0.603112764024574,-0.66511119637117,-0.691672893496954,-2.53334763916666,-0.646915876886514,-1.66192517233921,0.816729879197326,-0.368961836167767,-0.368769597078406,-0.15056316141992,-0.0728119696208657,-0.208146073900903,0.008040388901674,0.074821169710056,-0.337114697442373,0.573254640157037,0.446096226230428,-0.536811354739718,-0.493022847663343,-0.411660830371538,-0.003978288008088,-0.983410343189219,0.920236573251436,0.48847244167839,-0.475916620994384,0.185788448261389,-0.87845808831902,-0.432284300951652,-0.391926470155279,-0.270890639840477,-0.106571991079944,0.0877376545918492,0.293783279216066
1979-06-01,0.00027731901369863,0.00077018301369863,-0.366734158227578,-1.12258107609785,-1.31446683369737,-1.87973925090579,-0.607712983986239,-0.0716127419823893,-0.0651354986091236,-0.0450834817333716,-1.61208492113409,0.0815527348870713,-0.997302107143765,-1.7593871677476,-0.6384897947101,1.20989776657329,-1.37679028348119,0.056728889943603,-0.152183763105805,-0.607493190598171,-0.5864713447802,-0.666230855445346,-0.691672893496954,-2.5284950063977,-0.390415430485314,-1.87753677297206,0.816729879197326,-0.368961836167767,-0.368769597078406,-0.15056316141992,-0.0728119696208657,-0.208146073900903,0.008040388901674,0.074821169710056,-0.337114697442373,0.573254640157037,0.446096226230428,-0.536811354739718,-0.493022847663343,-0.411660830371538,-0.003978288008088,-0.983410343189219,0.920236573251436,0.48847244167839,-0.475916620994384,0.185788448261389,-0.87845808831902,-0.432284300951652,-0.391926470155279,-0.270890639840477,-0.106571991079944,0.0877376545918492,0.293783279216066
1979-07-01,0.000631528130799823,0.0019053501369863,-0.305819653513431,-1.37752833016018,-1.18864394938065,-1.87973925090579,-0.607712983986239,-0.0716127419823893,0.0291869600645208,-0.0450834817333716,-1.78300342431234,0.335107976695548,-1.08506100229802,-1.89287115112653,-0.629409838752209,1.382063757307,-1.17183161867541,-0.166190549011693,-0.152183763105805,-0.195383763082586,0.401033143447582,-0.00161173877415008,-0.691672893496954,-2.48894705142777,0.230207196162099,-2.26113821805623,0.816729879197326,-0.368961836167767,-0.368769597078406,-0.15056316141992,-0.0728119696208657,-0.208146073900903,0.008040388901674,0.074821169710056,-0.337114697442373,0.573254640157037,0.446096226230428,-0.536811354739718,-0.493022847663343,-0.411660830371538,-0.003978288008088,-0.983410343189219,0.920236573251436,0.48847244167839,-0.475916620994384,0.185788448261389,-0.87845808831902,-0.432284300951652,-0.391926470155279,-0.270890639840477,-0.106571991079944,0.0877376545918492,0.293783279216066
1979-08-01,0.000787955103844456,0.00320271780821918,0.352405767692431,-1.40658400995942,-0.951794505338406,-1.87973925090579,-0.607712983986239,-0.0716127419823893,0.195270316065936,-0.0450834817333716,-1.78300342431234,0.499199692053256,-1.05970838826911,-1.84630723821355,-0.673675514653192,1.04435711035369,-0.71884855023405,-0.0428770063614867,-0.152183763105805,0.557196926201494,1.29593638047727,1.2105835878767,-0.691672893496954,-2.45205802802344,0.643954878049421,-2.08159542965013,0.816729879197326,-0.368961836167767,-0.368769597078406,-0.15056316141992,-0.0728119696208657,-0.208146073900903,0.008040388901674,0.074821169710056,-0.337114697442373,0.573254640157037,0.446096226230428,-0.536811354739718,-0.493022847663343,-0.411660830371538,-0.003978288008088,-0.983410343189219,0.920236573251436,0.48847244167839,-0.475916620994384,0.185788448261389,-0.87845808831902,-0.432284300951652,-0.391926470155279,-0.270890639840477,-0.106571991079944,0.0877376545918492,0.293783279216066
1979-09-01,0.000927595835616439,0.00397760876712329,1.26181636193596,-0.918909147191269,-0.570263673498227,-1.87973925090579,-0.607712983986239,-0.0716127419823893,1.24443110656231,-0.0450834817333716,-1.61208492113409,0.705743183310476,-0.947256557416977,-1.6631003538177,-0.637311454114898,0.805198428899009,-0.0255844671683364,0.310360190675067,-0.152183763105805,0.622048870872126,1.05674587861007,1.3087455970817,-0.691672893496954,-2.43675491025717,0.891254401287291,-1.50770649670266,0.816729879197326,-0.368961836167767,-0.368769597078406,-0.15056316141992,-0.0728119696208657,-0.208146073900903,0.008040388901674,0.074821169710056,-0.337114697442373,0.573254640157037,0.446096226230428,-0.536811354739718,-0.493022847663343,-0.411660830371538,-0.003978288008088,-0.983410343189219,0.920236573251436,0.48847244167839,-0.475916620994384,0.185788448261389,-0.87845808831902,-0.432284300951652,-0.391926470155279,-0.270890639840477,-0.106571991079944,0.0877376545918492,0.293783279216066
1979-10-01,0.00191585456473707,0.00472759232876712,0.92624502698808,-0.205384875548231,0.253068328007559,-1.87973925090579,-0.607712983986239,-0.0716127419823893,1.22653111243151,-0.0450834817333716,-1.78300342431234,0.847764157314855,-0.937683649073964,-1.64594782604508,-0.625179635162959,0.508060774718854,1.26059046463227,0.477668176876967,-0.152183763105805,0.890948382370137,1.63073870903227,1.7282440758617,-0.691672893496954,-2.41176538398338,1.2035966755164,-1.31964035897549,0.816729879197326,-0.368961836167767,-0.368769597078406,-0.15056316141992,-0.0728119696208657,-0.208146073900903,0.008040388901674,0.074821169710056,-0.337114697442373,0.573254640157037,0.446096226230428,-0.536811354739718,-0.493022847663343,-0.411660830371538,-0.003978288008088,-0.983410343189219,0.920236573251436,0.48847244167839,-0.475916620994384,0.185788448261389,-0.87845808831902,-0.432284300951652,-0.391926470155279,-0.270890639840477,-0.106571991079944,0.0877376545918492,0.293783279216066
1979-11-01,0.000231973698630137,0.00206889205479452,-0.951624004513262,0.406188845451889,0.946496773291668,-1.87973925090579,-0.607712983986239,-0.0716127419823893,-0.599550467907483,-0.0450834817333716,-1.61208492113409,-0.764954084625877,-0.747985086875175,-1.44550388868653,-0.405485868522525,-1.07806922880559,1.29789807953056,0.867752714761144,-0.152183763105805,-0.176260244152881,-0.512346255765742,0.0238937755679202,-0.0265735045180799,-2.51308733424085,0.485184130599358,-0.688558150980654,0.816729879197326,-0.368961836167767,-0.368769597078406,-0.15056316141992,-0.0728119696208657,-0.208146073900903,0.008040388901674,0.074821169710056,-0.337114697442373,0.573254640157037,0.446096226230428,-0.536811354739718,-0.493022847663343,-0.411660830371538,-0.003978288008088,-0.983410343189219,0.920236573251436,0.48847244167839,-0.475916620994384,0.185788448261389,-0.87845808831902,-0.432284300951652,-0.391926470155279,-0.270890639840477,-0.106571991079944,0.0877376545918492,0.293783279216066
1979-12-01,0.000114853840035351,0.000140054794520548,-0.834805257647838,0.784688432801702,1.5604353722556,-1.87973925090579,-0.607712983986239,-0.0716127419823893,-0.730157162478012,-0.0450834817333716,-1.78300342431234,-0.911320512573221,-0.713042714149808,-1.43961530044426,-0.382409340260141,-1.60265582081983,0.515974651612405,1.00387612426288,-0.152183763105805,-0.575774465471904,-0.58427547256584,-0.615563669503015,1.08274508654511,-2.57292783706306,-0.190853146918111,-0.545351025304676,0.816729879197326,-0.368961836167767,-0.368769597078406,-0.15056316141992,-0.0728119696208657,-0.208146073900903,0.008040388901674,0.074821169710056,-0.337114697442373,0.573254640157037,0.446096226230428,-0.536811354739718,-0.493022847663343,-0.411660830371538,-0.003978288008088,-0.983410343189219,0.920236573251436,0.48847244167839,-0.475916620994384,0.185788448261389,-0.87845808831902,-0.432284300951652,-0.391926470155279,-0.270890639840477,-0.106571991079944,0.0877376545918492,0.293783279216066
1980-01-01,0.000111781670349094,2.80372602739726e-05,-1.26248992418585,0.995937610095295,1.28329400800133,-1.87973925090579,-0.607712983986239,-0.0716127419823893,-0.778758213293738,-0.0450834817333716,-1.63254585925592,-0.957522968141532,-0.438576035567367,-1.19577004468478,-0.582421373978219,-1.82218940387343,-0.0839290102994659,1.3295474903284,-0.152183763105805,-0.607087777338549,-0.595657247120806,-0.665530131759012,1.28757880599634,-2.57435293462231,-0.717490489761828,0.0634082966629875,0.816729879197326,-0.368961836167767,-0.368769597078406,-0.15056316141992,-0.0728119696208657,-0.208146073900903,0.008040388901674,0.074821169710056,-0.337114697442373,0.573254640157037,0.446096226230428,-0.536811354739718,-0.493022847663343,-0.411660830371538,-0.003978288008088,-0.983410343189219,0.920236573251436,0.48847244167839,-0.475916620994384,0.185788448261389,-0.87845808831902,-0.432284300951652,-0.391926470155279,-0.270890639840477,-0.106571991079944,0.0877376545918492,0.293783279216066
1980-02-01,3.36258478979688e-05,5.31287671232877e-06,-0.950647537466203,1.08343137301209,1.06296861306392,-1.87973925090579,0.146976247009163,-0.0716127419823893,-0.791267972878866,-0.0450834817333716,-1.38421792284328,-0.964735652780187,-0.13970727052667,-1.05410785471469,-0.70332214123519,-1.7750815394344,-0.206609500142684,1.67080247107566,4.06849607185628,-0.609877312940996,-0.600565977574303,-0.671237968244746,0.178133021702188,-2.57517805673624,-1.13856245970842,0.583285245293774,0.816729879197326,-0.368961836167767,-0.368769597078406,-0.15056316141992,-0.0728119696208657,-0.208146073900903,0.008040388901674,0.074821169710056,-0.337114697442373,0.573254640157037,0.446096226230428,-0.536811354739718,-0.493022847663343,-0.411660830371538,-0.003978288008088,-0.983410343189219,0.920236573251436,0.48847244167839,-0.475916620994384,0.185788448261389,-0.87845808831902,-0.432284300951652,-0.391926470155279,-0.270890639840477,-0.106571991079944,0.0877376545918492,0.293783279216066
1980-03-01,2.83180910296068e-05,3.36394520547945e-05,-0.671417821469567,0.682729146235812,0.312282986672761,-1.87973925090579,-0.0211086164947475,-0.0716127419823893,-0.742465356569362,-0.0450834817333716,-1.84661376109826,-0.952016495755217,-1.14355970669183,-1.46654232119778,-0.720238477114977,-1.09053046623983,0.000458258751711233,1.10223689265373,7.03341868513143,-0.608976757871875,-0.60200079667159,-0.670105171330937,-0.27758607882149,-2.57449926590046,-1.38781659654871,-0.472870822502248,0.816729879197326,-0.368961836167767,-0.368769597078406,-0.15056316141992,-0.0728119696208657,-0.208146073900903,0.008040388901674,0.074821169710056,-0.337114697442373,0.573254640157037,0.446096226230428,-0.536811354739718,-0.493022847663343,-0.411660830371538,-0.003978288008088,-0.983410343189219,0.920236573251436,0.48847244167839,-0.475916620994384,0.185788448261389,-0.87845808831902,-0.432284300951652,-0.391926470155279,-0.270890639840477,-0.106571991079944,0.0877376545918492,0.293783279216066
1980-04-01,0.00015130301369863,0.000354358356164384,0.403313303088884,0.231344297557583,-0.531103441345967,-1.87973925090579,0.902751516522654,-0.0716127419823893,-0.511787172634989,-0.0450834817333716,-1.6268249592749,-0.329644874399643,-1.36786544097437,-1.47802647702336,-0.741187102341054,-0.251242792291022,-0.705250689720365,0.842460982673621,5.248802079437,-0.607108788284569,-0.602557899996895,-0.666922410542273,-0.507880622391113,-2.56351406126667,-1.47041383078829,-0.75044054230566,0.816729879197326,-0.368961836167767,-0.368769597078406,-0.15056316141992,-0.0728119696208657,-0.208146073900903,0.008040388901674,0.074821169710056,-0.337114697442373,0.573254640157037,0.446096226230428,-0.536811354739718,-0.493022847663343,-0.411660830371538,-0.003978288008088,-0.983410343189219,0.920236573251436,0.48847244167839,-0.475916620994384,0.185788448261389,-0.87845808831902,-0.432284300951652,-0.391926470155279,-0.270890639840477,-0.106571991079944,0.0877376545918492,0.293783279216066
1980-05-01,0.000299996818382679,0.00141998465753425,0.108611293019762,-0.263731522672034,-1.0795956454631,-1.87973925090579,-0.106146259189903,-0.0716127419823893,-0.247841689113018,-0.0450834817333716,-1.63254522154552,1.05107638153328,-0.982687099043986,-1.61307135891244,-0.688441226271374,1.45192288826212,-1.11456016443231,0.29068191977818,-0.152183763105805,-0.606192718342315,-0.595962864754414,-0.664843862543046,-0.691672893496954,-2.52170201792658,-1.18363741679969,-1.47584406578889,0.816729879197326,-0.368961836167767,-0.368769597078406,-0.15056316141992,-0.0728119696208657,-0.208146073900903,0.008040388901674,0.074821169710056,-0.337114697442373,0.573254640157037,0.446096226230428,-0.536811354739718,-0.493022847663343,-0.411660830371538,-0.003978288008088,-0.983410343189219,0.920236573251436,0.48847244167839,-0.475916620994384,0.185788448261389,-0.87845808831902,-0.432284300951652,-0.391926470155279,-0.270890639840477,-0.106571991079944,0.0877376545918492,0.293783279216066
1980-06-01,0.000898608219178081,0.0019159495890411,0.262772430786033,-1.04261555304021,-1.31575258881575,-1.87973925090579,-0.607712983986239,-0.0716127419823893,0.241712799613469,-0.0450834817333716,-1.4566120826521,1.29701843135359,-0.989526232634957,-1.63798262293292,-0.625905038858279,1.69523708007615,-1.35443927240368,0.1013480658695,-0.152183763105805,-0.605432047984143,-0.585206103303473,-0.663365162680591,-0.691672893496954,-2.50684699217902,-0.506006964237009,-1.69519493915091,0.816729879197326,-0.368961836167767,-0.368769597078406,-0.15056316141992,-0.0728119696208657,-0.208146073900903,0.008040388901674,0.074821169710056,-0.337114697442373,0.573254640157037,0.446096226230428,-0.536811354739718,-0.493022847663343,-0.411660830371538,-0.003978288008088,-0.983410343189219,0.920236573251436,0.48847244167839,-0.475916620994384,0.185788448261389,-0.87845808831902,-0.432284300951652,-0.391926470155279,-0.270890639840477,-0.106571991079944,0.0877376545918492,0.293783279216066
1980-07-01,0.000692830684931507,0.00275564712328767,0.178605316370058,-1.49394312318349,-1.25111204355097,-1.87973925090579,-0.607712983986239,-0.0716127419823893,0.862361868357022,-0.0450834817333716,-1.63254522154552,1.11902039294521,-1.07764837863325,-1.77744580555788,-0.673170746426131,1.15748567107687,-1.23059143409063,-0.124711012766892,-0.152183763105805,-0.266259419868471,0.252451071162685,-0.12271033783891,-0.691672893496954,-2.47092137795621,0.545241801306713,-2.08866817001866,0.816729879197326,-0.368961836167767,-0.368769597078406,-0.15056316141992,-0.0728119696208657,-0.208146073900903,0.008040388901674,0.074821169710056,-0.337114697442373,0.573254640157037,0.446096226230428,-0.536811354739718,-0.493022847663343,-0.411660830371538,-0.003978288008088,-0.983410343189219,0.920236573251436,0.48847244167839,-0.475916620994384,0.185788448261389,-0.87845808831902,-0.432284300951652,-0.391926470155279,-0.270890639840477,-0.106571991079944,0.0877376545918492,0.293783279216066
1980-08-01,0.00064822695536898,0.00339816328767123,0.532500243531607,-0.875248460172846,-0.880088119367797,-1.87973925090579,-0.607712983986239,-0.0716127419823893,0.319831066503986,-0.0450834817333716,-1.63254522154552,0.373167703815983,-1.05212847498902,-1.72879265534662,-0.663094454560586,0.675849193523805,-0.647942389345474,0.000349361034126541,-0.152183763105805,0.642660149451971,1.44884201382241,1.32791793256013,-0.691672893496954,-2.44354730062978,1.04390387340968,-1.90505795488601,0.816729879197326,-0.368961836167767,-0.368769597078406,-0.15056316141992,-0.0728119696208657,-0.208146073900903,0.008040388901674,0.074821169710056,-0.337114697442373,0.573254640157037,0.446096226230428,-0.536811354739718,-0.493022847663343,-0.411660830371538,-0.003978288008088,-0.983410343189219,0.920236573251436,0.48847244167839,-0.475916620994384,0.185788448261389,-0.87845808831902,-0.432284300951652,-0.391926470155279,-0.270890639840477,-0.106571991079944,0.0877376545918492,0.293783279216066
1980-09-01,0.000915023780821919,0.00427102684931507,0.893183667996131,-0.380277034222725,-0.255069857123426,-1.87973925090579,-0.607712983986239,-0.0716127419823893,0.603564443874739,-0.0450834817333716,-1.4566120826521,0.497019970272038,-0.939091361705969,-1.53737352888308,-0.625162425909616,0.598525074711997,0.31024633150271,0.358578254194701,-0.152183763105805,1.11856035478149,2.27353003782352,2.06125002154253,-0.691672893496954,-2.41566885698572,1.29023400053075,-1.3169631993309,0.816729879197326,-0.368961836167767,-0.368769597078406,-0.15056316141992,-0.0728119696208657,-0.208146073900903,0.008040388901674,0.074821169710056,-0.337114697442373,0.573254640157037,0.446096226230428,-0.536811354739718,-0.493022847663343,-0.411660830371538,-0.003978288008088,-0.983410343189219,0.920236573251436,0.48847244167839,-0.475916620994384,0.185788448261389,-0.87845808831902,-0.432284300951652,-0.391926470155279,-0.270890639840477,-0.106571991079944,0.0877376545918492,0.293783279216066
1980-10-01,0.000487101369863014,0.0037322695890411,0.22359282391405,-0.0961838000373914,0.217946379137033,-1.87973925090579,-0.607712983986239,-0.0716127419823893,-0.0654507646782335,-0.0450834817333716,-1.63254522154552,-0.269492969346982,-0.866853058312024,-1.51945418858605,-0.564681123563452,0.0483711334305515,1.10387075056292,0.528241597857105,-0.152183763105805,0.709336070225995,0.472677664949628,1.42396260027332,-0.691672893496954,-2.43964116439634,1.0038721309342,-1.12578789263072,0.816729879197326,-0.368961836167767,-0.368769597078406,-0.15056316141992,-0.0728119696208657,-0.208146073900903,0.008040388901674,0.074821169710056,-0.337114697442373,0.573254640157037,0.446096226230428,-0.536811354739718,-0.493022847663343,-0.411660830371538,-0.003978288008088,-0.983410343189219,0.920236573251436,0.48847244167839,-0.475916620994384,0.185788448261389,-0.87845808831902,-0.432284300951652,-0.391926470155279,-0.270890639840477,-0.106571991079944,0.0877376545918492,0.293783279216066
1980-11-01,0.000238617424657534,0.00116491397260274,-0.473198422312114,0.362495544321043,0.93318528006896,-1.87973925090579,-0.607712983986239,-0.0716127419823893,-0.486617621231101,-0.0450834817333716,-1.4566120826521,-0.716853402702894,-0.596410232570723,-1.31002961883184,-0.455600279072701,-0.761455784125549,1.35295910344543,0.923821589391742,-0.152183763105805,-0.411532908820452,-0.501063851256342,-0.353838571581277,0.111302779840474,-2.5582722491823,0.40145033337718,-0.479150463942297,0.816729879197326,-0.368961836167767,-0.368769597078406,-0.15056316141992,-0.0728119696208657,-0.208146073900903,0.008040388901674,0.074821169710056,-0.337114697442373,0.573254640157037,0.446096226230428,-0.536811354739718,-0.493022847663343,-0.411660830371538,-0.003978288008088,-0.983410343189219,0.920236573251436,0.48847244167839,-0.475916620994384,0.185788448261389,-0.87845808831902,-0.432284300951652,-0.391926470155279,-0.270890639840477,-0.106571991079944,0.0877376545918492,0.293783279216066
1980-12-01,0.000167333557224923,0.000253624109589041,-0.519988762552532,0.915815510178277,1.53048606497386,-1.87973925090579,-0.607712983986239,-0.0716127419823893,-0.606437590460115,-0.0450834817333716,-1.63254522154552,-0.807180707994034,-0.759046491277077,-1.30387618499399,-0.457328157008077,-0.851300524195935,1.18204181336956,1.06186553166532,-0.152183763105805,-0.591897173242612,-0.594714231784928,-0.641364550378399,0.767562836123736,-2.57102984050301,-0.259975971368085,-0.333827045490517,0.816729879197326,-0.368961836167767,-0.368769597078406,-0.15056316141992,-0.0728119696208657,-0.208146073900903,0.008040388901674,0.074821169710056,-0.337114697442373,0.573254640157037,0.446096226230428,-0.536811354739718,-0.493022847663343,-0.411660830371538,-0.003978288008088,-0.983410343189219,0.920236573251436,0.48847244167839,-0.475916620994384,0.185788448261389,-0.87845808831902,-0.432284300951652,-0.391926470155279,-0.270890639840477,-0.106571991079944,0.0877376545918492,0.293783279216066
1981-01-01,5.72742023862131e-05,5.13402739726027e-05,-0.917418571231737,1.79675908638829,1.71465780200734,-1.87973925090579,-0.104703054543253,-0.0716127419823893,-0.775609814599473,-0.0450834817333716,-1.39218962167426,-0.95271896704148,1.01906263293732,-0.995483436880035,-0.49417102313281,-1.12028820962147,0.634026807195191,1.25774777690886,-0.152183763105805,-0.605014070506753,-0.597284267386447,-0.667090931305088,0.667235052180327,-2.57402829408591,-0.790694957542793,0.210468166633527,0.816729879197326,-0.368961836167767,-0.368769597078406,-0.15056316141992,-0.0728119696208657,-0.208146073900903,0.008040388901674,0.074821169710056,-0.337114697442373,0.573254640157037,0.446096226230428,-0.536811354739718,-0.493022847663343,-0.411660830371538,-0.003978288008088,-0.983410343189219,0.920236573251436,0.48847244167839,-0.475916620994384,0.185788448261389,-0.87845808831902,-0.432284300951652,-0.391926470155279,-0.270890639840477,-0.106571991079944,0.0877376545918492,0.293783279216066
1981-02-01,1.80305283757339e-05,2.1041095890411e-06,-1.24816146201432,1.80411327754213,1.17061460246403,-1.87973925090579,-0.323454952391109,-0.0716127419823893,-0.80445518647862,-0.0450834817333716,-0.99274951048158,-0.968898584161509,-0.593753772905236,-0.774163355375189,-0.661439391027438,-1.81017188237467,-0.140930988913644,1.76143842480076,6.91947082846607,-0.608812785026467,-0.600482390668579,-0.671763172670983,0.41793631949171,-2.57542954956523,-1.1965245962493,0.992085070883294,0.816729879197326,-0.368961836167767,-0.368769597078406,-0.15056316141992,-0.0728119696208657,-0.208146073900903,0.008040388901674,0.074821169710056,-0.337114697442373,0.573254640157037,0.446096226230428,-0.536811354739718,-0.493022847663343,-0.411660830371538,-0.003978288008088,-0.983410343189219,0.920236573251436,0.48847244167839,-0.475916620994384,0.185788448261389,-0.87845808831902,-0.432284300951652,-0.391926470155279,-0.270890639840477,-0.106571991079944,0.0877376545918492,0.293783279216066
1981-03-01,0.000104480919133893,6.43331506849315e-05,0.156173237035988,0.864872557771808,0.242318471316526,-1.87973925090579,0.481901345116673,-0.0716127419823893,-0.680089835575158,-0.0450834817333716,-1.60643799555925,-0.931898619533798,-1.74279686042401,-1.27468546694987,-0.745439604362298,-0.0823349035632022,0.0977267954433699,1.03410933649988,7.12127106315804,-0.608339393994125,-0.602274051524263,-0.670594392025745,-0.341143129009529,-2.57346932735524,-1.43212759002516,-0.330942175183844,0.816729879197326,-0.368961836167767,-0.368769597078406,-0.15056316141992,-0.0728119696208657,-0.208146073900903,0.008040388901674,0.074821169710056,-0.337114697442373,0.573254640157037,0.446096226230428,-0.536811354739718,-0.493022847663343,-0.411660830371538,-0.003978288008088,-0.983410343189219,0.920236573251436,0.48847244167839,-0.475916620994384,0.185788448261389,-0.87845808831902,-0.432284300951652,-0.391926470155279,-0.270890639840477,-0.106571991079944,0.0877376545918492,0.293783279216066
1981-04-01,0.000127450301369863,0.000177586849315068,-0.318838795197581,0.311483578123109,-0.404988717630342,-1.87973925090579,0.902751516522654,-0.0716127419823893,-0.706172745855243,-0.0450834817333716,-1.39220148308766,-0.528188522635552,-1.34021388091105,-1.29979959142654,-0.617705150649644,0.438845364419591,-0.612002594880737,0.7785408404232,5.86926574797022,-0.605718763260207,-0.602326637211493,-0.666158372432595,-0.219851440926862,-2.56865431340272,-1.50789134204811,-0.618825787145331,0.816729879197326,-0.368961836167767,-0.368769597078406,-0.15056316141992,-0.0728119696208657,-0.208146073900903,0.008040388901674,0.074821169710056,-0.337114697442373,0.573254640157037,0.446096226230428,-0.536811354739718,-0.493022847663343,-0.411660830371538,-0.003978288008088,-0.983410343189219,0.920236573251436,0.48847244167839,-0.475916620994384,0.185788448261389,-0.87845808831902,-0.432284300951652,-0.391926470155279,-0.270890639840477,-0.106571991079944,0.0877376545918492,0.293783279216066
1981-05-01,0.000239401007512152,0.00130415342465753,-0.0108292009857088,-0.664001903656144,-1.09801966866124,-1.87973925090579,0.229674729819203,-0.0716127419823893,-0.419734544602198,-0.0450834817333716,-1.39218962167426,0.996830488147758,-0.872932047313697,-1.43831879672869,-0.566547004364815,1.15532450707422,-1.2035947221843,0.235687667002806,-0.152183763105805,-0.606077507949661,-0.60277334183547,-0.666236933297484,-0.691672893496954,-2.53296700814601,-1.20482063523376,-1.33831893258777,0.816729879197326,-0.368961836167767,-0.368769597078406,-0.15056316141992,-0.0728119696208657,-0.208146073900903,0.008040388901674,0.074821169710056,-0.337114697442373,0.573254640157037,0.446096226230428,-0.536811354739718,-0.493022847663343,-0.411660830371538,-0.003978288008088,-0.983410343189219,0.920236573251436,0.48847244167839,-0.475916620994384,0.185788448261389,-0.87845808831902,-0.432284300951652,-0.391926470155279,-0.270890639840477,-0.106571991079944,0.0877376545918492,0.293783279216066
1981-06-01,0.00227557873972603,0.00470918136986301,2.45576022497002,-1.21726234875821,-1.32954724776046,-1.87973925090579,-0.607712983986239,-0.0716127419823893,2.8911228716798,-0.0450834817333716,-1.20824397048439,3.74698053450164,-0.880238684278504,-1.46474542835692,-0.640527188661487,1.52348887999689,-1.28625027305313,0.0494322805880515,-0.152183763105805,-0.595909686417879,-0.574451903275907,-0.658927023667808,-0.691672893496954,-2.47835133005628,0.221413949199713,-1.55574127014978,0.816729879197326,-0.368961836167767,-0.368769597078406,-0.15056316141992,-0.0728119696208657,-0.208146073900903,0.008040388901674,0.074821169710056,-0.337114697442373,0.573254640157037,0.446096226230428,-0.536811354739718,-0.493022847663343,-0.411660830371538,-0.003978288008088,-0.983410343189219,0.920236573251436,0.48847244167839,-0.475916620994384,0.185788448261389,-0.87845808831902,-0.432284300951652,-0.391926470155279,-0.270890639840477,-0.106571991079944,0.0877376545918492,0.293783279216066
1981-07-01,0.00126280258064516,0.00380864876712329,0.693044640736513,-1.49393622180435,-1.23909647101597,-1.87973925090579,-0.607712983986239,-0.0716127419823893,0.948230963170122,-0.0450834817333716,-1.39218962167426,1.68396972071008,-0.973776643704271,-1.6127488107871,-0.668551635633925,0.665070248932737,-1.11798850507528,-0.172983400840804,-0.152183763105805,0.503152990324883,1.4005569990984,0.26658873128358,-0.691672893496954,-2.4522064467331,1.48449882376479,-1.95478831085587,0.816729879197326,-0.368961836167767,-0.368769597078406,-0.15056316141992,-0.0728119696208657,-0.208146073900903,0.008040388901674,0.074821169710056,-0.337114697442373,0.573254640157037,0.446096226230428,-0.536811354739718,-0.493022847663343,-0.411660830371538,-0.003978288008088,-0.983410343189219,0.920236573251436,0.48847244167839,-0.475916620994384,0.185788448261389,-0.87845808831902,-0.432284300951652,-0.391926470155279,-0.270890639840477,-0.106571991079944,0.0877376545918492,0.293783279216066
1981-08-01,0.00268136526734424,0.00635225424657534,2.5672906805473,-1.26829598004511,-1.00626332728943,-1.87973925090579,-0.607712983986239,-0.0716127419823893,2.71514767881536,-0.0450834817333716,-1.39218962167426,1.33764327031315,-0.946677489095814,-1.56112420569363,-0.656928844160103,0.453892546835402,-0.673179676578783,-0.0499567740087835,-0.152183763105805,3.34888672656227,3.87333422855184,2.89549742945018,-0.691672893496954,-2.40749554743108,2.17019719325002,-1.77015012027061,0.816729879197326,-0.368961836167767,-0.368769597078406,-0.15056316141992,-0.0728119696208657,-0.208146073900903,0.008040388901674,0.074821169710056,-0.337114697442373,0.573254640157037,0.446096226230428,-0.536811354739718,-0.493022847663343,-0.411660830371538,-0.003978288008088,-0.983410343189219,0.920236573251436,0.48847244167839,-0.475916620994384,0.185788448261389,-0.87845808831902,-0.432284300951652,-0.391926470155279,-0.270890639840477,-0.106571991079944,0.0877376545918492,0.293783279216066
1981-09-01,0.00118588756164383,0.00482348712328767,-0.505830573898346,-0.431217511451019,-0.282350159093018,-1.87973925090579,-0.607712983986239,-0.0716127419823893,-0.443330147249188,-0.0450834817333716,-1.20824499082102,-0.441179214259469,-0.826686786990855,-1.35799642449965,-0.619487819465321,-0.580009289323779,0.4781362873777,0.302472630600914,-0.152183763105805,4.54034760367632,1.92938223078814,2.9314785987867,-0.691672893496954,-2.42107728125935,2.06788027851436,-1.17537496670869,0.816729879197326,-0.368961836167767,-0.368769597078406,-0.15056316141992,-0.0728119696208657,-0.208146073900903,0.008040388901674,0.074821169710056,-0.337114697442373,0.573254640157037,0.446096226230428,-0.536811354739718,-0.493022847663343,-0.411660830371538,-0.003978288008088,-0.983410343189219,0.920236573251436,0.48847244167839,-0.475916620994384,0.185788448261389,-0.87845808831902,-0.432284300951652,-0.391926470155279,-0.270890639840477,-0.106571991079944,0.0877376545918492,0.293783279216066
1981-10-01,0.000639071533362792,0.00366512219178082,-0.0504157514197322,-0.016182838252229,0.403842040239161,-1.87973925090579,-0.607712983986239,-0.0716127419823893,0.346094558780697,-0.0450834817333716,-1.39218962167426,-0.128883242791275,-0.76042284433192,-1.33897442492295,-0.562335763838167,-0.668962254020628,1.37430560420052,0.469406051283609,-0.152183399887827,2.43895142498115,0.136207639540501,1.08343691387882,-0.642985299022096,-2.50811567986827,1.56244567939088,-0.986200317566181,0.816729879197326,-0.368961836167767,-0.368769597078406,-0.15056316141992,-0.0728119696208657,-0.208146073900903,0.008040388901674,0.074821169710056,-0.337114697442373,0.573254640157037,0.446096226230428,-0.536811354739718,-0.493022847663343,-0.411660830371538,-0.003978288008088,-0.983410343189219,0.920236573251436,0.48847244167839,-0.475916620994384,0.185788448261389,-0.87845808831902,-0.432284300951652,-0.391926470155279,-0.270890639840477,-0.106571991079944,0.0877376545918492,0.293783279216066
1981-11-01,0.000173235726027397,0.000891563835616439,-0.488093203052455,0.275221344268237,0.729171556428841,-1.87973925090579,-0.607712983986239,-0.0716127419823893,-0.355395351422507,-0.0450834817333716,-1.20824397048439,-0.774353066130873,-0.580845043734323,-1.11673290614598,-0.481996329808119,-1.07055096517507,1.26138427559503,0.858589212424736,-0.152183763105805,0.799017954114241,-0.608834844365466,-0.144967403902207,0.0170855013298111,-2.56455990647876,0.722306466365978,-0.332327393742765,0.816729879197326,-0.368961836167767,-0.368769597078406,-0.15056316141992,-0.0728119696208657,-0.208146073900903,0.008040388901674,0.074821169710056,-0.337114697442373,0.573254640157037,0.446096226230428,-0.536811354739718,-0.493022847663343,-0.411660830371538,-0.003978288008088,-0.983410343189219,0.920236573251436,0.48847244167839,-0.475916620994384,0.185788448261389,-0.87845808831902,-0.432284300951652,-0.391926470155279,-0.270890639840477,-0.106571991079944,0.0877376545918492,0.293783279216066
1981-12-01,0.000107813557224923,0.00030693698630137,-0.895686187049343,0.886755171220125,1.30143305992498,-1.87973925090579,-0.607712983986239,-0.0716127419823893,-0.721768108053875,-0.0450834817333716,-1.39218962167426,-0.922906223278923,-0.328309114609836,-1.11020733607127,-0.361677044274234,-1.59679758958175,0.679328794901627,0.994390554926107,-0.152183763105805,0.123544472605295,-0.604410597678684,-0.454183454903954,2.02102448339646,-2.56948224999896,-0.0248565718342066,-0.189271002540311,0.816729879197326,-0.368961836167767,-0.368769597078406,-0.15056316141992,-0.0728119696208657,-0.208146073900903,0.008040388901674,0.074821169710056,-0.337114697442373,0.573254640157037,0.446096226230428,-0.536811354739718,-0.493022847663343,-0.411660830371538,-0.003978288008088,-0.983410343189219,0.920236573251436,0.48847244167839,-0.475916620994384,0.185788448261389,-0.87845808831902,-0.432284300951652,-0.391926470155279,-0.270890639840477,-0.106571991079944,0.0877376545918492,0.293783279216066
1982-01-01,5.91186920017675e-05,0.000133768767123288,-1.00060221626272,1.57833014520284,1.73751654706126,-1.87973925090579,-0.188297492591758,-0.0716127419823893,-0.785591229292773,-0.0450834817333716,-1.25970847502881,-0.954668511845472,0.637581180514752,-0.861876384824347,-0.314537391746799,-1.64429358669667,0.505926422656,1.36689105630628,-0.0594572228235977,-0.200275557538927,-0.602295709307899,-0.559496146823064,0.750776251091342,-2.57183145004415,-0.633348133285562,0.472918281159667,0.816729879197326,-0.368961836167767,-0.368769597078406,-0.15056316141992,-0.0728119696208657,-0.208146073900903,0.008040388901674,0.074821169710056,-0.337114697442373,0.573254640157037,0.446096226230428,-0.536811354739718,-0.493022847663343,-0.411660830371538,-0.003978288008088,-0.983410343189219,0.920236573251436,0.48847244167839,-0.475916620994384,0.185788448261389,-0.87845808831902,-0.432284300951652,-0.391926470155279,-0.270890639840477,-0.106571991079944,0.0877376545918492,0.293783279216066
1982-02-01,1.62824266144814e-05,6.80942465753425e-05,-1.07925032133311,1.57833043640027,1.37087793273929,-1.87973925090579,-0.143360151831085,-0.0716127419823893,-0.79623688149225,-0.0450834817333716,-0.889783514189648,-0.967121808095622,-0.183750134739076,-0.666918695803278,-0.407593994227646,-1.91871696199989,-0.0923796149871419,1.88316651218198,8.62340313542193,-0.368789501582867,-0.601145739035686,-0.60584887619323,0.50753529628838,-2.57308212232917,-1.1059069091936,1.23855949486866,0.816729879197326,-0.368961836167767,-0.368769597078406,-0.15056316141992,-0.0728119696208657,-0.208146073900903,0.008040388901674,0.074821169710056,-0.337114697442373,0.573254640157037,0.446096226230428,-0.536811354739718,-0.493022847663343,-0.411660830371538,-0.003978288008088,-0.983410343189219,0.920236573251436,0.48847244167839,-0.475916620994384,0.185788448261389,-0.87845808831902,-0.432284300951652,-0.391926470155279,-0.270890639840477,-0.106571991079944,0.0877376545918492,0.293783279216066
1982-03-01,2.82587008395935e-05,8.36383561643836e-05,0.0595247245795043,0.923102725922673,0.248153085837547,-1.87973925090579,0.603243446640478,-0.0716127419823893,-0.755812679009016,-0.0450834817333716,-1.45578720425221,-0.892185735873933,-0.832303041586648,-1.13184646093336,-0.592621121488316,-0.807177460436377,-0.160107981427155,1.13766654523823,6.65810378083153,-0.465406025047427,-0.601731487795467,-0.629283750291421,-0.294920436628625,-2.57265289027493,-1.35116520603328,-0.0638447749995118,0.816729879197326,-0.368961836167767,-0.368769597078406,-0.15056316141992,-0.0728119696208657,-0.208146073900903,0.008040388901674,0.074821169710056,-0.337114697442373,0.573254640157037,0.446096226230428,-0.536811354739718,-0.493022847663343,-0.411660830371538,-0.003978288008088,-0.983410343189219,0.920236573251436,0.48847244167839,-0.475916620994384,0.185788448261389,-0.87845808831902,-0.432284300951652,-0.391926470155279,-0.270890639840477,-0.106571991079944,0.0877376545918492,0.293783279216066
1982-04-01,5.24975342465753e-05,0.000234713424657534,-0.480395658648394,0.0567472674807691,-0.53720582578104,-1.87973925090579,-0.174316994440722,-0.0716127419823893,-0.695770719051975,-0.0450834817333716,-1.06888097207825,-0.453428471747501,-0.621608158620853,-1.02206694726106,-0.498508005519651,0.685405985076316,-0.693478256841947,0.875709435927508,-0.152183763105805,-0.526053142871159,-0.603368580915365,-0.644367218572324,-0.691672893496954,-2.55750889943864,-1.36759124548209,-0.20807362557577,0.816729879197326,-0.368961836167767,-0.368769597078406,-0.15056316141992,-0.0728119696208657,-0.208146073900903,0.008040388901674,0.074821169710056,-0.337114697442373,0.573254640157037,0.446096226230428,-0.536811354739718,-0.493022847663343,-0.411660830371538,-0.003978288008088,-0.983410343189219,0.920236573251436,0.48847244167839,-0.475916620994384,0.185788448261389,-0.87845808831902,-0.432284300951652,-0.391926470155279,-0.270890639840477,-0.106571991079944,0.0877376545918492,0.293783279216066
1982-05-01,0.000175571825011047,0.000954161095890411,-0.17155233735497,-0.576759152926031,-1.0257225991511,-1.87973925090579,0.603243446640478,-0.0716127419823893,-0.571979666660414,-0.0450834817333716,-1.25732088729846,0.379836461385337,-0.799924639451266,-1.31990261183424,-0.53783670835943,1.5206262403275,-1.09395124896822,0.319285395386824,-0.152183763105805,-0.559427845806716,-0.595165596630967,-0.645893774332276,-0.691672893496954,-2.52218809145769,-1.03419489934105,-1.11888728285716,0.816729879197326,-0.368961836167767,-0.368769597078406,-0.15056316141992,-0.0728119696208657,-0.208146073900903,0.008040388901674,0.074821169710056,-0.337114697442373,0.573254640157037,0.446096226230428,-0.536811354739718,-0.493022847663343,-0.411660830371538,-0.003978288008088,-0.983410343189219,0.920236573251436,0.48847244167839,-0.475916620994384,0.185788448261389,-0.87845808831902,-0.432284300951652,-0.391926470155279,-0.270890639840477,-0.106571991079944,0.0877376545918492,0.293783279216066
1982-06-01,0.000279544109589041,0.00208988054794521,0.0563811237165048,-1.4502349709836,-1.33831248972904,-1.87973925090579,-0.607712983986239,-0.0716127419823893,0.0128715075258639,-0.0450834817333716,-1.06888097207825,1.37077045864341,-0.807566115772233,-1.3473618031845,-0.566461349573377,1.67657291375374,-1.38410212139476,0.128371792569903,-0.152183763105805,-0.594349742046991,-0.602091881367029,-0.66136245261156,-0.691672893496954,-2.50163039615355,-0.47830411539083,-1.34214691507886,0.816729879197326,-0.368961836167767,-0.368769597078406,-0.15056316141992,-0.0728119696208657,-0.208146073900903,0.008040388901674,0.074821169710056,-0.337114697442373,0.573254640157037,0.446096226230428,-0.536811354739718,-0.493022847663343,-0.411660830371538,-0.003978288008088,-0.983410343189219,0.920236573251436,0.48847244167839,-0.475916620994384,0.185788448261389,-0.87845808831902,-0.432284300951652,-0.391926470155279,-0.270890639840477,-0.106571991079944,0.0877376545918492,0.293783279216066
1982-07-01,0.000528100963323022,0.00203080767123288,-0.512268954304794,-1.85791621014188,-1.28034456331255,-1.87973925090579,-0.607712983986239,2.63368073417854,0.126014176088108,-0.0450834817333716,-1.25732152500886,0.801782659553729,-0.968231345571091,-1.50114828641971,-0.652937471810162,1.06198630145187,-1.22803828597535,-0.0996018842231622,-0.152183763105805,-0.584088459424107,-0.539727843536426,-0.630917989364683,-0.691672893496954,-2.51132437681392,0.39186822560719,-1.75338637932439,0.816729879197326,-0.368961836167767,-0.368769597078406,-0.15056316141992,-0.0728119696208657,-0.208146073900903,0.008040388901674,0.074821169710056,-0.337114697442373,0.573254640157037,0.446096226230428,-0.536811354739718,-0.493022847663343,-0.411660830371538,-0.003978288008088,-0.983410343189219,0.920236573251436,0.48847244167839,-0.475916620994384,0.185788448261389,-0.87845808831902,-0.432284300951652,-0.391926470155279,-0.270890639840477,-0.106571991079944,0.0877376545918492,0.293783279216066
1982-08-01,0.000167075634114008,0.000832412054794521,-1.30916822701938,-0.766059149038273,-0.838587570714864,-1.87973925090579,-0.607712983986239,-0.0716127419823893,-0.700077665099769,-0.0450834817333716,-1.25732152500886,-0.50997182597279,-0.950538329941379,-1.44750657219017,-0.640827653769005,-0.0332453839391022,-0.658154081595739,0.0265011558129166,-0.152183763105805,-0.366026875101515,-0.160415200937344,-0.280376341411553,-0.691672893496954,-2.53231966355819,0.595994790106455,-1.56335732775939,0.816729879197326,-0.368961836167767,-0.368769597078406,-0.15056316141992,-0.0728119696208657,-0.208146073900903,0.008040388901674,0.074821169710056,-0.337114697442373,0.573254640157037,0.446096226230428,-0.536811354739718,-0.493022847663343,-0.411660830371538,-0.003978288008088,-0.983410343189219,0.920236573251436,0.48847244167839,-0.475916620994384,0.185788448261389,-0.87845808831902,-0.432284300951652,-0.391926470155279,-0.270890639840477,-0.106571991079944,0.0877376545918492,0.293783279216066
1982-09-01,0.000302606027397259,0.00136827616438356,0.192995120817331,-0.991667883235333,-0.400010693599683,-1.87973925090579,-0.607712983986239,-0.0716127419823893,0.0473427132622737,-0.0450834817333716,-1.06888097207825,-0.334148429416846,-0.830711073374537,-1.23644176294739,-0.543129156634609,0.118199181195335,0.0445565894824819,0.38774300744608,-0.152183763105805,-0.0245717128095803,0.468671478218705,0.272101101197772,-0.691672893496954,-2.49868957398896,0.597365975403256,-0.950664004316865,0.816729879197326,-0.368961836167767,-0.368769597078406,-0.15056316141992,-0.0728119696208657,-0.208146073900903,0.008040388901674,0.074821169710056,-0.337114697442373,0.573254640157037,0.446096226230428,-0.536811354739718,-0.493022847663343,-0.411660830371538,-0.003978288008088,-0.983410343189219,0.920236573251436,0.48847244167839,-0.475916620994384,0.185788448261389,-0.87845808831902,-0.432284300951652,-0.391926470155279,-0.270890639840477,-0.106571991079944,0.0877376545918492,0.293783279216066
1982-10-01,9.43684666372072e-05,0.00105723616438356,-1.22366944747615,-0.212679080031004,0.36435889446142,-1.87973925090579,-0.607712983986239,-0.0716127419823893,-0.73351063558362,-0.0450834817333716,-1.25732152500886,-0.858132840408409,-0.773745895658254,-1.216676392499,-0.111073845750013,-1.15767110751745,0.403075953308417,0.558848462595592,-0.152183763105805,-0.309156050173708,-0.444123652327292,-0.185565548851694,0.156104954092414,-2.51253295785983,0.245264233417707,-0.756472565711056,0.816729879197326,-0.368961836167767,-0.368769597078406,-0.15056316141992,-0.0728119696208657,-0.208146073900903,0.008040388901674,0.074821169710056,-0.337114697442373,0.573254640157037,0.446096226230428,-0.536811354739718,-0.493022847663343,-0.411660830371538,-0.003978288008088,-0.983410343189219,0.920236573251436,0.48847244167839,-0.475916620994384,0.185788448261389,-0.87845808831902,-0.432284300951652,-0.391926470155279,-0.270890639840477,-0.106571991079944,0.0877376545918492,0.293783279216066
1982-11-01,4.29913424657535e-05,0.00036619397260274,-1.03334048020067,0.689978215116571,1.43858174222329,-1.87973925090579,-0.607712983986239,-0.0716127419823893,-0.752389763620032,-0.0450834817333716,-1.06888097207825,-0.907930481547499,-0.514347855188101,-0.985751093793931,0.210922496166241,-1.64565507115394,0.290110614392812,0.957757316733581,-0.152183763105805,-0.575708609249352,-0.579497506262525,-0.615002736415866,0.955637457348475,-2.56622329449691,-0.226988172108269,-0.0829243455844111,0.816729879197326,-0.368961836167767,-0.368769597078406,-0.15056316141992,-0.0728119696208657,-0.208146073900903,0.008040388901674,0.074821169710056,-0.337114697442373,0.573254640157037,0.446096226230428,-0.536811354739718,-0.493022847663343,-0.411660830371538,-0.003978288008088,-0.983410343189219,0.920236573251436,0.48847244167839,-0.475916620994384,0.185788448261389,-0.87845808831902,-0.432284300951652,-0.391926470155279,-0.270890639840477,-0.106571991079944,0.0877376545918492,0.293783279216066
1982-12-01,0.00129270893504198,0.00160546191780822,1.1503251374058,0.813870201089141,1.50177550403848,-1.87973925090579,-0.188297492591758,-0.0716127419823893,0.438128107932975,-0.0450834817333716,-1.25732088729846,0.418561767259614,-0.33518567737355,-0.978970595745939,-0.477707373608727,-0.356474186650769,1.53078963805806,1.09695234609635,-0.152183763105805,-0.605735242256339,-0.59903657991784,-0.66596158097469,-0.0119898848848002,-2.55779732398173,-0.335518592166517,0.0638085724180385,0.816729879197326,-0.368961836167767,-0.368769597078406,-0.15056316141992,-0.0728119696208657,-0.208146073900903,0.008040388901674,0.074821169710056,-0.337114697442373,0.573254640157037,0.446096226230428,-0.536811354739718,-0.493022847663343,-0.411660830371538,-0.003978288008088,-0.983410343189219,0.920236573251436,0.48847244167839,-0.475916620994384,0.185788448261389,-0.87845808831902,-0.432284300951652,-0.391926470155279,-0.270890639840477,-0.106571991079944,0.0877376545918492,0.293783279216066
1983-01-01,0.00010219694211224,5.07090410958904e-05,-0.857994756534728,0.901222442053815,1.50540374911463,-1.87973925090579,-0.188297492591758,-0.0716127419823893,-0.718373323545126,-0.0450834817333716,-1.48622671582772,-0.948100706511855,0.797061972090439,-0.969464554768743,-0.488283156614548,-1.47780720065742,0.539007422402903,1.2066461751783,1.73314164109241,-0.608666989782259,-0.599627095001927,-0.669917410109458,0.740341631301475,-2.5735748013505,-0.757594691653534,0.180851847659363,0.816729879197326,-0.368961836167767,-0.368769597078406,-0.15056316141992,-0.0728119696208657,-0.208146073900903,0.008040388901674,0.074821169710056,-0.337114697442373,0.573254640157037,0.446096226230428,-0.536811354739718,-0.493022847663343,-0.411660830371538,-0.003978288008088,-0.983410343189219,0.920236573251436,0.48847244167839,-0.475916620994384,0.185788448261389,-0.87845808831902,-0.432284300951652,-0.391926470155279,-0.270890639840477,-0.106571991079944,0.0877376545918492,0.293783279216066
1983-02-01,1.82709980430528e-05,8.8372602739726e-06,-1.67101829484728,1.72387964900852,1.36505511698535,-1.87973925090579,-0.304414314453059,-0.0716127419823893,-0.807473874760416,-0.0450834817333716,-1.07394598691486,-0.968076717615808,-0.986530598187895,-0.729481536694665,-0.633963150379219,-2.17643814466971,-0.435375967302352,1.70443462002594,7.68398030477005,-0.610417092335712,-0.599992834634733,-0.672147674905617,0.0750597142246717,-2.57506532144137,-1.22584897595828,0.976642119725815,0.816729879197326,-0.368961836167767,-0.368769597078406,-0.15056316141992,-0.0728119696208657,-0.208146073900903,0.008040388901674,0.074821169710056,-0.337114697442373,0.573254640157037,0.446096226230428,-0.536811354739718,-0.493022847663343,-0.411660830371538,-0.003978288008088,-0.983410343189219,0.920236573251436,0.48847244167839,-0.475916620994384,0.185788448261389,-0.87845808831902,-0.432284300951652,-0.391926470155279,-0.270890639840477,-0.106571991079944,0.0877376545918492,0.293783279216066
1983-03-01,0.00045268730004419,0.000661532054794521,0.582354735031581,0.86486789861289,0.236328982452822,-1.87973925090579,-0.0211086164947475,-0.0716127419823893,-0.406510518446436,-0.0450834817333716,-1.64198461085764,-0.290633507287653,-1.14148990234198,-1.20361578552829,-0.71664398240471,-0.892364540528797,-0.23456554928893,0.985630378167053,6.54450605821933,-0.609166336141928,-0.601561670560353,-0.670526410039699,-0.190876122392477,-2.56880774090528,-1.438376662766,-0.307541309285406,0.816729879197326,-0.368961836167767,-0.368769597078406,-0.15056316141992,-0.0728119696208657,-0.208146073900903,0.008040388901674,0.074821169710056,-0.337114697442373,0.573254640157037,0.446096226230428,-0.536811354739718,-0.493022847663343,-0.411660830371538,-0.003978288008088,-0.983410343189219,0.920236573251436,0.48847244167839,-0.475916620994384,0.185788448261389,-0.87845808831902,-0.432284300951652,-0.391926470155279,-0.270890639840477,-0.106571991079944,0.0877376545918492,0.293783279216066
1983-04-01,0.000661719671232876,0.00146301369863014,0.782578867629125,-0.241782079412994,-0.677627113476048,-1.87973925090579,1.61576396711267,-0.0716127419823893,0.0309989302871896,-0.0450834817333716,-1.42248851810699,0.777618411096996,-1.68477802981788,-1.22375081280796,-0.653819465617801,0.97264181071773,-0.707762478146492,0.733050417338979,5.45161753830778,-0.60487994839973,-0.598974644233173,-0.663552299890273,-0.691672893496954,-2.5565739529753,-1.25380531011496,-0.586768387080003,0.816729879197326,-0.368961836167767,-0.368769597078406,-0.15056316141992,-0.0728119696208657,-0.208146073900903,0.008040388901674,0.074821169710056,-0.337114697442373,0.573254640157037,0.446096226230428,-0.536811354739718,-0.493022847663343,-0.411660830371538,-0.003978288008088,-0.983410343189219,0.920236573251436,0.48847244167839,-0.475916620994384,0.185788448261389,-0.87845808831902,-0.432284300951652,-0.391926470155279,-0.270890639840477,-0.106571991079944,0.0877376545918492,0.293783279216066
1983-05-01,0.000589758161732213,0.000594121643835616,-0.526458384158977,-0.584005892227331,-1.07647220132187,-1.87973925090579,-0.607712983986239,-0.0716127419823893,-0.351171950719457,-0.0450834817333716,-1.43500996177294,0.170080257439127,-0.911815899797334,-1.37552131390964,-0.621877071399089,1.37662148430822,-1.0482405030037,0.196543173574262,-0.152183763105805,-0.601017372859008,-0.591608658832069,-0.659373914328718,-0.691672893496954,-2.51276911536402,-0.627347787179953,-1.31418362679042,0.816729879197326,-0.368961836167767,-0.368769597078406,-0.15056316141992,-0.0728119696208657,-0.208146073900903,0.008040388901674,0.074821169710056,-0.337114697442373,0.573254640157037,0.446096226230428,-0.536811354739718,-0.493022847663343,-0.411660830371538,-0.003978288008088,-0.983410343189219,0.920236573251436,0.48847244167839,-0.475916620994384,0.185788448261389,-0.87845808831902,-0.432284300951652,-0.391926470155279,-0.270890639840477,-0.106571991079944,0.0877376545918492,0.293783279216066
1983-06-01,0.00072296504109589,0.00115641863013699,0.177516093727605,-1.55931519956002,-1.29057871452394,-1.87973925090579,-0.607712983986239,21.4759050799422,0.296556271699699,22.1359895310855,-1.25249214416434,1.22080346724607,-0.919130629556247,-1.40249544336909,-0.639992871880231,1.39229447043175,-1.29080939109857,0.0124619106027968,-0.152183763105805,-0.600383586030675,-0.586015453824722,-0.661400265392168,-0.691672893496954,-2.41128875589479,0.0467195459513588,-1.52995389529015,0.816729879197326,-0.368961836167767,-0.368769597078406,-0.15056316141992,-0.0728119696208657,-0.208146073900903,0.008040388901674,0.074821169710056,-0.337114697442373,0.573254640157037,0.446096226230428,-0.536811354739718,-0.493022847663343,-0.411660830371538,-0.003978288008088,-0.983410343189219,0.920236573251436,0.48847244167839,-0.475916620994384,0.185788448261389,-0.87845808831902,-0.432284300951652,-0.391926470155279,-0.270890639840477,-0.106571991079944,0.0877376545918492,0.293783279216066
1983-07-01,0.000856228369421124,0.0010380098630137,-0.76206048254716,-1.60312556205866,-1.2716995694102,-1.87973925090579,-0.607712983986239,-0.0716127419823893,-0.160699393081313,-0.0450834817333716,-1.43500996177294,0.458854249176622,-1.01075074129293,-1.5535663012974,-0.664183115998463,0.820655868706984,-1.1964675150234,-0.207349616037137,-0.152183763105805,-0.567750331862006,-0.528133929889749,-0.642478821372601,-0.691672893496954,-2.33691121125069,0.69012874571845,-1.92947597797341,0.816729879197326,-0.368961836167767,-0.368769597078406,-0.15056316141992,-0.0728119696208657,-0.208146073900903,0.008040388901674,0.074821169710056,-0.337114697442373,0.573254640157037,0.446096226230428,-0.536811354739718,-0.493022847663343,-0.411660830371538,-0.003978288008088,-0.983410343189219,0.920236573251436,0.48847244167839,-0.475916620994384,0.185788448261389,-0.87845808831902,-0.432284300951652,-0.391926470155279,-0.270890639840477,-0.106571991079944,0.0877376545918492,0.293783279216066
1983-08-01,0.000448599558108706,0.000617556164383562,0.0792598265275544,-0.918959058431173,-0.953829482166677,-1.87973925090579,-0.607712983986239,-0.0716127419823893,0.172997882199443,-0.0450834817333716,-1.43500996177294,0.14796844432119,-0.984124437082989,-1.50087171999777,-0.652498721974455,0.414640856954209,-0.664804089465159,-0.0857596225859096,-0.152183763105805,-0.157238283693201,0.206391712895266,-0.158759687296603,-0.691672893496954,-2.24881227113365,1.00738545598001,-1.74521017606356,0.816729879197326,-0.368961836167767,-0.368769597078406,-0.15056316141992,-0.0728119696208657,-0.208146073900903,0.008040388901674,0.074821169710056,-0.337114697442373,0.573254640157037,0.446096226230428,-0.536811354739718,-0.493022847663343,-0.411660830371538,-0.003978288008088,-0.983410343189219,0.920236573251436,0.48847244167839,-0.475916620994384,0.185788448261389,-0.87845808831902,-0.432284300951652,-0.391926470155279,-0.270890639840477,-0.106571991079944,0.0877376545918492,0.293783279216066
1983-09-01,0.00185104920547945,0.00283552438356164,1.40996078572219,-0.897021699865575,-0.443665635023541,-1.87973925090579,-0.607712983986239,-0.0716127419823893,1.62751781963336,-0.0450834817333716,-1.25249214416434,1.00701394395957,-0.866459835226952,-1.29353480973829,-0.614905209828297,0.582539627871594,0.258419315205224,0.262553669892257,-0.152183763105805,1.27772568118774,2.19305709947985,1.59189294316629,-0.691672893496954,-2.03123214679165,1.48699173184554,-1.15033333082333,0.816729879197326,-0.368961836167767,-0.368769597078406,-0.15056316141992,-0.0728119696208657,-0.208146073900903,0.008040388901674,0.074821169710056,-0.337114697442373,0.573254640157037,0.446096226230428,-0.536811354739718,-0.493022847663343,-0.411660830371538,-0.003978288008088,-0.983410343189219,0.920236573251436,0.48847244167839,-0.475916620994384,0.185788448261389,-0.87845808831902,-0.432284300951652,-0.391926470155279,-0.270890639840477,-0.106571991079944,0.0877376545918492,0.293783279216066
1983-10-01,0.000864528572691117,0.00163415671232877,-0.234171911355205,-0.263564957740734,0.050791693376204,-1.87973925090579,-0.607712983986239,-0.0716127419823893,-0.0752518525451199,-0.0450834817333716,-1.43500996177294,-0.446598957850355,-0.856357860469222,-1.27411835927456,-0.602657874350501,-0.217265132550844,0.982499067328332,0.427533460910792,-0.152183763105805,0.999642137273258,0.0422391650725724,0.875260656783474,-0.691672893496954,-1.85749026217003,1.11819219080647,-0.962742715885045,0.816729879197326,-0.368961836167767,-0.368769597078406,-0.15056316141992,-0.0728119696208657,-0.208146073900903,0.008040388901674,0.074821169710056,-0.337114697442373,0.573254640157037,0.446096226230428,-0.536811354739718,-0.493022847663343,-0.411660830371538,-0.003978288008088,-0.983410343189219,0.920236573251436,0.48847244167839,-0.475916620994384,0.185788448261389,-0.87845808831902,-0.432284300951652,-0.391926470155279,-0.270890639840477,-0.106571991079944,0.0877376545918492,0.293783279216066
1983-11-01,0.000327246904109589,0.00147453369863014,0.408640376556329,0.187772425756024,0.722257478917102,-1.87973925090579,-0.607712983986239,-0.0716127419823893,0.238457481982984,-0.0450834817333716,-1.25249278187473,-0.453091827389165,-0.721610092825077,-1.04727235894302,-0.478785981961394,-0.295433859012856,1.73468702924372,0.812159978870988,-0.152183763105805,-0.132693117671864,-0.624006269709228,-0.396952819211469,-0.691672893496954,-1.86262939541046,0.592143206648427,-0.308811854249638,0.816729879197326,-0.368961836167767,-0.368769597078406,-0.15056316141992,-0.0728119696208657,-0.208146073900903,0.008040388901674,0.074821169710056,-0.337114697442373,0.573254640157037,0.446096226230428,-0.536811354739718,-0.493022847663343,-0.411660830371538,-0.003978288008088,-0.983410343189219,0.920236573251436,0.48847244167839,-0.475916620994384,0.185788448261389,-0.87845808831902,-0.432284300951652,-0.391926470155279,-0.270890639840477,-0.106571991079944,0.0877376545918492,0.293783279216066
1983-12-01,0.000205827733097658,0.000680390136986301,-1.48487618701289,0.98862942813577,1.47360110391895,-1.87973925090579,-0.607712983986239,-0.0716127419823893,-0.781059895065671,-0.0450834817333716,-1.43500996177294,-0.857190589278132,-0.673043212192907,-1.04061087236266,0.567520461247624,-1.39292830564652,0.791973558717449,0.946371072760349,-0.152183763105805,-0.448108924346327,-0.606529051146169,-0.610207444876782,1.43402222513835,-1.9278796408057,0.0140961287592349,-0.167231795426623,0.816729879197326,-0.368961836167767,-0.368769597078406,-0.15056316141992,-0.0728119696208657,-0.208146073900903,0.008040388901674,0.074821169710056,-0.337114697442373,0.573254640157037,0.446096226230428,-0.536811354739718,-0.493022847663343,-0.411660830371538,-0.003978288008088,-0.983410343189219,0.920236573251436,0.48847244167839,-0.475916620994384,0.185788448261389,-0.87845808831902,-0.432284300951652,-0.391926470155279,-0.270890639840477,-0.106571991079944,0.0877376545918492,0.293783279216066
1984-01-01,0.000132590296067168,0.000230557808219178,-0.929489793861931,1.14153632626705,1.37184853657896,-1.87973925090579,-0.188297492591758,-0.0716127419823893,-0.784502149739642,-0.0450834817333716,-1.30107355999912,-0.949381030505263,0.854051139160682,-0.783745807124217,0.689154493023553,-1.62781270909319,0.0853000092723538,1.40643704927674,-0.152183763105805,-0.533622130005463,-0.602494405716632,-0.646240590524465,1.36764849985579,-1.97242342235595,-0.579916795245074,0.59634120667834,0.816729879197326,-0.368961836167767,-0.368769597078406,-0.15056316141992,-0.0728119696208657,-0.208146073900903,0.008040388901674,0.074821169710056,-0.337114697442373,0.573254640157037,0.446096226230428,-0.536811354739718,-0.493022847663343,-0.411660830371538,-0.003978288008088,-0.983410343189219,0.920236573251436,0.48847244167839,-0.475916620994384,0.185788448261389,-0.87845808831902,-0.432284300951652,-0.391926470155279,-0.270890639840477,-0.106571991079944,0.0877376545918492,0.293783279216066
1984-02-01,4.04496929617383e-05,6.38071232876712e-05,-1.02464108976323,1.27267359555375,1.12215899110844,-1.87973925090579,1.80652693358991,-0.0716127419823893,-0.800393113543947,-0.0450834817333716,-0.914213242973817,-0.966373638346495,1.85587604137378,-0.511500989099766,1.46836975408081,-1.86899566635202,-0.245519240364143,1.75359514608598,-0.152183763105805,-0.560611230701172,-0.601406204397718,-0.643979057328363,0.988659948890469,-1.99142821694405,-0.994070828753627,1.26693315595822,0.816729879197326,-0.368961836167767,-0.368769597078406,-0.15056316141992,-0.0728119696208657,-0.208146073900903,0.008040388901674,0.074821169710056,-0.337114697442373,0.573254640157037,0.446096226230428,-0.536811354739718,-0.493022847663343,-0.411660830371538,-0.003978288008088,-0.983410343189219,0.920236573251436,0.48847244167839,-0.475916620994384,0.185788448261389,-0.87845808831902,-0.432284300951652,-0.391926470155279,-0.270890639840477,-0.106571991079944,0.0877376545918492,0.293783279216066
1984-03-01,0.000130612602739726,0.000253571506849315,0.594487901420391,0.617264469075805,0.157662255383747,-1.87973925090579,1.64798605858915,-0.0716127419823893,-0.491823525395143,-0.0450834817333716,-1.30107394262536,-0.441891773347565,-0.502993520542375,-0.887731626167642,0.115455251542283,-0.563833814245483,-0.180825834911697,1.17519317126876,-0.152183763105805,-0.582789328123713,-0.6032864551986,-0.653605148158157,-0.276916154681324,-1.98896897128685,-1.24070619791106,0.241878634532582,0.816729879197326,-0.368961836167767,-0.368769597078406,-0.15056316141992,-0.0728119696208657,-0.208146073900903,0.008040388901674,0.074821169710056,-0.337114697442373,0.573254640157037,0.446096226230428,-0.536811354739718,-0.493022847663343,-0.411660830371538,-0.003978288008088,-0.983410343189219,0.920236573251436,0.48847244167839,-0.475916620994384,0.185788448261389,-0.87845808831902,-0.432284300951652,-0.391926470155279,-0.270890639840477,-0.106571991079944,0.0877376545918492,0.293783279216066
1984-04-01,0.000238964602739726,0.000495701917808219,-0.633400782241181,0.0421661384510326,-0.559759852150301,-1.87973925090579,-0.348076324759508,-0.0716127419823893,-0.571494843256428,-0.0450834817333716,-1.11409151451991,-0.4168204153388,-0.750341246073636,-0.949467247198776,-0.616210591981624,1.15324193332137,-0.58732868962856,0.910919507750595,-0.152183763105805,-0.604317774495456,-0.601415718883649,-0.6657015841247,-0.684034208985622,-1.96532219873918,-1.1916766344951,-0.0952610126391805,0.816729879197326,-0.368961836167767,-0.368769597078406,-0.15056316141992,-0.0728119696208657,-0.208146073900903,0.008040388901674,0.074821169710056,-0.337114697442373,0.573254640157037,0.446096226230428,-0.536811354739718,-0.493022847663343,-0.411660830371538,-0.003978288008088,-0.983410343189219,0.920236573251436,0.48847244167839,-0.475916620994384,0.185788448261389,-0.87845808831902,-0.432284300951652,-0.391926470155279,-0.270890639840477,-0.106571991079944,0.0877376545918492,0.293783279216066
1984-05-01,0.000147763641184269,0.000594542465753425,-0.581846248774659,-0.678597301360065,-1.12785384481574,-1.87973925090579,-0.0225518211413977,-0.0716127419823893,-0.544636706241914,-0.0450834817333716,-1.30107355999912,0.122032489639549,-0.918100243449461,-1.25357603327895,-0.635438605053536,1.49066421659012,-1.16571193504282,0.349572475669243,-0.152183763105805,-0.606879773750214,-0.595972474370899,-0.666063760629199,-0.655668056813233,-1.94760508767473,-0.973411040069975,-1.01789470478458,0.816729879197326,-0.368961836167767,-0.368769597078406,-0.15056316141992,-0.0728119696208657,-0.208146073900903,0.008040388901674,0.074821169710056,-0.337114697442373,0.573254640157037,0.446096226230428,-0.536811354739718,-0.493022847663343,-0.411660830371538,-0.003978288008088,-0.983410343189219,0.920236573251436,0.48847244167839,-0.475916620994384,0.185788448261389,-0.87845808831902,-0.432284300951652,-0.391926470155279,-0.270890639840477,-0.106571991079944,0.0877376545918492,0.293783279216066
1984-06-01,0.000184535671232877,0.00134731397260274,-0.301922044493013,-1.02079971116313,-1.23808786272654,-1.87973925090579,-0.43102489784694,-0.0716127419823893,0.0532748972797037,-0.0450834817333716,-1.11409151451991,0.681466636002616,-0.925241700705985,-1.28161315152886,-0.64064887483777,1.6020879525505,-1.28795294693139,0.156966594510217,-0.152183763105805,-0.599520776183262,-0.564621588504213,-0.653720760292907,-0.678219419019088,-1.8923629939311,-0.442318718649876,-1.24360936163727,0.816729879197326,-0.368961836167767,-0.368769597078406,-0.15056316141992,-0.0728119696208657,-0.208146073900903,0.008040388901674,0.074821169710056,-0.337114697442373,0.573254640157037,0.446096226230428,-0.536811354739718,-0.493022847663343,-0.411660830371538,-0.003978288008088,-0.983410343189219,0.920236573251436,0.48847244167839,-0.475916620994384,0.185788448261389,-0.87845808831902,-0.432284300951652,-0.391926470155279,-0.270890639840477,-0.106571991079944,0.0877376545918492,0.293783279216066
1984-07-01,0.00071568996906761,0.00247267068493151,0.608988306897542,-1.55947681413497,-1.27871519704727,-1.87973925090579,-0.607712983986239,-0.0716127419823893,0.562450895790689,-0.0450834817333716,-1.30107394262536,1.45764736462042,-1.01685747701726,-1.43863954164998,-0.623593909731547,1.29479125303817,-1.23936661481538,-0.0730198298443092,-0.152183763105805,-0.0763700924173676,0.556123560830864,0.189230427086963,-0.691672893496954,-1.82371304375264,0.26254999868883,-1.66036806359118,0.816729879197326,-0.368961836167767,-0.368769597078406,-0.15056316141992,-0.0728119696208657,-0.208146073900903,0.008040388901674,0.074821169710056,-0.337114697442373,0.573254640157037,0.446096226230428,-0.536811354739718,-0.493022847663343,-0.411660830371538,-0.003978288008088,-0.983410343189219,0.920236573251436,0.48847244167839,-0.475916620994384,0.185788448261389,-0.87845808831902,-0.432284300951652,-0.391926470155279,-0.270890639840477,-0.106571991079944,0.0877376545918492,0.293783279216066
1984-08-01,0.0038270181528944,0.00489794630136986,2.6376414640378,-1.18098450672096,-1.01166095273689,-1.87973925090579,-0.607712983986239,-0.0716127419823893,3.08512662520523,-0.0450834817333716,-1.30107355999912,2.88865270990801,-0.990259064044145,-1.38386766927893,-0.635853177375902,1.13264830171208,-0.697216432568678,0.054200059116495,-0.152183763105805,0.997018512722546,2.46028531405124,1.73143815084968,-0.691672893496954,-1.6332789293616,1.51432001898363,-1.46795683037045,0.816729879197326,-0.368961836167767,-0.368769597078406,-0.15056316141992,-0.0728119696208657,-0.208146073900903,0.008040388901674,0.074821169710056,-0.337114697442373,0.573254640157037,0.446096226230428,-0.536811354739718,-0.493022847663343,-0.411660830371538,-0.003978288008088,-0.983410343189219,0.920236573251436,0.48847244167839,-0.475916620994384,0.185788448261389,-0.87845808831902,-0.432284300951652,-0.391926470155279,-0.270890639840477,-0.106571991079944,0.0877376545918492,0.293783279216066
1984-09-01,0.00431090673972604,0.00525259397260274,3.19587233253914,-0.838829562099374,-0.53356839008632,-1.87973925090579,-0.607712983986239,-0.0716127419823893,4.32420563240988,-0.0450834817333716,-1.11409151451991,2.1115956035059,-0.840761456569838,-1.16835751123945,-0.597959936095753,0.64391399800483,0.117829129732814,0.418641809600206,-0.152183763105805,3.56737614392377,4.51998340274027,3.63208072807743,-0.691672893496954,-1.25643382713863,2.35136462132795,-0.847207506596534,0.816729879197326,-0.368961836167767,-0.368769597078406,-0.15056316141992,-0.0728119696208657,-0.208146073900903,0.008040388901674,0.074821169710056,-0.337114697442373,0.573254640157037,0.446096226230428,-0.536811354739718,-0.493022847663343,-0.411660830371538,-0.003978288008088,-0.983410343189219,0.920236573251436,0.48847244167839,-0.475916620994384,0.185788448261389,-0.87845808831902,-0.432284300951652,-0.391926470155279,-0.270890639840477,-0.106571991079944,0.0877376545918492,0.293783279216066
1984-10-01,0.00062583939902784,0.00232162191780822,-0.46648488593442,-0.139889622657828,0.339250559215831,-1.87973925090579,-0.607712983986239,-0.0716127419823893,0.044365073165731,-0.0450834817333716,-1.30107394262536,-0.447440100383967,-0.782006759756735,-1.14817605145536,-0.585811549909932,-0.872484736421704,1.27244374144966,0.591259450346757,-0.152183763105805,4.20543669138241,1.60614434431158,2.93561011485626,-0.691672893496954,-0.899250344517215,1.9983170313094,-0.650924777424246,0.816729879197326,-0.368961836167767,-0.368769597078406,-0.15056316141992,-0.0728119696208657,-0.208146073900903,0.008040388901674,0.074821169710056,-0.337114697442373,0.573254640157037,0.446096226230428,-0.536811354739718,-0.493022847663343,-0.411660830371538,-0.003978288008088,-0.983410343189219,0.920236573251436,0.48847244167839,-0.475916620994384,0.185788448261389,-0.87845808831902,-0.432284300951652,-0.391926470155279,-0.270890639840477,-0.106571991079944,0.0877376545918492,0.293783279216066
1984-11-01,0.000200690849315068,0.00161453589041096,-0.0420173448076737,0.478895602754279,0.907751919839569,-1.87973925090579,-0.607712983986239,-0.0716127419823893,-0.166797830306507,-0.0450834817333716,-1.11409151451991,-0.688802144060316,-0.638852602234371,-0.91238638441129,-0.339531992294982,-0.999748547620496,1.68231325986069,0.9936898138268,-0.152183763105805,1.54869173970074,-0.618192255803857,0.259484334189104,0.0622230303204896,-0.815386664087629,0.945666418901413,0.0314643681630565,0.816729879197326,-0.368961836167767,-0.368769597078406,-0.15056316141992,-0.0728119696208657,-0.208146073900903,0.008040388901674,0.074821169710056,-0.337114697442373,0.573254640157037,0.446096226230428,-0.536811354739718,-0.493022847663343,-0.411660830371538,-0.003978288008088,-0.983410343189219,0.920236573251436,0.48847244167839,-0.475916620994384,0.185788448261389,-0.87845808831902,-0.432284300951652,-0.391926470155279,-0.270890639840477,-0.106571991079944,0.0877376545918492,0.293783279216066
1984-12-01,0.000176636606274857,0.00131527890410959,0.504052976368071,0.318884652063551,1.04821891223234,-1.87973925090579,-0.607712983986239,-0.0716127419823893,-0.146517425233231,-0.0450834817333716,-1.30107355999912,-0.575159994035201,-0.642002722340361,-0.905462757041429,-0.293588187137307,-0.385704330203349,1.60765689542767,1.1341137650393,-0.152183763105805,0.466554202534734,-0.620101484893973,-0.360371568018433,-0.053771604716638,-0.869746709231475,0.21982347237244,0.179700544001141,0.816729879197326,-0.368961836167767,-0.368769597078406,-0.15056316141992,-0.0728119696208657,-0.208146073900903,0.008040388901674,0.074821169710056,-0.337114697442373,0.573254640157037,0.446096226230428,-0.536811354739718,-0.493022847663343,-0.411660830371538,-0.003978288008088,-0.983410343189219,0.920236573251436,0.48847244167839,-0.475916620994384,0.185788448261389,-0.87845808831902,-0.432284300951652,-0.391926470155279,-0.270890639840477,-0.106571991079944,0.0877376545918492,0.293783279216066
1985-01-01,0.000116294476358816,0.000742671780821918,-0.525470067001575,1.0104689443641,1.35324771817087,-1.87973925090579,-0.188297492591758,-0.0716127419823893,-0.66834603219435,-0.0450834817333716,-1.43902945041193,-0.811067094897837,-0.0811281584428437,-1.02892227827734,0.886935008028002,-0.783946644088509,0.961646432269077,1.72468558128705,-0.152183763105805,-0.011027453962127,-0.601673859729062,-0.505616312147425,1.48773992551186,-0.921679828607451,-0.268685941513249,0.664832595470076,0.816729879197326,-0.368961836167767,-0.368769597078406,-0.15056316141992,-0.0728119696208657,-0.208146073900903,0.008040388901674,0.074821169710056,-0.337114697442373,0.573254640157037,0.446096226230428,-0.536811354739718,-0.493022847663343,-0.411660830371538,-0.003978288008088,-0.983410343189219,0.920236573251436,0.48847244167839,-0.475916620994384,0.185788448261389,-0.87845808831902,-0.432284300951652,-0.391926470155279,-0.270890639840477,-0.106571991079944,0.0877376545918492,0.293783279216066
1985-02-01,3.90472015655577e-05,0.000281240547945205,-1.37314302272987,1.01064337162607,0.995594237576685,-1.87973925090579,2.10292026263051,-0.0716127419823893,-0.805214829510167,-0.0450834817333716,-0.852795673391638,-0.956656891804295,0.689150054217926,-0.642846147068904,1.76359285099909,-1.35684934079863,0.187819025971917,2.28221003643352,-0.152183763105805,-0.249631111020117,-0.601276683790867,-0.562002544867731,1.37896945133537,-0.962990718434551,-0.72471984960824,1.68591705454201,0.816729879197326,-0.368961836167767,-0.368769597078406,-0.15056316141992,-0.0728119696208657,-0.208146073900903,0.008040388901674,0.074821169710056,-0.337114697442373,0.573254640157037,0.446096226230428,-0.536811354739718,-0.493022847663343,-0.411660830371538,-0.003978288008088,-0.983410343189219,0.920236573251436,0.48847244167839,-0.475916620994384,0.185788448261389,-0.87845808831902,-0.432284300951652,-0.391926470155279,-0.270890639840477,-0.106571991079944,0.0877376545918492,0.293783279216066
1985-03-01,8.76548298718514e-05,0.000286974246575342,-0.00844490492035758,1.00322016668077,0.057083479072377,-1.87973925090579,-0.188297492591758,-0.0716127419823893,-0.717354284943947,-0.0450834817333716,-1.43902945041193,-0.784237998666917,-0.737438875526664,-1.12599145736662,-0.186135472680384,0.101769339747174,-0.0828186251742052,1.47714935859298,-0.152183763105805,-0.398917911818225,-0.603466979474633,-0.608526086080525,-0.389936167583846,-0.975873083260973,-0.946813847346395,0.300587668520248,0.816729879197326,-0.368961836167767,-0.368769597078406,-0.15056316141992,-0.0728119696208657,-0.208146073900903,0.008040388901674,0.074821169710056,-0.337114697442373,0.573254640157037,0.446096226230428,-0.536811354739718,-0.493022847663343,-0.411660830371538,-0.003978288008088,-0.983410343189219,0.920236573251436,0.48847244167839,-0.475916620994384,0.185788448261389,-0.87845808831902,-0.432284300951652,-0.391926470155279,-0.270890639840477,-0.106571991079944,0.0877376545918492,0.293783279216066
1985-04-01,0.000491789150684931,0.000874704657534247,-0.20523780215837,0.267886954539801,-0.652363282900035,-1.87973925090579,2.35342326103755,-0.0716127419823893,-0.363937625745086,-0.0450834817333716,-1.25664593461315,-0.0891851125415917,-0.643124441409206,-1.18363470679482,-0.317440055681828,0.867115736854795,-0.698667947609011,1.19425264440662,-0.152183763105805,-0.486657040830184,-0.609344063608927,-0.623571352142799,-0.436655742881709,-0.97380151828744,-0.900684868212128,-0.0519752165285648,0.816729879197326,-0.368961836167767,-0.368769597078406,-0.15056316141992,-0.0728119696208657,-0.208146073900903,0.008040388901674,0.074821169710056,-0.337114697442373,0.573254640157037,0.446096226230428,-0.536811354739718,-0.493022847663343,-0.411660830371538,-0.003978288008088,-0.983410343189219,0.920236573251436,0.48847244167839,-0.475916620994384,0.185788448261389,-0.87845808831902,-0.432284300951652,-0.391926470155279,-0.270890639840477,-0.106571991079944,0.0877376545918492,0.293783279216066
1985-05-01,0.000443114449845338,0.00183930739726027,1.25802181296611,-0.613056621670216,-1.13187529932969,-1.87973925090579,-0.607712983986239,-0.0716127419823893,0.727970979904801,-0.0450834817333716,-1.43902945041193,1.95062173947208,-1.03726562506973,-1.46750861317078,-0.601660457971072,1.48435324307527,-1.12203582822467,0.593336337402976,-0.152183763105805,-0.564671903913714,-0.610869192358417,-0.654130606800879,-0.691672893496954,-0.918775326821277,-0.377463616451494,-0.994528697735686,0.816729879197326,-0.368961836167767,-0.368769597078406,-0.15056316141992,-0.0728119696208657,-0.208146073900903,0.008040388901674,0.074821169710056,-0.337114697442373,0.573254640157037,0.446096226230428,-0.536811354739718,-0.493022847663343,-0.411660830371538,-0.003978288008088,-0.983410343189219,0.920236573251436,0.48847244167839,-0.475916620994384,0.185788448261389,-0.87845808831902,-0.432284300951652,-0.391926470155279,-0.270890639840477,-0.106571991079944,0.0877376545918492,0.293783279216066
1985-06-01,0.000744830246575343,0.00224555835616438,0.0656822932802244,-1.53764877108547,-1.33346636349464,-1.87973925090579,-0.607712983986239,-0.0716127419823893,0.399602182089711,-0.0450834817333716,-1.25664555198692,1.18011882203278,-1.04406227149164,-1.49368459943536,-0.618652974940502,1.26402093061747,-1.29577094092001,0.387151828473049,-0.152183763105805,-0.305839555596119,0.194803079454149,-0.184765976800113,-0.691672893496954,-0.817738883966058,0.766125035069017,-1.23273291976939,0.816729879197326,-0.368961836167767,-0.368769597078406,-0.15056316141992,-0.0728119696208657,-0.208146073900903,0.008040388901674,0.074821169710056,-0.337114697442373,0.573254640157037,0.446096226230428,-0.536811354739718,-0.493022847663343,-0.411660830371538,-0.003978288008088,-0.983410343189219,0.920236573251436,0.48847244167839,-0.475916620994384,0.185788448261389,-0.87845808831902,-0.432284300951652,-0.391926470155279,-0.270890639840477,-0.106571991079944,0.0877376545918492,0.293783279216066
1985-07-01,0.000458686557666813,0.00179982904109589,-0.186844904753905,-1.57406755267997,-1.23714930185432,-1.87973925090579,-0.607712983986239,-0.0716127419823893,0.341264055799206,-0.0450834817333716,-1.43902945041193,0.245427598533218,-1.12942809852574,-1.64023347239463,-0.646478677742384,0.476434918024277,-1.14135877993143,0.140951122447395,-0.152183763105805,0.280869443699768,0.74315666732305,0.748215612444301,-0.691672893496954,-0.732338428910468,1.18107195218283,-1.65522169536994,0.816729879197326,-0.368961836167767,-0.368769597078406,-0.15056316141992,-0.0728119696208657,-0.208146073900903,0.008040388901674,0.074821169710056,-0.337114697442373,0.573254640157037,0.446096226230428,-0.536811354739718,-0.493022847663343,-0.411660830371538,-0.003978288008088,-0.983410343189219,0.920236573251436,0.48847244167839,-0.475916620994384,0.185788448261389,-0.87845808831902,-0.432284300951652,-0.391926470155279,-0.270890639840477,-0.106571991079944,0.0877376545918492,0.293783279216066
1985-08-01,0.000986876606274855,0.00206581479452055,0.54282833288491,-1.17368543924107,-0.972447191441326,-1.87973925090579,-0.607712983986239,-0.0716127419823893,0.754492455809301,-0.0450834817333716,-1.43902945041193,0.456073690712615,-1.10458293159014,-1.58911579304114,-0.634165762325549,0.428812891467299,-0.639536870219804,0.277142323514765,-0.152183763105805,0.597717870378478,1.18082958526713,1.21024322815695,-0.691672893496954,-0.566380424003796,1.46944620177489,-1.45725901005573,0.816729879197326,-0.368961836167767,-0.368769597078406,-0.15056316141992,-0.0728119696208657,-0.208146073900903,0.008040388901674,0.074821169710056,-0.337114697442373,0.573254640157037,0.446096226230428,-0.536811354739718,-0.493022847663343,-0.411660830371538,-0.003978288008088,-0.983410343189219,0.920236573251436,0.48847244167839,-0.475916620994384,0.185788448261389,-0.87845808831902,-0.432284300951652,-0.391926470155279,-0.270890639840477,-0.106571991079944,0.0877376545918492,0.293783279216066
1985-09-01,0.000658775671232877,0.00152855671232877,-0.644302255342721,-0.729585331129061,-0.459764618019439,-1.87973925090579,-0.607712983986239,-0.0716127419823893,-0.229657638192968,-0.0450834817333716,-1.25664618969731,-0.307401487523503,-0.942250297176968,-1.38795553287172,-0.594278361624025,-0.132706502988024,0.200336583407536,0.667278903408923,-0.152183763105805,0.781321215484531,0.915781352224717,1.19043984936071,-0.691672893496954,-0.37965519747135,1.48737218057458,-0.824925008753651,0.816729879197326,-0.368961836167767,-0.368769597078406,-0.15056316141992,-0.0728119696208657,-0.208146073900903,0.008040388901674,0.074821169710056,-0.337114697442373,0.573254640157037,0.446096226230428,-0.536811354739718,-0.493022847663343,-0.411660830371538,-0.003978288008088,-0.983410343189219,0.920236573251436,0.48847244167839,-0.475916620994384,0.185788448261389,-0.87845808831902,-0.432284300951652,-0.391926470155279,-0.270890639840477,-0.106571991079944,0.0877376545918492,0.293783279216066
1985-10-01,0.000812660574458683,0.00157905534246575,0.52555966981255,-0.183497602940996,0.19582586430998,-1.87973925090579,-0.607712983986239,-0.0716127419823893,0.6084449340466,-0.0450834817333716,-1.43902945041193,-0.114992303638398,-0.909996466265156,-1.36913504134818,-0.580405980937613,-0.0449456261478093,1.20813592632784,0.852066613840439,-0.152183763105805,-0.198749837966646,-0.463323427470886,-0.226108665753483,-0.691672893496954,-0.320947991794169,1.08601520603656,-0.617102557948812,0.816729879197326,-0.368961836167767,-0.368769597078406,-0.15056316141992,-0.0728119696208657,-0.208146073900903,0.008040388901674,0.074821169710056,-0.337114697442373,0.573254640157037,0.446096226230428,-0.536811354739718,-0.493022847663343,-0.411660830371538,-0.003978288008088,-0.983410343189219,0.920236573251436,0.48847244167839,-0.475916620994384,0.185788448261389,-0.87845808831902,-0.432284300951652,-0.391926470155279,-0.270890639840477,-0.106571991079944,0.0877376545918492,0.293783279216066
1985-11-01,0.000759023342465753,0.00109771397260274,-0.146351461784312,0.275262694303629,0.696245171816489,-1.87973925090579,-0.607712983986239,-0.0716127419823893,-0.154383537749312,-0.0450834817333716,-1.25664555198692,-0.587944571535899,-0.76068455951276,-1.14902490976427,-0.382912902743338,-0.512289061920587,1.5914874824872,1.28285507941715,-0.152183763105805,-0.502975917288913,-0.526207022712293,-0.507971987999366,-0.150457638186105,-0.339852644378805,0.591807646454148,0.0782584069724456,0.816729879197326,-0.368961836167767,-0.368769597078406,-0.15056316141992,-0.0728119696208657,-0.208146073900903,0.008040388901674,0.074821169710056,-0.337114697442373,0.573254640157037,0.446096226230428,-0.536811354739718,-0.493022847663343,-0.411660830371538,-0.003978288008088,-0.983410343189219,0.920236573251436,0.48847244167839,-0.475916620994384,0.185788448261389,-0.87845808831902,-0.432284300951652,-0.391926470155279,-0.270890639840477,-0.106571991079944,0.0877376545918492,0.293783279216066
1985-12-01,0.00390220952717631,0.00487111890410959,4.03323075472217,0.893982691490891,0.584250094770112,-1.87973925090579,-0.607712983986239,-0.0716127419823893,4.87168405382917,-0.0450834817333716,-1.43902945041193,2.6509120429785,-0.860510908987707,-1.14254757539803,-0.52519362269077,0.926814057929822,1.93294547441718,1.43317226237795,-0.152183763105805,-0.495125757432969,-0.267066105854842,-0.502202421032644,-0.691672893496954,-0.312508483262785,0.826707631811284,0.236610861352598,0.816729879197326,-0.368961836167767,-0.368769597078406,-0.15056316141992,-0.0728119696208657,-0.208146073900903,0.008040388901674,0.074821169710056,-0.337114697442373,0.573254640157037,0.446096226230428,-0.536811354739718,-0.493022847663343,-0.411660830371538,-0.003978288008088,-0.983410343189219,0.920236573251436,0.48847244167839,-0.475916620994384,0.185788448261389,-0.87845808831902,-0.432284300951652,-0.391926470155279,-0.270890639840477,-0.106571991079944,0.0877376545918492,0.293783279216066
1986-01-01,0.0014171950154662,0.0026541501369863,0.555631479375972,0.988750566267625,1.12232237298317,-1.87973925090579,-0.607712983986239,-0.0716127419823893,1.36805701802652,-0.0450834817333716,-1.44441427701317,0.502662041809766,-0.768395836182895,-0.977278288740277,-0.379129873537838,-0.292843095458106,2.54496584986065,1.63488047368621,-0.152183763105805,-0.365485826318148,-0.415995440425061,-0.298135853827783,-0.691672893496954,-0.292534701378195,0.925101828252409,0.625126202192465,0.816729879197326,-0.368961836167767,-0.368769597078406,-0.15056316141992,-0.0728119696208657,-0.208146073900903,0.008040388901674,0.074821169710056,-0.337114697442373,0.573254640157037,0.446096226230428,-0.536811354739718,-0.493022847663343,-0.411660830371538,-0.003978288008088,-0.983410343189219,0.920236573251436,0.48847244167839,-0.475916620994384,0.185788448261389,-0.87845808831902,-0.432284300951652,-0.391926470155279,-0.270890639840477,-0.106571991079944,0.0877376545918492,0.293783279216066
1986-02-01,0.000174194911937378,0.000575684383561644,-1.12901985113286,0.908640987840198,0.927095253289938,-1.87973925090579,-0.143360151831085,-0.0716127419823893,-0.713458660193251,-0.0450834817333716,-0.858756352482327,-0.882536032862719,-0.301321958491248,-0.58540530729588,1.15838443750385,-1.67214677206404,0.39970916458496,2.18205107964517,-0.152183763105805,-0.56729439224907,-0.574561262540543,-0.604811254458431,1.9714547776346,-0.349494895160444,0.314862557455847,1.64146529001578,0.816729879197326,-0.368961836167767,-0.368769597078406,-0.15056316141992,-0.0728119696208657,-0.208146073900903,0.008040388901674,0.074821169710056,-0.337114697442373,0.573254640157037,0.446096226230428,-0.536811354739718,-0.493022847663343,-0.411660830371538,-0.003978288008088,-0.983410343189219,0.920236573251436,0.48847244167839,-0.475916620994384,0.185788448261389,-0.87845808831902,-0.432284300951652,-0.391926470155279,-0.270890639840477,-0.106571991079944,0.0877376545918492,0.293783279216066
1986-03-01,0.000105770534688467,0.000216775890410959,-1.22731906600555,0.94495418124573,0.273702819169658,-1.87973925090579,-0.188297492591758,-0.0716127419823893,-0.751688366133788,-0.0450834817333716,-1.44441363930277,-0.941572511652695,-0.328320531230094,-1.07580445670603,1.26079029961776,-1.75655751893744,-0.442758571794106,1.39194152346156,-0.152183763105805,-0.601966903236811,-0.596506831173521,-0.658603992231881,1.19201566352154,-0.385960284261198,-0.124850811511653,0.264168584957091,0.816729879197326,-0.368961836167767,-0.368769597078406,-0.15056316141992,-0.0728119696208657,-0.208146073900903,0.008040388901674,0.074821169710056,-0.337114697442373,0.573254640157037,0.446096226230428,-0.536811354739718,-0.493022847663343,-0.411660830371538,-0.003978288008088,-0.983410343189219,0.920236573251436,0.48847244167839,-0.475916620994384,0.185788448261389,-0.87845808831902,-0.432284300951652,-0.391926470155279,-0.270890639840477,-0.106571991079944,0.0877376545918492,0.293783279216066
1986-04-01,0.000219548054794521,0.0010401402739726,1.28523666865387,0.158592987048044,-0.51140297784557,-1.87973925090579,-0.607712983986239,-0.0716127419823893,0.330299588047534,-0.0450834817333716,-1.26220957521001,0.418354066625431,-0.552778800230129,-1.13431346948117,-0.0629566794464247,-0.320063283191609,-0.752671673835192,1.11430059577444,-0.152183763105805,-0.609145011814431,-0.596268134972465,-0.669463469140067,-0.228884139375301,-0.377806508829611,-0.224736386594023,-0.0837876430236838,0.816729879197326,-0.368961836167767,-0.368769597078406,-0.15056316141992,-0.0728119696208657,-0.208146073900903,0.008040388901674,0.074821169710056,-0.337114697442373,0.573254640157037,0.446096226230428,-0.536811354739718,-0.493022847663343,-0.411660830371538,-0.003978288008088,-0.983410343189219,0.920236573251436,0.48847244167839,-0.475916620994384,0.185788448261389,-0.87845808831902,-0.432284300951652,-0.391926470155279,-0.270890639840477,-0.106571991079944,0.0877376545918492,0.293783279216066
1986-05-01,0.00246221376933274,0.00406950575342466,1.35471404514788,-0.73682746951093,-1.13767081646251,-1.87973925090579,-0.607712983986239,-0.0716127419823893,3.02232943216325,-0.0450834817333716,-1.44441427701317,2.92802648130087,-1.01257003031093,-1.42244879784021,-0.605306110671033,1.14948751827845,-1.03106521692155,0.524551408491471,-0.152183763105805,-0.399947404089551,0.0181061222299647,-0.34659313130919,-0.691672893496954,-0.265449528202156,0.785224983963601,-1.01911885141805,0.816729879197326,-0.368961836167767,-0.368769597078406,-0.15056316141992,-0.0728119696208657,-0.208146073900903,0.008040388901674,0.074821169710056,-0.337114697442373,0.573254640157037,0.446096226230428,-0.536811354739718,-0.493022847663343,-0.411660830371538,-0.003978288008088,-0.983410343189219,0.920236573251436,0.48847244167839,-0.475916620994384,0.185788448261389,-0.87845808831902,-0.432284300951652,-0.391926470155279,-0.270890639840477,-0.106571991079944,0.0877376545918492,0.293783279216066
1986-06-01,0.000486457863013698,0.00158286904109589,-0.559815098173895,-1.45030165519561,-1.27096963557955,-1.87973925090579,-0.607712983986239,0.351912081549721,-0.0906514795621915,-0.0450834817333716,-1.26220957521001,0.0112053767439934,-1.01951234702676,-1.44901743178779,-0.622501004701625,-0.157396939804587,-1.21929298725094,0.322199747945766,-0.152183763105805,0.353728700090604,0.893639485883064,0.595132594060962,-0.691672893496954,-0.175118710140974,1.57621566669079,-1.25371145623366,0.816729879197326,-0.368961836167767,-0.368769597078406,-0.15056316141992,-0.0728119696208657,-0.208146073900903,0.008040388901674,0.074821169710056,-0.337114697442373,0.573254640157037,0.446096226230428,-0.536811354739718,-0.493022847663343,-0.411660830371538,-0.003978288008088,-0.983410343189219,0.920236573251436,0.48847244167839,-0.475916620994384,0.185788448261389,-0.87845808831902,-0.432284300951652,-0.391926470155279,-0.270890639840477,-0.106571991079944,0.0877376545918492,0.293783279216066
1986-07-01,0.00224912940344675,0.00323796164383562,1.51910622704562,-1.45028520254068,-1.25342537192441,-1.87973925090579,-0.607712983986239,1.52182865100254,2.28395222070834,-0.0450834817333716,-1.44441427701317,1.05026370101199,-1.10611297547592,-1.59776688989574,-0.648920387363779,0.255810844354092,-1.1435285382316,0.080571662911126,-0.152183763105805,2.04458481626821,2.80660063652795,1.90220074437148,-0.691672893496954,0.0321734314405702,2.07562588103978,-1.6737242918935,0.816729879197326,-0.368961836167767,-0.368769597078406,-0.15056316141992,-0.0728119696208657,-0.208146073900903,0.008040388901674,0.074821169710056,-0.337114697442373,0.573254640157037,0.446096226230428,-0.536811354739718,-0.493022847663343,-0.411660830371538,-0.003978288008088,-0.983410343189219,0.920236573251436,0.48847244167839,-0.475916620994384,0.185788448261389,-0.87845808831902,-0.432284300951652,-0.391926470155279,-0.270890639840477,-0.106571991079944,0.0877376545918492,0.293783279216066
1986-08-01,0.00118256728236854,0.00250696767123288,0.298517390903082,-1.20281225857303,-0.998117334296477,-1.87973925090579,-0.607712983986239,-0.0716127419823893,0.55904241060437,-0.0450834817333716,-1.44441363930277,-0.0423900335625773,-1.08089604581106,-1.54588172181631,-0.636419563812161,-0.198627773783427,-0.663879872952837,0.214231978861521,-0.152183763105805,3.62450601119684,2.20470727145601,2.08292577734509,-0.691672893496954,0.250618756060147,2.06571140187853,-1.47760912560486,0.816729879197326,-0.368961836167767,-0.368769597078406,-0.15056316141992,-0.0728119696208657,-0.208146073900903,0.008040388901674,0.074821169710056,-0.337114697442373,0.573254640157037,0.446096226230428,-0.536811354739718,-0.493022847663343,-0.411660830371538,-0.003978288008088,-0.983410343189219,0.920236573251436,0.48847244167839,-0.475916620994384,0.185788448261389,-0.87845808831902,-0.432284300951652,-0.391926470155279,-0.270890639840477,-0.106571991079944,0.0877376545918492,0.293783279216066
1986-09-01,0.00142277873972603,0.00249494794520548,0.602774988814067,-0.751477612332132,-0.466389625737598,-1.87973925090579,-0.607712983986239,-0.0716127419823893,0.475243073356948,-0.0450834817333716,-1.26220957521001,0.0725610447783246,-0.969566223056137,-1.3417013202552,-0.596726522758048,-0.223357505724896,0.246201327948653,0.597116687268357,-0.152183763105805,3.99899484581186,1.7760958453198,2.13655162043026,-0.691672893496954,0.432243669330961,2.00241219025932,-0.849699072918064,0.816729879197326,-0.368961836167767,-0.368769597078406,-0.15056316141992,-0.0728119696208657,-0.208146073900903,0.008040388901674,0.074821169710056,-0.337114697442373,0.573254640157037,0.446096226230428,-0.536811354739718,-0.493022847663343,-0.411660830371538,-0.003978288008088,-0.983410343189219,0.920236573251436,0.48847244167839,-0.475916620994384,0.185788448261389,-0.87845808831902,-0.432284300951652,-0.391926470155279,-0.270890639840477,-0.106571991079944,0.0877376545918492,0.293783279216066
1986-10-01,0.00135398603623509,0.00406303561643836,1.19858982887485,-0.423804498415851,-0.0393716281428285,-1.87973925090579,-0.607712983986239,-0.0716127419823893,1.03291822732922,-0.0450834817333716,-1.44441427701317,0.424476641781217,-0.88343923983348,-1.32259817649603,-0.584338491064333,-0.155406936950488,1.00580352676619,0.778471907585418,-0.152183763105805,3.16705316598952,1.20479446365305,1.82457569790537,-0.691672893496954,0.564507851065406,1.86734602325869,-0.645183885513967,0.816729879197326,-0.368961836167767,-0.368769597078406,-0.15056316141992,-0.0728119696208657,-0.208146073900903,0.008040388901674,0.074821169710056,-0.337114697442373,0.573254640157037,0.446096226230428,-0.536811354739718,-0.493022847663343,-0.411660830371538,-0.003978288008088,-0.983410343189219,0.920236573251436,0.48847244167839,-0.475916620994384,0.185788448261389,-0.87845808831902,-0.432284300951652,-0.391926470155279,-0.270890639840477,-0.106571991079944,0.0877376545918492,0.293783279216066
1986-11-01,0.000345505315068493,0.0021578695890411,-1.02702580776433,0.267825220684144,0.919111834887665,-1.87973925090579,-0.607712983986239,-0.0716127419823893,-0.48467813133038,-0.0450834817333716,-1.26220957521001,-0.759203713329891,-0.694527412833195,-1.09918389888175,-0.409255853771668,-1.18595138134948,1.67481287777767,1.20125800110982,-0.152183763105805,1.61623135015128,-0.286795656513855,0.703295388698245,0.0132651337377509,0.535515759279423,1.21418252035875,0.0452670301453326,0.816729879197326,-0.368961836167767,-0.368769597078406,-0.15056316141992,-0.0728119696208657,-0.208146073900903,0.008040388901674,0.074821169710056,-0.337114697442373,0.573254640157037,0.446096226230428,-0.536811354739718,-0.493022847663343,-0.411660830371538,-0.003978288008088,-0.983410343189219,0.920236573251436,0.48847244167839,-0.475916620994384,0.185788448261389,-0.87845808831902,-0.432284300951652,-0.391926470155279,-0.270890639840477,-0.106571991079944,0.0877376545918492,0.293783279216066
1986-12-01,0.000288916305788775,0.00128098191780822,0.499104388243129,0.73381478538413,1.11660748489868,-1.87973925090579,-0.607712983986239,-0.0716127419823893,-0.00110370702173296,-0.0450834817333716,-1.44441363930277,-0.520032967187365,-0.599106578150022,-1.09260919149654,-0.280303598755508,-0.669525891347662,1.60692397372918,1.34878226286829,-0.152183763105805,0.353784680830982,-0.63720454073405,-0.368285142163607,0.00720642915406853,0.490641895060572,0.360656957565993,0.200787984319486,0.816729879197326,-0.368961836167767,-0.368769597078406,-0.15056316141992,-0.0728119696208657,-0.208146073900903,0.008040388901674,0.074821169710056,-0.337114697442373,0.573254640157037,0.446096226230428,-0.536811354739718,-0.493022847663343,-0.411660830371538,-0.003978288008088,-0.983410343189219,0.920236573251436,0.48847244167839,-0.475916620994384,0.185788448261389,-0.87845808831902,-0.432284300951652,-0.391926470155279,-0.270890639840477,-0.106571991079944,0.0877376545918492,0.293783279216066
1987-01-01,0.000682869253203711,0.000872074520547945,-0.440649401045416,0.923088457248488,1.11623197361151,-1.87973925090579,-0.607712983986239,-0.0716127419823893,-0.432868325559429,-0.0450834817333716,-1.40548907202585,-0.769109106089726,-0.396626314744958,-0.893737648073991,-0.0416457673364862,-0.499207653758543,1.05817154480188,1.69975631723396,-0.152183763105805,-0.0953963874648537,-0.611902150771996,-0.541370969756093,1.37782285886064,0.438129522919485,-0.137373486247306,0.784025339495731,0.816729879197326,-0.368961836167767,-0.368769597078406,-0.15056316141992,-0.0728119696208657,-0.208146073900903,0.008040388901674,0.074821169710056,-0.337114697442373,0.573254640157037,0.446096226230428,-0.536811354739718,-0.493022847663343,-0.411660830371538,-0.003978288008088,-0.983410343189219,0.920236573251436,0.48847244167839,-0.475916620994384,0.185788448261389,-0.87845808831902,-0.432284300951652,-0.391926470155279,-0.270890639840477,-0.106571991079944,0.0877376545918492,0.293783279216066
1987-02-01,8.94932289628179e-05,0.000266906301369863,-1.3157174777764,1.04693268684215,1.08211739105494,-1.87973925090579,-0.143360151831085,-0.0716127419823893,-0.803343425565,-0.0450834817333716,-0.81566243462287,-0.960434158955663,2.2040159046481,-0.492487329341827,2.03318386902194,-1.70646722917193,-0.0780755140254729,2.25440453831125,-0.152183763105805,-0.298525113902793,-0.601006227166143,-0.592409244867783,1.84477735621718,0.395807395214309,-0.582224262165827,1.81839919404122,0.816729879197326,-0.368961836167767,-0.368769597078406,-0.15056316141992,-0.0728119696208657,-0.208146073900903,0.008040388901674,0.074821169710056,-0.337114697442373,0.573254640157037,0.446096226230428,-0.536811354739718,-0.493022847663343,-0.411660830371538,-0.003978288008088,-0.983410343189219,0.920236573251436,0.48847244167839,-0.475916620994384,0.185788448261389,-0.87845808831902,-0.432284300951652,-0.391926470155279,-0.270890639840477,-0.106571991079944,0.0877376545918492,0.293783279216066
1987-03-01,6.16877419354839e-05,0.00011301698630137,-0.901149177691491,0.377057745517677,0.143774299240781,-1.87973925090579,2.03501945271381,-0.0716127419823893,-0.789480528439326,-0.0450834817333716,-1.40548970973624,-0.960948168126675,0.403430923486993,-0.99462308314527,0.211020051806216,-1.35823613973187,-0.331914104726244,1.45349603680214,-0.152183763105805,-0.406714913027128,-0.601813093155254,-0.6055441352491,0.274098288293946,0.378986156724644,-0.897791397414083,0.417053248482662,0.816729879197326,-0.368961836167767,-0.368769597078406,-0.15056316141992,-0.0728119696208657,-0.208146073900903,0.008040388901674,0.074821169710056,-0.337114697442373,0.573254640157037,0.446096226230428,-0.536811354739718,-0.493022847663343,-0.411660830371538,-0.003978288008088,-0.983410343189219,0.920236573251436,0.48847244167839,-0.475916620994384,0.185788448261389,-0.87845808831902,-0.432284300951652,-0.391926470155279,-0.270890639840477,-0.106571991079944,0.0877376545918492,0.293783279216066
1987-04-01,5.98952328767124e-05,5.16821917808219e-05,-1.32770969967097,0.187693511251859,-0.46197607956379,-1.87973925090579,2.1216030460355,-0.0716127419823893,-0.801073072152352,-0.0450834817333716,-1.22198726727303,-0.963284037551363,0.110688259070804,-1.05453002986408,-0.179644624616614,-1.16912112325719,-0.817951966775306,1.17206129223828,-0.152183763105805,-0.484401240178097,-0.601348414629808,-0.627661527430748,-0.1109469096713,0.373016117949527,-1.07137609721293,0.0636592803796683,0.816729879197326,-0.368961836167767,-0.368769597078406,-0.15056316141992,-0.0728119696208657,-0.208146073900903,0.008040388901674,0.074821169710056,-0.337114697442373,0.573254640157037,0.446096226230428,-0.536811354739718,-0.493022847663343,-0.411660830371538,-0.003978288008088,-0.983410343189219,0.920236573251436,0.48847244167839,-0.475916620994384,0.185788448261389,-0.87845808831902,-0.432284300951652,-0.391926470155279,-0.270890639840477,-0.106571991079944,0.0877376545918492,0.293783279216066
1987-05-01,0.000342790844012373,0.000870496438356164,1.04822602305889,-0.569403214587602,-1.0534841666202,-1.87973925090579,-0.188297492591758,-0.0716127419823893,-0.312434528026883,-0.0450834817333716,-1.40548907202585,0.747845633043633,-0.407429616820533,-1.34955878192507,-0.54336152070228,0.213541438187943,-1.19768097429541,0.574243995627236,-0.152183763105805,-0.536398632701308,-0.601283668887182,-0.647500920703523,-0.597305819747504,0.410164580688936,-0.962283466653742,-0.88757092908649,0.816729879197326,-0.368961836167767,-0.368769597078406,-0.15056316141992,-0.0728119696208657,-0.208146073900903,0.008040388901674,0.074821169710056,-0.337114697442373,0.573254640157037,0.446096226230428,-0.536811354739718,-0.493022847663343,-0.411660830371538,-0.003978288008088,-0.983410343189219,0.920236573251436,0.48847244167839,-0.475916620994384,0.185788448261389,-0.87845808831902,-0.432284300951652,-0.391926470155279,-0.270890639840477,-0.106571991079944,0.0877376545918492,0.293783279216066
1987-06-01,0.000315953972602739,0.00154157589041096,-0.356276256301869,-1.16632690924549,-1.31493369849116,-1.87973925090579,-0.607712983986239,-0.0716127419823893,-0.128837564482022,-0.0450834817333716,-1.22198726727303,0.639936128605567,-0.97844546333287,-1.37675921349343,-0.611088341499525,1.61466069584004,-1.36828455337951,0.369128402191789,-0.152183763105805,-0.573359581758354,-0.583089504677428,-0.653826245331078,-0.691672893496954,0.457443478013192,-0.288039277601321,-1.12569990408637,0.816729879197326,-0.368961836167767,-0.368769597078406,-0.15056316141992,-0.0728119696208657,-0.208146073900903,0.008040388901674,0.074821169710056,-0.337114697442373,0.573254640157037,0.446096226230428,-0.536811354739718,-0.493022847663343,-0.411660830371538,-0.003978288008088,-0.983410343189219,0.920236573251436,0.48847244167839,-0.475916620994384,0.185788448261389,-0.87845808831902,-0.432284300951652,-0.391926470155279,-0.270890639840477,-0.106571991079944,0.0877376545918492,0.293783279216066
1987-07-01,0.000592759911621741,0.00186508273972603,0.0403274560486578,-1.53036659305665,-1.30460577192096,-1.87973925090579,-0.607712983986239,-0.0716127419823893,0.409409551069523,-0.0450834817333716,-1.40548907202585,0.78376584547873,-1.0670950860899,-1.52907045041111,-0.638936953434839,1.27434149995185,-1.26331279958753,0.124187888872738,-0.152183763105805,-0.259819568878861,0.207369432235299,-0.129024386413856,-0.691672893496954,0.488724481514497,0.45767800637,-1.5530482437185,0.816729879197326,-0.368961836167767,-0.368769597078406,-0.15056316141992,-0.0728119696208657,-0.208146073900903,0.008040388901674,0.074821169710056,-0.337114697442373,0.573254640157037,0.446096226230428,-0.536811354739718,-0.493022847663343,-0.411660830371538,-0.003978288008088,-0.983410343189219,0.920236573251436,0.48847244167839,-0.475916620994384,0.185788448261389,-0.87845808831902,-0.432284300951652,-0.391926470155279,-0.270890639840477,-0.106571991079944,0.0877376545918492,0.293783279216066
1987-08-01,0.000558725939019001,0.00182060712328767,-0.887364357286705,-1.18815728187445,-0.943444517872437,-1.87973925090579,-0.607712983986239,-0.0716127419823893,-0.41146847567772,-0.0450834817333716,-1.40548907202585,-0.234228175808167,-1.04126765626962,-1.47594625574536,-0.626213098586244,0.447741061305919,-0.697981486794719,0.259674925024356,-0.152183763105805,0.0496925033817877,0.171859985984416,0.37663318339462,-0.691672893496954,0.530069225974275,0.79124789698286,-1.35368831955243,0.816729879197326,-0.368961836167767,-0.368769597078406,-0.15056316141992,-0.0728119696208657,-0.208146073900903,0.008040388901674,0.074821169710056,-0.337114697442373,0.573254640157037,0.446096226230428,-0.536811354739718,-0.493022847663343,-0.411660830371538,-0.003978288008088,-0.983410343189219,0.920236573251436,0.48847244167839,-0.475916620994384,0.185788448261389,-0.87845808831902,-0.432284300951652,-0.391926470155279,-0.270890639840477,-0.106571991079944,0.0877376545918492,0.293783279216066
1987-09-01,0.000178525808219178,0.00110499945205479,-0.979882208552672,-0.445815821129264,-0.222115217568844,-1.87973925090579,-0.607712983986239,-0.0716127419823893,-0.621346878470913,-0.0450834817333716,-1.22198726727303,-0.610492303790575,-0.927289177614952,-1.26688255220267,-0.535440660414788,-0.271174311225714,0.180602085289528,0.647799442120341,-0.152183763105805,-0.211025003284942,-0.0611046247411999,-0.0340101637304313,-0.691672893496954,0.517060019124089,0.663529958593362,-0.715001593429195,0.816729879197326,-0.368961836167767,-0.368769597078406,-0.15056316141992,-0.0728119696208657,-0.208146073900903,0.008040388901674,0.074821169710056,-0.337114697442373,0.573254640157037,0.446096226230428,-0.536811354739718,-0.493022847663343,-0.411660830371538,-0.003978288008088,-0.983410343189219,0.920236573251436,0.48847244167839,-0.475916620994384,0.185788448261389,-0.87845808831902,-0.432284300951652,-0.391926470155279,-0.270890639840477,-0.106571991079944,0.0877376545918492,0.293783279216066
1987-10-01,0.000202718232434821,0.00105723616438356,-0.26566609325416,-0.169025672948389,0.318306195170818,-1.87973925090579,-0.607712983986239,-0.0716127419823893,-0.308573894309446,-0.0450834817333716,-1.40548907202585,-0.474281579391638,-0.849898221116178,-1.24731959140946,-0.337602441953949,-0.542192176904217,0.781435214943904,0.831642635721586,-0.152183763105805,-0.482733217010422,-0.518410430074642,-0.466740169317371,0.0204124571958289,0.499593285638039,0.328855025089251,-0.507424837412141,0.816729879197326,-0.368961836167767,-0.368769597078406,-0.15056316141992,-0.0728119696208657,-0.208146073900903,0.008040388901674,0.074821169710056,-0.337114697442373,0.573254640157037,0.446096226230428,-0.536811354739718,-0.493022847663343,-0.411660830371538,-0.003978288008088,-0.983410343189219,0.920236573251436,0.48847244167839,-0.475916620994384,0.185788448261389,-0.87845808831902,-0.432284300951652,-0.391926470155279,-0.270890639840477,-0.106571991079944,0.0877376545918492,0.293783279216066
1987-11-01,0.00012884602739726,0.000779204383561644,0.733032478998094,0.537127809287171,0.896441870107102,-1.87973925090579,-0.607712983986239,-0.0716127419823893,-0.0460871403791343,-0.0450834817333716,-1.22198726727303,-0.301097403990438,-0.747227399026945,-1.01855881377197,0.0764203587302478,-0.438911015203067,1.05880206751179,1.26020881617034,-0.152183763105805,-0.582662715736175,-0.579192605684409,-0.626315091025165,0.165147233656053,0.472454283596044,-0.0189040577738351,0.194864864768168,0.816729879197326,-0.368961836167767,-0.368769597078406,-0.15056316141992,-0.0728119696208657,-0.208146073900903,0.008040388901674,0.074821169710056,-0.337114697442373,0.573254640157037,0.446096226230428,-0.536811354739718,-0.493022847663343,-0.411660830371538,-0.003978288008088,-0.983410343189219,0.920236573251436,0.48847244167839,-0.475916620994384,0.185788448261389,-0.87845808831902,-0.432284300951652,-0.391926470155279,-0.270890639840477,-0.106571991079944,0.0877376545918492,0.293783279216066
1987-12-01,0.00024611209898365,0.000835357808219178,-0.329524183332469,0.668323900455212,1.30842233905219,-1.87973925090579,-0.104703054543253,-0.0716127419823893,-0.459952746209933,-0.0450834817333716,-1.40548907202585,-0.546452920189841,-0.171111358057291,-1.01182858003701,0.0204632422502026,-0.438039599997875,1.18189965506674,1.40974445596369,-0.152183763105805,-0.5959026865197,-0.578615262337484,-0.648264526673644,0.110750781950997,0.469808431203526,-0.191176197192867,0.352622555053428,0.816729879197326,-0.368961836167767,-0.368769597078406,-0.15056316141992,-0.0728119696208657,-0.208146073900903,0.008040388901674,0.074821169710056,-0.337114697442373,0.573254640157037,0.446096226230428,-0.536811354739718,-0.493022847663343,-0.411660830371538,-0.003978288008088,-0.983410343189219,0.920236573251436,0.48847244167839,-0.475916620994384,0.185788448261389,-0.87845808831902,-0.432284300951652,-0.391926470155279,-0.270890639840477,-0.106571991079944,0.0877376545918492,0.293783279216066
1988-01-01,3.75719310649581e-05,0.00019828602739726,-0.61854765643417,1.83311100905233,1.73077789858644,0.509106841379988,-0.0211086164947475,-0.0716127419823893,-0.783713618168613,-0.0450834817333716,-1.0436560184277,-0.947686464259863,0.618283190396687,-0.596175394315663,2.23244337763724,-1.19353011467999,0.841391510653543,1.81628796426768,-0.152183763105805,-0.603267585397387,-0.598348943256563,-0.660904509084742,1.07516666002328,0.428311228047924,-0.71625087938331,1.23777192527493,0.816729879197326,-0.368961836167767,-0.368769597078406,-0.15056316141992,-0.0728119696208657,-0.208146073900903,0.008040388901674,0.074821169710056,-0.337114697442373,0.573254640157037,0.446096226230428,-0.536811354739718,-0.493022847663343,-0.411660830371538,-0.003978288008088,-0.983410343189219,0.920236573251436,0.48847244167839,-0.475916620994384,0.185788448261389,-0.87845808831902,-0.432284300951652,-0.391926470155279,-0.270890639840477,-0.106571991079944,0.0877376545918492,0.293783279216066
1988-02-01,2.91355692017006e-05,4.66323287671233e-05,-1.40926072268138,1.22899995024959,1.0352058657181,0.674214910487873,2.40041812703905,-0.0716127419823893,-0.800715344451296,-0.0450834817333716,-0.639043438196338,-0.963527434232613,2.07341887329555,-0.310058978296748,1.77384230021084,-1.37610110157949,0.136495877713481,2.19494288983698,-0.152183763105805,-0.598290044678434,-0.600105866924799,-0.652785322482771,0.47241831013673,0.409699756582274,-1.12218452212664,1.95700278792532,0.816729879197326,-0.368961836167767,-0.368769597078406,-0.15056316141992,-0.0728119696208657,-0.208146073900903,0.008040388901674,0.074821169710056,-0.337114697442373,0.573254640157037,0.446096226230428,-0.536811354739718,-0.493022847663343,-0.411660830371538,-0.003978288008088,-0.983410343189219,0.920236573251436,0.48847244167839,-0.475916620994384,0.185788448261389,-0.87845808831902,-0.432284300951652,-0.391926470155279,-0.270890639840477,-0.106571991079944,0.0877376545918492,0.293783279216066
1988-03-01,6.53546619531595e-06,7.89041095890411e-07,-1.46885950605309,0.99598303689474,0.406357537381657,0.510039861363699,1.6408776387694,-0.0716127419823893,-0.808786706137601,-0.0450834817333716,-1.0436560184277,-0.972242343521055,-0.398561648649876,-0.705457899870284,1.16576609539859,-1.99537781439422,-0.687271602835175,1.56406111304242,-0.152183763105805,-0.606959975982798,-0.599688333150237,-0.666137662756372,0.036804363108977,0.401263294967831,-1.44491763362906,0.855560747272725,0.816729879197326,-0.368961836167767,-0.368769597078406,-0.15056316141992,-0.0728119696208657,-0.208146073900903,0.008040388901674,0.074821169710056,-0.337114697442373,0.573254640157037,0.446096226230428,-0.536811354739718,-0.493022847663343,-0.411660830371538,-0.003978288008088,-0.983410343189219,0.920236573251436,0.48847244167839,-0.475916620994384,0.185788448261389,-0.87845808831902,-0.432284300951652,-0.391926470155279,-0.270890639840477,-0.106571991079944,0.0877376545918492,0.293783279216066
1988-04-01,6.76374794520547e-05,8.67945205479452e-07,-0.421761492213399,0.420782495971215,-0.49425663692518,0.580668108917987,-0.255264999717503,-0.0716127419823893,-0.793357254891506,-0.0450834817333716,-0.848093452000486,-0.970696600094157,-0.495059547520128,-0.770350480400791,0.0436409590431669,-1.64057527701894,-1.01865927313319,1.27580658262673,-0.152183763105805,-0.601993666641976,-0.599598874589512,-0.65739201727363,-0.29399717837853,0.3968740418412,-1.62908008361645,0.490120522392499,0.816729879197326,-0.368961836167767,-0.368769597078406,-0.15056316141992,-0.0728119696208657,-0.208146073900903,0.008040388901674,0.074821169710056,-0.337114697442373,0.573254640157037,0.446096226230428,-0.536811354739718,-0.493022847663343,-0.411660830371538,-0.003978288008088,-0.983410343189219,0.920236573251436,0.48847244167839,-0.475916620994384,0.185788448261389,-0.87845808831902,-0.432284300951652,-0.391926470155279,-0.270890639840477,-0.106571991079944,0.0877376545918492,0.293783279216066
1988-05-01,0.00153224569155988,0.0018936197260274,1.33888095112485,-0.212615016595888,-1.14612175169571,0.481364972391471,-0.0205521025774185,-0.0716127419823893,-0.208776209126573,-0.0450834817333716,-1.0436560184277,1.94391439606071,-0.829767973832758,-1.08993458908189,-0.570066194890068,1.49189736411959,-1.19577465270946,0.663500836087839,-0.152183763105805,-0.601588724469045,-0.585684708083699,-0.658641990906515,-0.691672893496954,0.454914988347289,-1.20383568756994,-0.503014832336673,0.816729879197326,-0.368961836167767,-0.368769597078406,-0.15056316141992,-0.0728119696208657,-0.208146073900903,0.008040388901674,0.074821169710056,-0.337114697442373,0.573254640157037,0.446096226230428,-0.536811354739718,-0.493022847663343,-0.411660830371538,-0.003978288008088,-0.983410343189219,0.920236573251436,0.48847244167839,-0.475916620994384,0.185788448261389,-0.87845808831902,-0.432284300951652,-0.391926470155279,-0.270890639840477,-0.106571991079944,0.0877376545918492,0.293783279216066
1988-06-01,0.000922910684931506,0.00312781150684932,0.872081404453923,-0.838777263040525,-1.28740832370946,0.560068546242943,-0.607712983986239,-0.0716127419823893,0.834248784608345,-0.0450834817333716,-0.848093452000486,2.71809464151917,-0.837977246368811,-1.11939871794086,-0.588594860861351,1.71870488878355,-1.29762481271877,0.45341363291819,-0.152183763105805,-0.587235360948185,-0.554855737200005,-0.641059240080439,-0.691672893496954,0.529877721602096,0.0305346535983108,-0.748338673881391,0.816729879197326,-0.368961836167767,-0.368769597078406,-0.15056316141992,-0.0728119696208657,-0.208146073900903,0.008040388901674,0.074821169710056,-0.337114697442373,0.573254640157037,0.446096226230428,-0.536811354739718,-0.493022847663343,-0.411660830371538,-0.003978288008088,-0.983410343189219,0.920236573251436,0.48847244167839,-0.475916620994384,0.185788448261389,-0.87845808831902,-0.432284300951652,-0.391926470155279,-0.270890639840477,-0.106571991079944,0.0877376545918492,0.293783279216066
1988-07-01,0.0020424769951392,0.00443938191780822,1.5622281501725,-1.07174248885114,-1.21078688186516,0.481364972391471,-0.607712983986239,-0.0716127419823893,2.53958860968229,-0.0450834817333716,-1.0436560184277,2.25135312697384,-0.948858063564999,-1.28438738096755,-0.62094575170607,1.07598391718946,-1.09908865248617,0.202538276171426,-0.152183763105805,-0.0135581338832623,0.911419907541611,0.265185302559583,-0.691672893496954,0.56025311367928,1.19943749521361,-1.1959152432922,0.816729879197326,-0.368961836167767,-0.368769597078406,-0.15056316141992,-0.0728119696208657,-0.208146073900903,0.008040388901674,0.074821169710056,-0.337114697442373,0.573254640157037,0.446096226230428,-0.536811354739718,-0.493022847663343,-0.411660830371538,-0.003978288008088,-0.983410343189219,0.920236573251436,0.48847244167839,-0.475916620994384,0.185788448261389,-0.87845808831902,-0.432284300951652,-0.391926470155279,-0.270890639840477,-0.106571991079944,0.0877376545918492,0.293783279216066
1988-08-01,0.000871428864339372,0.00402702904109589,0.125784167700175,-1.05715410900533,-0.939929665157852,0.481364972391471,-0.607712983986239,-0.0716127419823893,-0.0521933635672256,-0.0450834817333716,-1.0436566561381,-0.00321347869555992,-0.905739223022548,-1.22684195535933,-0.608428219989467,0.207231550548732,-0.597912544063696,0.341308752294877,-0.152183763105805,1.65575947082527,2.45472078973083,2.21352996634823,-0.691672893496954,0.585851504236901,1.74257184063787,-0.988380077488731,0.816729879197326,-0.368961836167767,-0.368769597078406,-0.15056316141992,-0.0728119696208657,-0.208146073900903,0.008040388901674,0.074821169710056,-0.337114697442373,0.573254640157037,0.446096226230428,-0.536811354739718,-0.493022847663343,-0.411660830371538,-0.003978288008088,-0.983410343189219,0.920236573251436,0.48847244167839,-0.475916620994384,0.185788448261389,-0.87845808831902,-0.432284300951652,-0.391926470155279,-0.270890639840477,-0.106571991079944,0.0877376545918492,0.293783279216066
1988-09-01,0.00103882432876712,0.00394583671232877,0.601225138018772,-0.365626745802807,-0.367762427600841,0.560068546242943,-0.607712983986239,-0.0716127419823893,0.483294936702167,-0.0450834817333716,-0.848093452000486,-0.00805670441164972,-0.78244044681234,-1.00037778348645,-0.566345018778935,0.0979931393241166,0.349066800811047,0.738840547458235,-0.152183763105805,1.75440602009693,1.46143340095987,1.85794202437316,-0.691672893496954,0.573902511633397,1.64224253135122,-0.320772286135245,0.816729879197326,-0.368961836167767,-0.368769597078406,-0.15056316141992,-0.0728119696208657,-0.208146073900903,0.008040388901674,0.074821169710056,-0.337114697442373,0.573254640157037,0.446096226230428,-0.536811354739718,-0.493022847663343,-0.411660830371538,-0.003978288008088,-0.983410343189219,0.920236573251436,0.48847244167839,-0.475916620994384,0.185788448261389,-0.87845808831902,-0.432284300951652,-0.391926470155279,-0.270890639840477,-0.106571991079944,0.0877376545918492,0.293783279216066
1988-10-01,0.000484731701281486,0.00308559780821918,0.790195346505606,-0.227267780193981,0.301501459606922,0.481376941379036,-0.607712983986239,-0.0716127419823893,0.171134354508172,-0.0450834817333716,-1.0436560184277,-0.054748455477596,-0.771457513610435,-0.979186078630517,-0.552488265785732,0.187652126791964,1.38246626596449,0.927138582764747,-0.152183763105805,1.14739283393341,0.930686782423682,1.2600977284056,-0.691672893496954,0.55705926763249,1.37363223755864,-0.107220482901352,0.816729879197326,-0.368961836167767,-0.368769597078406,-0.15056316141992,-0.0728119696208657,-0.208146073900903,0.008040388901674,0.074821169710056,-0.337114697442373,0.573254640157037,0.446096226230428,-0.536811354739718,-0.493022847663343,-0.411660830371538,-0.003978288008088,-0.983410343189219,0.920236573251436,0.48847244167839,-0.475916620994384,0.185788448261389,-0.87845808831902,-0.432284300951652,-0.391926470155279,-0.270890639840477,-0.106571991079944,0.0877376545918492,0.293783279216066
1988-11-01,0.000639421369863013,0.00231654575342466,0.748830471557913,0.413476061196285,0.849297039675859,0.567090601634482,-0.607712983986239,-0.0716127419823893,0.526354321228124,-0.0450834817333716,-0.848093452000486,-0.204217505770846,-0.630283633903117,-0.731385945577302,-0.339518102752019,-0.2629688240463,1.69545033742869,1.36608965500345,-0.152183763105805,0.208668767979512,-0.419555785706395,0.231216514336262,0.0873356201682349,0.535070119464612,0.701717101170468,0.626767452991102,0.816729879197326,-0.368961836167767,-0.368769597078406,-0.15056316141992,-0.0728119696208657,-0.208146073900903,0.008040388901674,0.074821169710056,-0.337114697442373,0.573254640157037,0.446096226230428,-0.536811354739718,-0.493022847663343,-0.411660830371538,-0.003978288008088,-0.983410343189219,0.920236573251436,0.48847244167839,-0.475916620994384,0.185788448261389,-0.87845808831902,-0.432284300951652,-0.391926470155279,-0.270890639840477,-0.106571991079944,0.0877376545918492,0.293783279216066
1988-12-01,0.000413757878921785,0.00116964821917808,-0.100828544709323,1.0904792244671,1.44230891064663,0.49370948694044,-0.607712983986239,-0.0716127419823893,-0.224056063171535,-0.0450834817333716,-1.0436560184277,-0.561361552819566,-0.63032395335947,-0.724096042383759,-0.367233096344491,-0.426913039465919,2.18644773632762,1.51924951863225,-0.152183763105805,-0.462923007147095,-0.592860879378086,-0.557981739650466,0.0459773856282272,0.492968159720615,0.222909743106671,0.788484627772271,0.816729879197326,-0.368961836167767,-0.368769597078406,-0.15056316141992,-0.0728119696208657,-0.208146073900903,0.008040388901674,0.074821169710056,-0.337114697442373,0.573254640157037,0.446096226230428,-0.536811354739718,-0.493022847663343,-0.411660830371538,-0.003978288008088,-0.983410343189219,0.920236573251436,0.48847244167839,-0.475916620994384,0.185788448261389,-0.87845808831902,-0.432284300951652,-0.391926470155279,-0.270890639840477,-0.106571991079944,0.0877376545918492,0.293783279216066
1989-01-01,0.000226316500220946,0.000828677260273973,0.139175690124529,1.46909063163093,1.51524392086342,0.504587239466509,0.231117998802722,-0.0716127419823893,-0.371275274207997,-0.0450834817333716,-0.636250585508024,-0.593281843744008,0.59508866443048,-0.262073915187885,0.249887048699822,-0.191008320116227,1.4027720229089,2.09406858366581,-0.152183763105805,-0.580342630380178,-0.613207199429774,-0.652926859859507,0.410698022559473,0.435620668940536,-0.300794244372049,1.90204360452461,0.816729879197326,-0.368961836167767,-0.368769597078406,-0.15056316141992,-0.0728119696208657,-0.208146073900903,0.008040388901674,0.074821169710056,-0.337114697442373,0.573254640157037,0.446096226230428,-0.536811354739718,-0.493022847663343,-0.411660830371538,-0.003978288008088,-0.983410343189219,0.920236573251436,0.48847244167839,-0.475916620994384,0.185788448261389,-0.87845808831902,-0.432284300951652,-0.391926470155279,-0.270890639840477,-0.106571991079944,0.0877376545918492,0.293783279216066
1989-02-01,9.22558121330725e-05,0.000248863561643836,-1.09395980943898,1.65116066141398,1.09514943979405,0.761250395807434,2.31788389625571,-0.0716127419823893,-0.778781218524113,-0.0450834817333716,0.0359962308110721,-0.947416495588025,0.962597474285479,0.210070047169984,2.16282169120885,-1.16775061245862,0.341957260288842,2.69419193478053,-0.152183763105805,-0.60341648641987,-0.601424280633505,-0.665908806998806,1.60773114212699,0.393338038306817,-0.722678525093038,3.06303321480068,0.816729879197326,-0.368961836167767,-0.368769597078406,-0.15056316141992,-0.0728119696208657,-0.208146073900903,0.008040388901674,0.074821169710056,-0.337114697442373,0.573254640157037,0.446096226230428,-0.536811354739718,-0.493022847663343,-0.411660830371538,-0.003978288008088,-0.983410343189219,0.920236573251436,0.48847244167839,-0.475916620994384,0.185788448261389,-0.87845808831902,-0.432284300951652,-0.391926470155279,-0.270890639840477,-0.106571991079944,0.0877376545918492,0.293783279216066
1989-03-01,0.000166167812638091,9.68416438356164e-05,-0.289202297642175,1.11235950833596,0.244729580419708,0.494117180579343,-0.0211086164947475,-0.0716127419823893,-0.752273942514804,-0.0450834817333716,-0.636250266652825,-0.913236139305219,0.370555537084958,-0.380783346141785,0.488977366350058,-0.475092391697744,-0.109083403113447,1.82761851416006,-0.152183763105805,-0.598660104117664,-0.601244841290274,-0.65332753891678,0.108138341677689,0.37373304622086,-1.02298355852251,1.49479607956594,0.816729879197326,-0.368961836167767,-0.368769597078406,-0.15056316141992,-0.0728119696208657,-0.208146073900903,0.008040388901674,0.074821169710056,-0.337114697442373,0.573254640157037,0.446096226230428,-0.536811354739718,-0.493022847663343,-0.411660830371538,-0.003978288008088,-0.983410343189219,0.920236573251436,0.48847244167839,-0.475916620994384,0.185788448261389,-0.87845808831902,-0.432284300951652,-0.391926470155279,-0.270890639840477,-0.106571991079944,0.0877376545918492,0.293783279216066
1989-04-01,0.00228392328767123,0.0019576898630137,1.65480480312238,0.544500928274108,-0.608602214671187,0.560068546242943,-0.521332051802076,-0.0716127419823893,0.620748718273251,-0.0450834817333716,-0.42710676450432,1.99512818443793,-0.474241268223468,-0.451274649862708,-0.444540037577386,1.46735250250669,-0.454805518981839,1.52310656198602,-0.152183763105805,-0.602667304010535,-0.583035315003227,-0.65894204891539,-0.691672893496954,0.500244648770754,-0.269871195064974,1.10677381114266,0.816729879197326,-0.368961836167767,-0.368769597078406,-0.15056316141992,-0.0728119696208657,-0.208146073900903,0.008040388901674,0.074821169710056,-0.337114697442373,0.573254640157037,0.446096226230428,-0.536811354739718,-0.493022847663343,-0.411660830371538,-0.003978288008088,-0.983410343189219,0.920236573251436,0.48847244167839,-0.475916620994384,0.185788448261389,-0.87845808831902,-0.432284300951652,-0.391926470155279,-0.270890639840477,-0.106571991079944,0.0877376545918492,0.293783279216066
1989-05-01,0.000421885002209456,0.00134910246575342,-0.131672855784186,-0.656705369593913,-1.10575456776944,0.481368899715516,-0.607712983986239,-0.0716127419823893,0.120681445785565,-0.0450834817333716,-0.636250266652825,0.249646209176483,-0.662804816048808,-0.798429748545481,-0.509175425059201,1.10110225687742,-1.09532357045621,0.876267289753797,-0.152183763105805,-0.536437284312993,-0.340085524423285,-0.552315046380571,-0.691672893496954,0.489750276884624,0.092938302155149,0.0473482236657391,0.816729879197326,-0.368961836167767,-0.368769597078406,-0.15056316141992,-0.0728119696208657,-0.208146073900903,0.008040388901674,0.074821169710056,-0.337114697442373,0.573254640157037,0.446096226230428,-0.536811354739718,-0.493022847663343,-0.411660830371538,-0.003978288008088,-0.983410343189219,0.920236573251436,0.48847244167839,-0.475916620994384,0.185788448261389,-0.87845808831902,-0.432284300951652,-0.391926470155279,-0.270890639840477,-0.106571991079944,0.0877376545918492,0.293783279216066
1989-06-01,0.00103214115068493,0.00360068383561644,0.55746232142412,-1.57400319804742,-1.36110842808281,0.560068546242943,-0.607712983986239,-0.0716127419823893,0.773243082743766,-0.0450834817333716,-0.42710676450432,1.28417608317346,-0.67174749805077,-0.830435718920542,-0.54832959255979,1.14126811831733,-1.37106766786806,0.654330257864109,-0.152183763105805,0.44164991130247,1.51778880243468,1.01995851663108,-0.691672893496954,0.548919936844179,0.807224290677182,-0.212656482463779,0.816729879197326,-0.368961836167767,-0.368769597078406,-0.15056316141992,-0.0728119696208657,-0.208146073900903,0.008040388901674,0.074821169710056,-0.337114697442373,0.573254640157037,0.446096226230428,-0.536811354739718,-0.493022847663343,-0.411660830371538,-0.003978288008088,-0.983410343189219,0.920236573251436,0.48847244167839,-0.475916620994384,0.185788448261389,-0.87845808831902,-0.432284300951652,-0.391926470155279,-0.270890639840477,-0.106571991079944,0.0877376545918492,0.293783279216066
1989-07-01,0.00140084913831197,0.00514633643835617,1.44575467243119,-1.50847212787284,-1.29007382665075,0.481364972391471,-0.607712983986239,-0.0716127419823893,1.64769052979126,-0.0450834817333716,-0.636250266652825,1.30924394647945,-0.775775741837203,-1.00965774775524,-0.587682504230934,0.681487331342067,-1.19366873436481,0.389306093780951,-0.152183763105805,1.16866763645843,1.90651692263979,1.99896202928318,-0.691672893496954,0.586244556522286,1.43134662863445,-0.690827341882711,0.816729879197326,-0.368961836167767,-0.368769597078406,-0.15056316141992,-0.0728119696208657,-0.208146073900903,0.008040388901674,0.074821169710056,-0.337114697442373,0.573254640157037,0.446096226230428,-0.536811354739718,-0.493022847663343,-0.411660830371538,-0.003978288008088,-0.983410343189219,0.920236573251436,0.48847244167839,-0.475916620994384,0.185788448261389,-0.87845808831902,-0.432284300951652,-0.391926470155279,-0.270890639840477,-0.106571991079944,0.0877376545918492,0.293783279216066
1989-08-01,0.000862520335837385,0.00355939068493151,-0.598427066805687,-1.3119258001357,-0.983775808707259,0.481364972391471,-0.607712983986239,-0.0716127419823893,-0.40955100238637,-0.0450834817333716,-0.636250266652825,-0.260466188099,-0.74531764413197,-0.947147650582465,-0.574669270854773,0.0818004259699548,-0.658949217868975,0.535903870809102,-0.152183763105805,1.85630369467307,1.73155929118307,1.76056501176168,-0.691672893496954,0.560198720569445,1.65439113496386,-0.469753479730028,0.816729879197326,-0.368961836167767,-0.368769597078406,-0.15056316141992,-0.0728119696208657,-0.208146073900903,0.008040388901674,0.074821169710056,-0.337114697442373,0.573254640157037,0.446096226230428,-0.536811354739718,-0.493022847663343,-0.411660830371538,-0.003978288008088,-0.983410343189219,0.920236573251436,0.48847244167839,-0.475916620994384,0.185788448261389,-0.87845808831902,-0.432284300951652,-0.391926470155279,-0.270890639840477,-0.106571991079944,0.0877376545918492,0.293783279216066
1989-09-01,0.000811487561643835,0.00317878356164384,0.339288683050816,-0.678652337674778,-0.406641911195256,0.560068546242943,-0.607712983986239,-0.0716127419823893,0.100773196653163,-0.0450834817333716,-0.42710676450432,0.144611512093842,-0.611428146205666,-0.701146438974666,-0.528517780231129,0.0921543859804228,0.278028909062436,0.955857326860412,-0.152183763105805,1.45648002436387,1.10123576155397,1.25702933827566,-0.691672893496954,0.548202895724071,1.55995963950124,0.242820063875994,0.816729879197326,-0.368961836167767,-0.368769597078406,-0.15056316141992,-0.0728119696208657,-0.208146073900903,0.008040388901674,0.074821169710056,-0.337114697442373,0.573254640157037,0.446096226230428,-0.536811354739718,-0.493022847663343,-0.411660830371538,-0.003978288008088,-0.983410343189219,0.920236573251436,0.48847244167839,-0.475916620994384,0.185788448261389,-0.87845808831902,-0.432284300951652,-0.391926470155279,-0.270890639840477,-0.106571991079944,0.0877376545918492,0.293783279216066
1989-10-01,0.000763859655324791,0.00318551671232877,1.10137717934714,-0.285449900768509,0.232768859731896,0.481368899715516,-0.607712983986239,-0.0716127419823893,0.885814889740589,-0.0450834817333716,-0.636250266652825,-0.0762313301790658,-0.599475956395316,-0.678126961408439,-0.513708943696013,0.0517636125475223,1.26314893899531,1.15477512776508,-0.152183763105805,1.06452796550899,0.535064839123604,1.11224650236888,-0.691672893496954,0.548561754830451,1.29987031795201,0.468994617136733,0.816729879197326,-0.368961836167767,-0.368769597078406,-0.15056316141992,-0.0728119696208657,-0.208146073900903,0.008040388901674,0.074821169710056,-0.337114697442373,0.573254640157037,0.446096226230428,-0.536811354739718,-0.493022847663343,-0.411660830371538,-0.003978288008088,-0.983410343189219,0.920236573251436,0.48847244167839,-0.475916620994384,0.185788448261389,-0.87845808831902,-0.432284300951652,-0.391926470155279,-0.270890639840477,-0.106571991079944,0.0877376545918492,0.293783279216066
1989-11-01,0.000491652383561643,0.00154578410958904,-0.834729937628303,0.580895656960696,0.964530443595616,0.563294749437772,-0.607712983986239,-0.0716127419823893,-0.478249150537449,-0.0450834817333716,-0.42710676450432,-0.666723382904529,-0.446145399312276,-0.408948041078583,-0.284845401009262,-0.570191548280305,1.66802191188661,1.61848084941813,-0.152183763105805,0.0193070982022153,-0.401562674200298,-0.045367833211084,0.0840496903233675,0.509525670621724,0.730471519134247,1.25236840740326,0.816729879197326,-0.368961836167767,-0.368769597078406,-0.15056316141992,-0.0728119696208657,-0.208146073900903,0.008040388901674,0.074821169710056,-0.337114697442373,0.573254640157037,0.446096226230428,-0.536811354739718,-0.493022847663343,-0.411660830371538,-0.003978288008088,-0.983410343189219,0.920236573251436,0.48847244167839,-0.475916620994384,0.185788448261389,-0.87845808831902,-0.432284300951652,-0.391926470155279,-0.270890639840477,-0.106571991079944,0.0877376545918492,0.293783279216066
1989-12-01,0.000173219973486522,0.00090379397260274,-0.550022238804462,1.01041157846993,1.62273733357549,0.503670302809837,-0.607712983986239,-0.0716127419823893,-0.549997518353497,-0.0450834817333716,-0.636250266652825,-0.835605961081237,-0.395268893047758,-0.401029721271856,0.266273499298532,-1.041264966894,1.4100431012739,1.78027786066835,-0.152183763105805,-0.460636687307848,-0.612745593232933,-0.582640567911498,1.35620911950964,0.437979885443051,-0.0592183772550307,1.42333952491066,0.816729879197326,-0.368961836167767,-0.368769597078406,-0.15056316141992,-0.0728119696208657,-0.208146073900903,0.008040388901674,0.074821169710056,-0.337114697442373,0.573254640157037,0.446096226230428,-0.536811354739718,-0.493022847663343,-0.411660830371538,-0.003978288008088,-0.983410343189219,0.920236573251436,0.48847244167839,-0.475916620994384,0.185788448261389,-0.87845808831902,-0.432284300951652,-0.391926470155279,-0.270890639840477,-0.106571991079944,0.0877376545918492,0.293783279216066
1990-01-01,5.84357048166152e-05,0.00032334904109589,-0.661462112856467,1.40354733116419,1.67388312592522,0.512297605150701,-0.188297492591758,-0.0716127419823893,-0.73699321827399,-0.0450834817333716,-0.576725485303134,-0.946334494536159,0.95602366872986,-0.160656084119353,2.16852125811704,-1.40439745994451,0.509422741723987,2.37146459434983,-0.152183763105805,-0.556066867291212,-0.603425473022784,-0.652117215938668,1.98135269790582,0.377966342339623,-0.653777322452663,2.30461932242748,0.816729879197326,-0.368961836167767,-0.368769597078406,-0.15056316141992,-0.0728119696208657,-0.208146073900903,0.008040388901674,0.074821169710056,-0.337114697442373,0.573254640157037,0.446096226230428,-0.536811354739718,-0.493022847663343,-0.411660830371538,-0.003978288008088,-0.983410343189219,0.920236573251436,0.48847244167839,-0.475916620994384,0.185788448261389,-0.87845808831902,-0.432284300951652,-0.391926470155279,-0.270890639840477,-0.106571991079944,0.0877376545918492,0.293783279216066
1990-02-01,0.000132974090019569,0.000142553424657534,-0.235879224980373,1.22894535073103,0.666167754763716,0.758869876390185,2.31431191328576,-0.0716127419823893,-0.717328323010519,-0.0450834817333716,0.101898881393863,-0.933862862265062,0.685834609889473,0.322869702233975,0.206994589788823,-0.23334729019089,0.493597159331252,3.00357985808271,-0.152183763105805,-0.573337964154491,-0.604161187028581,-0.644428730136765,-0.320260193147082,0.35449571544578,-1.00934713301045,3.51168584083588,0.816729879197326,-0.368961836167767,-0.368769597078406,-0.15056316141992,-0.0728119696208657,-0.208146073900903,0.008040388901674,0.074821169710056,-0.337114697442373,0.573254640157037,0.446096226230428,-0.536811354739718,-0.493022847663343,-0.411660830371538,-0.003978288008088,-0.983410343189219,0.920236573251436,0.48847244167839,-0.475916620994384,0.185788448261389,-0.87845808831902,-0.432284300951652,-0.391926470155279,-0.270890639840477,-0.106571991079944,0.0877376545918492,0.293783279216066
1990-03-01,3.82252231551039e-05,3.28767123287671e-05,-1.11590630356963,1.14870910142053,0.442024961884149,0.507984000734127,2.02967402394835,-0.0716127419823893,-0.794029953580221,-0.0450834817333716,-0.576725485303134,-0.961593740247531,0.786839472506192,-0.282228326911148,1.09843626185409,-0.949292724965951,-0.111491467240519,2.0908113929534,-0.152183763105805,-0.589817142892786,-0.601204631847989,-0.653432528617118,0.53823931501949,0.345038423807335,-1.24747955892622,1.87936035011496,0.816729879197326,-0.368961836167767,-0.368769597078406,-0.15056316141992,-0.0728119696208657,-0.208146073900903,0.008040388901674,0.074821169710056,-0.337114697442373,0.573254640157037,0.446096226230428,-0.536811354739718,-0.493022847663343,-0.411660830371538,-0.003978288008088,-0.983410343189219,0.920236573251436,0.48847244167839,-0.475916620994384,0.185788448261389,-0.87845808831902,-0.432284300951652,-0.391926470155279,-0.270890639840477,-0.106571991079944,0.0877376545918492,0.293783279216066
1990-04-01,0.000124433534246575,3.00361643835616e-05,-0.225368266878807,0.413471402037367,-0.523527142506895,0.566499258842641,0.0953338142608425,-0.0716127419823893,-0.749512883043346,-0.0450834817333716,-0.365597683480019,-0.884838015199375,-0.107380026411176,-0.354419150453952,-0.228792326108387,-0.157451029985158,-0.763951641345816,1.77006393144627,-0.152183763105805,-0.601519272014219,-0.601807330144252,-0.662985226891417,-0.541128929823644,0.342475628113653,-1.39692099709768,1.47250084021254,0.816729879197326,-0.368961836167767,-0.368769597078406,-0.15056316141992,-0.0728119696208657,-0.208146073900903,0.008040388901674,0.074821169710056,-0.337114697442373,0.573254640157037,0.446096226230428,-0.536811354739718,-0.493022847663343,-0.411660830371538,-0.003978288008088,-0.983410343189219,0.920236573251436,0.48847244167839,-0.475916620994384,0.185788448261389,-0.87845808831902,-0.432284300951652,-0.391926470155279,-0.270890639840477,-0.106571991079944,0.0877376545918492,0.293783279216066
1990-05-01,0.00015820019443217,0.000372138082191781,-0.887956593483215,-0.583939499212757,-0.965356567114732,0.481373014054991,2.28154353745413,-0.0716127419823893,-0.741507303649001,-0.0450834817333716,-0.576725485303134,-0.189035003732481,-0.613050462395676,-0.709942693755693,-0.484652661837459,0.919189582087764,-1.11597065736256,1.08873883869653,-0.152183763105805,-0.597450862945824,-0.6023206407168,-0.651543455309722,-0.691672893496954,0.375870853425665,-1.29588205649374,0.367752978594351,0.816729879197326,-0.368961836167767,-0.368769597078406,-0.15056316141992,-0.0728119696208657,-0.208146073900903,0.008040388901674,0.074821169710056,-0.337114697442373,0.573254640157037,0.446096226230428,-0.536811354739718,-0.493022847663343,-0.411660830371538,-0.003978288008088,-0.983410343189219,0.920236573251436,0.48847244167839,-0.475916620994384,0.185788448261389,-0.87845808831902,-0.432284300951652,-0.391926470155279,-0.270890639840477,-0.106571991079944,0.0877376545918492,0.293783279216066
1990-06-01,0.000162859835616438,0.00130031342465753,0.294229715750507,-1.11534382983285,-1.24903314425976,0.560072847597849,0.777364588209772,-0.0716127419823893,-0.29883133856364,-0.0450834817333716,-0.365597683480019,1.15168202922084,-0.622243731986581,-0.742719984665301,-0.504900389720794,1.5008257051425,-1.33122408387894,0.854969097169034,-0.152183763105805,-0.602406081828733,-0.591329883903831,-0.65939451155756,-0.691672893496954,0.412419863469132,-0.999308903762932,0.0945372493012838,0.816729879197326,-0.368961836167767,-0.368769597078406,-0.15056316141992,-0.0728119696208657,-0.208146073900903,0.008040388901674,0.074821169710056,-0.337114697442373,0.573254640157037,0.446096226230428,-0.536811354739718,-0.493022847663343,-0.411660830371538,-0.003978288008088,-0.983410343189219,0.920236573251436,0.48847244167839,-0.475916620994384,0.185788448261389,-0.87845808831902,-0.432284300951652,-0.391926470155279,-0.270890639840477,-0.106571991079944,0.0877376545918492,0.293783279216066
1990-07-01,0.000792708864339372,0.00304530410958904,0.978026059154587,-1.39198849577652,-1.21493319838425,0.481364972391471,-0.607712983986239,0.104835653408661,1.06250586776556,-0.0450834817333716,-0.576725485303134,2.49592943253732,-0.72873912186208,-0.926262941216907,-0.56833676671258,1.67665367575484,-1.15131825059481,0.575816212139297,-0.152183763105805,-0.505375332979767,-0.204481390173407,-0.502817656241358,-0.691672893496954,0.501102638011575,0.201766507356567,-0.403197117696493,0.816729879197326,-0.368961836167767,-0.368769597078406,-0.15056316141992,-0.0728119696208657,-0.208146073900903,0.008040388901674,0.074821169710056,-0.337114697442373,0.573254640157037,0.446096226230428,-0.536811354739718,-0.493022847663343,-0.411660830371538,-0.003978288008088,-0.983410343189219,0.920236573251436,0.48847244167839,-0.475916620994384,0.185788448261389,-0.87845808831902,-0.432284300951652,-0.391926470155279,-0.270890639840477,-0.106571991079944,0.0877376545918492,0.293783279216066
1990-08-01,0.00129306697304463,0.00403862794520548,1.10874570364203,-1.50854795568422,-0.984802922431384,0.481364972391471,-0.607712983986239,-0.0716127419823893,1.2418402783368,-0.0450834817333716,-0.576725740387294,1.26491256090327,-0.697545446978231,-0.862246041655632,-0.554487154228499,0.990671418460031,-0.657601277092549,0.730230105605091,-0.152183763105805,0.457975444581365,1.27545470068285,1.03897835068606,-0.691672893496954,0.551584296435894,1.1383594075412,-0.172284645768761,0.816729879197326,-0.368961836167767,-0.368769597078406,-0.15056316141992,-0.0728119696208657,-0.208146073900903,0.008040388901674,0.074821169710056,-0.337114697442373,0.573254640157037,0.446096226230428,-0.536811354739718,-0.493022847663343,-0.411660830371538,-0.003978288008088,-0.983410343189219,0.920236573251436,0.48847244167839,-0.475916620994384,0.185788448261389,-0.87845808831902,-0.432284300951652,-0.391926470155279,-0.270890639840477,-0.106571991079944,0.0877376545918492,0.293783279216066
1990-09-01,0.000438963726027398,0.00260478246575342,-0.618619565058303,-0.744193162963343,-0.418784332896175,0.560072847597849,-0.607712983986239,-0.0716127419823893,-0.463792436341457,-0.0450834817333716,-0.365597683480019,-0.340436804801342,-0.56047331325533,-0.610314317311289,-0.507407303464959,-0.0234653092070684,0.164810760922276,1.17257395168748,-0.152183763105805,0.472790604573315,0.622004611515657,1.05066348402221,-0.691672893496954,0.545189156323125,1.21341156590654,0.570270633716936,0.816729879197326,-0.368961836167767,-0.368769597078406,-0.15056316141992,-0.0728119696208657,-0.208146073900903,0.008040388901674,0.074821169710056,-0.337114697442373,0.573254640157037,0.446096226230428,-0.536811354739718,-0.493022847663343,-0.411660830371538,-0.003978288008088,-0.983410343189219,0.920236573251436,0.48847244167839,-0.475916620994384,0.185788448261389,-0.87845808831902,-0.432284300951652,-0.391926470155279,-0.270890639840477,-0.106571991079944,0.0877376545918492,0.293783279216066
1990-10-01,0.00038957758727353,0.00165504,0.728957836511022,-0.154503948194851,0.225267017323007,0.482334460384167,-0.607712983986239,-0.0716127419823893,0.625350811200313,-0.0450834817333716,-0.576725485303134,-0.349928885908904,-0.548194954939648,-0.586739452896108,-0.446294269628666,-0.0508144446734264,1.07295688350109,1.38209576863466,-0.152183763105805,-0.260127343058088,-0.255257451076115,-0.113414469383921,-0.691672893496954,0.519011738697944,0.823209514902932,0.808131796590008,0.816729879197326,-0.368961836167767,-0.368769597078406,-0.15056316141992,-0.0728119696208657,-0.208146073900903,0.008040388901674,0.074821169710056,-0.337114697442373,0.573254640157037,0.446096226230428,-0.536811354739718,-0.493022847663343,-0.411660830371538,-0.003978288008088,-0.983410343189219,0.920236573251436,0.48847244167839,-0.475916620994384,0.185788448261389,-0.87845808831902,-0.432284300951652,-0.391926470155279,-0.270890639840477,-0.106571991079944,0.0877376545918492,0.293783279216066
1990-11-01,0.00028480701369863,0.00113669260273973,-0.880088389535488,0.529840739141491,1.02071226023104,0.576109607794925,-0.607712983986239,-0.0716127419823893,-0.526514929939396,-0.0450834817333716,-0.365597683480019,-0.574484435563116,-0.366666212905641,-0.311072153575178,-0.230506596363003,-0.537820373689823,1.66986171789023,1.87052304280973,-0.152183763105805,-0.456666861522188,-0.447531729968187,-0.424029351577484,-0.203210001936372,0.499904973956223,0.381054749288015,1.62453927511482,0.816729879197326,-0.368961836167767,-0.368769597078406,-0.15056316141992,-0.0728119696208657,-0.208146073900903,0.008040388901674,0.074821169710056,-0.337114697442373,0.573254640157037,0.446096226230428,-0.536811354739718,-0.493022847663343,-0.411660830371538,-0.003978288008088,-0.983410343189219,0.920236573251436,0.48847244167839,-0.475916620994384,0.185788448261389,-0.87845808831902,-0.432284300951652,-0.391926470155279,-0.270890639840477,-0.106571991079944,0.0877376545918492,0.293783279216066
1990-12-01,7.06539637649138e-05,0.00061169095890411,-0.113221156695816,0.893925907991584,1.20406292727296,0.503448315493608,-0.607712983986239,-0.0716127419823893,-0.623549527374761,-0.0450834817333716,-0.576725485303134,-0.850999910651609,-0.347551611282599,-0.302961567136082,0.178275963189463,-0.898606085869595,1.01654329272606,2.04094533245103,-0.152183763105805,-0.575783389189267,-0.582909754167367,-0.615136992895819,0.400258769279468,0.439795622242318,-0.161479365291644,1.80472587041102,0.816729879197326,-0.368961836167767,-0.368769597078406,-0.15056316141992,-0.0728119696208657,-0.208146073900903,0.008040388901674,0.074821169710056,-0.337114697442373,0.573254640157037,0.446096226230428,-0.536811354739718,-0.493022847663343,-0.411660830371538,-0.003978288008088,-0.983410343189219,0.920236573251436,0.48847244167839,-0.475916620994384,0.185788448261389,-0.87845808831902,-0.432284300951652,-0.391926470155279,-0.270890639840477,-0.106571991079944,0.0877376545918492,0.293783279216066
1991-01-01,0.000274867980556784,0.000399175890410959,0.369160836209654,1.48361235638447,1.51272059927538,0.494429683364026,0.0624858537221924,-0.0716127419823893,-0.574058531839835,-0.0450834817333716,-0.522949535649896,-0.781916229827522,0.623724871862466,-0.0655280541953333,0.870660754244769,-0.311000293588707,1.18424545460734,2.14615213595312,-0.152183763105805,-0.602943598199714,-0.596340743035687,-0.660103677622489,0.845742537209434,0.404099523244772,-0.627850391593754,2.17080052635286,0.816729879197326,-0.368961836167767,-0.368769597078406,-0.15056316141992,-0.0728119696208657,-0.208146073900903,0.008040388901674,0.074821169710056,-0.337114697442373,0.573254640157037,0.446096226230428,-0.536811354739718,-0.493022847663343,-0.411660830371538,-0.003978288008088,-0.983410343189219,0.920236573251436,0.48847244167839,-0.475916620994384,0.185788448261389,-0.87845808831902,-0.432284300951652,-0.391926470155279,-0.270890639840477,-0.106571991079944,0.0877376545918492,0.293783279216066
1991-02-01,9.71243835616438e-05,0.000104021917808219,-1.71229369248451,1.03963848235938,1.11048659502891,0.766328986843245,2.50349865863957,-0.0716127419823893,-0.809589278024296,-0.0450834817333716,0.161435843012156,-0.948669970176297,2.2625204474148,0.428674954168943,2.1295921732439,-1.00492335587444,0.212037324491018,2.75227994809663,-0.152183763105805,-0.598602380319636,-0.600612792076047,-0.653462130461463,1.27034662057342,0.383507217221165,-0.975810369046837,3.36209882447669,0.816729879197326,-0.368961836167767,-0.368769597078406,-0.15056316141992,-0.0728119696208657,-0.208146073900903,0.008040388901674,0.074821169710056,-0.337114697442373,0.573254640157037,0.446096226230428,-0.536811354739718,-0.493022847663343,-0.411660830371538,-0.003978288008088,-0.983410343189219,0.920236573251436,0.48847244167839,-0.475916620994384,0.185788448261389,-0.87845808831902,-0.432284300951652,-0.391926470155279,-0.270890639840477,-0.106571991079944,0.0877376545918492,0.293783279216066
1991-03-01,6.25828369421124e-05,2.16986301369863e-05,-0.0697835897206815,0.573615721152108,0.296152519598379,0.495231792546254,2.13692905329753,-0.0716127419823893,-0.754609993097247,-0.0450834817333716,-0.522949535649896,-0.960264371163,0.457067072541859,-0.189785493225601,0.644166153754217,-0.967340385390852,-0.273135334870643,1.8770330874004,-0.152183760598061,-0.606773948754636,-0.600439095026612,-0.666439904237186,-0.143858087502768,0.374099127648878,-1.26500438630651,1.7548250666872,0.816729879197326,-0.368961836167767,-0.368769597078406,-0.15056316141992,-0.0728119696208657,-0.208146073900903,0.008040388901674,0.074821169710056,-0.337114697442373,0.573254640157037,0.446096226230428,-0.536811354739718,-0.493022847663343,-0.411660830371538,-0.003978288008088,-0.983410343189219,0.920236573251436,0.48847244167839,-0.475916620994384,0.185788448261389,-0.87845808831902,-0.432284300951652,-0.391926470155279,-0.270890639840477,-0.106571991079944,0.0877376545918492,0.293783279216066
1991-04-01,0.000111704547945205,4.7947397260274e-05,-1.14131583983326,-0.0743247735810942,-0.532603871926518,0.571011380138892,-0.00155513007239644,-0.0716127419823893,-0.78308715239673,-0.0450834817333716,-0.310030150234465,-0.917347707562669,-0.0973438056055615,-0.263566968145464,-0.300758244813262,0.323371651639137,-0.719808537626265,1.56948101447663,-0.152183763105805,-0.597345860784126,-0.601287737225534,-0.651316468171427,-0.402416465416089,0.372374121265187,-1.39432359439503,1.36023370816977,0.816729879197326,-0.368961836167767,-0.368769597078406,-0.15056316141992,-0.0728119696208657,-0.208146073900903,0.008040388901674,0.074821169710056,-0.337114697442373,0.573254640157037,0.446096226230428,-0.536811354739718,-0.493022847663343,-0.411660830371538,-0.003978288008088,-0.983410343189219,0.920236573251436,0.48847244167839,-0.475916620994384,0.185788448261389,-0.87845808831902,-0.432284300951652,-0.391926470155279,-0.270890639840477,-0.106571991079944,0.0877376545918492,0.293783279216066
1991-05-01,7.35165709235528e-05,6.36493150684932e-05,-1.55937181591689,-0.707719665371306,-1.10388763022397,0.497674588101924,2.25887798017026,-0.0716127419823893,-0.804190948236351,-0.0450834817333716,-0.522949535649896,-0.862175624268499,0.243927443184972,-0.62694166190288,-0.327888891083592,0.500999868336602,-1.31961241366172,0.916165935818207,-0.152183763105805,-0.598761854416255,-0.60093822235905,-0.654479760190541,-0.139295403377173,0.376073529826627,-1.39312789138111,0.276546361413731,0.816729879197326,-0.368961836167767,-0.368769597078406,-0.15056316141992,-0.0728119696208657,-0.208146073900903,0.008040388901674,0.074821169710056,-0.337114697442373,0.573254640157037,0.446096226230428,-0.536811354739718,-0.493022847663343,-0.411660830371538,-0.003978288008088,-0.983410343189219,0.920236573251436,0.48847244167839,-0.475916620994384,0.185788448261389,-0.87845808831902,-0.432284300951652,-0.391926470155279,-0.270890639840477,-0.106571991079944,0.0877376545918492,0.293783279216066
1991-06-01,0.000670389479452056,0.00133458410958904,1.0367904870298,-0.846016897124476,-1.29192153841575,0.557687278763971,0.604602723841446,-0.0716127419823893,-0.167011846143813,-0.0450834817333716,-0.310030150234465,1.77920887398929,-0.571443529209353,-0.660438205829946,-0.548044927394604,1.17203911941031,-1.36896204959371,0.692016661995464,-0.152183763105805,-0.602397116425547,-0.59160210493977,-0.660469428815012,-0.64169264480216,0.430499930050521,-1.10561044863014,0.0127651196469193,0.816729879197326,-0.368961836167767,-0.368769597078406,-0.15056316141992,-0.0728119696208657,-0.208146073900903,0.008040388901674,0.074821169710056,-0.337114697442373,0.573254640157037,0.446096226230428,-0.536811354739718,-0.493022847663343,-0.411660830371538,-0.003978288008088,-0.983410343189219,0.920236573251436,0.48847244167839,-0.475916620994384,0.185788448261389,-0.87845808831902,-0.432284300951652,-0.391926470155279,-0.270890639840477,-0.106571991079944,0.0877376545918492,0.293783279216066
1991-07-01,0.00129710635439682,0.00260296767123288,0.286662343013104,-1.29009560222521,-1.20627149370178,0.47798896983666,-0.607712983986239,-0.0716127419823893,0.635000498074376,-0.0450834817333716,-0.522949535649896,1.35738762045218,-0.68458238047546,-0.848040174709462,-0.56148632511488,1.40422071050909,-1.17929349173708,0.424322149338757,-0.152183763105805,-0.408823994337776,-0.0823829079713628,-0.347298347197245,-0.691672893496954,0.531991830564027,0.119726455120868,-0.477298377205414,0.816729879197326,-0.368961836167767,-0.368769597078406,-0.15056316141992,-0.0728119696208657,-0.208146073900903,0.008040388901674,0.074821169710056,-0.337114697442373,0.573254640157037,0.446096226230428,-0.536811354739718,-0.493022847663343,-0.411660830371538,-0.003978288008088,-0.983410343189219,0.920236573251436,0.48847244167839,-0.475916620994384,0.185788448261389,-0.87845808831902,-0.432284300951652,-0.391926470155279,-0.270890639840477,-0.106571991079944,0.0877376545918492,0.293783279216066
1991-08-01,0.00135625643835616,0.00499999561643836,2.14417144856644,-1.32652352741908,-0.897586249843639,0.47798896983666,-0.607712983986239,-0.0716127419823893,2.05108290324382,-0.0450834817333716,-0.522950173360294,1.84825447336145,-0.701910786827834,-0.782611366373085,-0.559455288722054,1.21391455631897,-0.60850640084204,0.572386004569139,-0.152183763105805,0.756099097518343,2.05630360727768,1.52121278931909,-0.691672893496954,0.571552661579255,0.993265681518512,-0.251568093971902,0.816729879197326,-0.368961836167767,-0.368769597078406,-0.15056316141992,-0.0728119696208657,-0.208146073900903,0.008040388901674,0.074821169710056,-0.337114697442373,0.573254640157037,0.446096226230428,-0.536811354739718,-0.493022847663343,-0.411660830371538,-0.003978288008088,-0.983410343189219,0.920236573251436,0.48847244167839,-0.475916620994384,0.185788448261389,-0.87845808831902,-0.432284300951652,-0.391926470155279,-0.270890639840477,-0.106571991079944,0.0877376545918492,0.293783279216066
1991-09-01,0.00138505205479452,0.00402492493150685,-0.044806340095985,-0.816954228586865,-0.391417092642799,0.55659716581848,-0.607712983986239,-0.0716127419823893,-0.0268289210063266,-0.0450834817333716,-0.310030150234465,0.0536725365413019,-0.51263102672406,-0.525116757518922,-0.513922892766475,0.411401554170426,0.240453231366203,0.996545504997298,-0.152183763105805,1.01044190112792,1.2510114617294,1.83129000222301,-0.691672893496954,0.570293043546103,1.26652304247529,0.47783578300325,0.816729879197326,-0.368961836167767,-0.368769597078406,-0.15056316141992,-0.0728119696208657,-0.208146073900903,0.008040388901674,0.074821169710056,-0.337114697442373,0.573254640157037,0.446096226230428,-0.536811354739718,-0.493022847663343,-0.411660830371538,-0.003978288008088,-0.983410343189219,0.920236573251436,0.48847244167839,-0.475916620994384,0.185788448261389,-0.87845808831902,-0.432284300951652,-0.391926470155279,-0.270890639840477,-0.106571991079944,0.0877376545918492,0.293783279216066
1991-10-01,0.000365529650905878,0.00152587397260274,-0.775754452105975,-0.0452644346229422,0.462182223967052,0.479086750414809,-0.607712983986239,-0.0716127419823893,-0.522798617877088,-0.0450834817333716,-0.522950173360294,-0.703451613855361,-0.500026499903047,-0.501016033721187,-0.475209291546897,-0.582899483087664,1.12300623335212,1.19746692328624,-0.152183763105805,0.00550588130065658,-0.30062246358972,0.151794530246342,-0.660943099995281,0.519537049748322,0.831260751932791,0.707131765935809,0.816729879197326,-0.368961836167767,-0.368769597078406,-0.15056316141992,-0.0728119696208657,-0.208146073900903,0.008040388901674,0.074821169710056,-0.337114697442373,0.573254640157037,0.446096226230428,-0.536811354739718,-0.493022847663343,-0.411660830371538,-0.003978288008088,-0.983410343189219,0.920236573251436,0.48847244167839,-0.475916620994384,0.185788448261389,-0.87845808831902,-0.432284300951652,-0.391926470155279,-0.270890639840477,-0.106571991079944,0.0877376545918492,0.293783279216066
1991-11-01,0.000266933479452054,0.00108093369863014,-0.0941072878051939,0.14405932319978,0.935456232238928,0.575389224355908,-0.607712983986239,-0.0716127419823893,-0.251635880432783,-0.0450834817333716,-0.310030787944863,-0.618913600761353,-0.339681947070663,-0.219261568311431,-0.191613934349987,-0.666673160293533,1.38768436338626,1.66581305749594,-0.152183763105805,-0.547825827218529,-0.606129072381878,-0.583586845364532,0.957078551314998,0.470522086860367,0.253153332078838,1.50894877247876,0.816729879197326,-0.368961836167767,-0.368769597078406,-0.15056316141992,-0.0728119696208657,-0.208146073900903,0.008040388901674,0.074821169710056,-0.337114697442373,0.573254640157037,0.446096226230428,-0.536811354739718,-0.493022847663343,-0.411660830371538,-0.003978288008088,-0.983410343189219,0.920236573251436,0.48847244167839,-0.475916620994384,0.185788448261389,-0.87845808831902,-0.432284300951652,-0.391926470155279,-0.270890639840477,-0.106571991079944,0.0877376545918492,0.293783279216066
1991-12-01,0.00061687911621741,0.00121720109589041,1.06041062969942,0.857571073353227,1.14923225576508,0.495008870152872,-0.607712983986239,-0.0716127419823893,0.128496655115641,-0.0450834817333716,-0.522949535649896,-0.246031840678059,-0.339615470547644,-0.210976972681024,0.00380675200279819,-0.242869062253846,1.17266686714028,1.8292190342214,-0.152183763105805,-0.60233653917759,-0.591180415513152,-0.658184104030404,0.129887630248642,0.41443240853303,-0.206737703085577,1.68186429257286,0.816729879197326,-0.368961836167767,-0.368769597078406,-0.15056316141992,-0.0728119696208657,-0.208146073900903,0.008040388901674,0.074821169710056,-0.337114697442373,0.573254640157037,0.446096226230428,-0.536811354739718,-0.493022847663343,-0.411660830371538,-0.003978288008088,-0.983410343189219,0.920236573251436,0.48847244167839,-0.475916620994384,0.185788448261389,-0.87845808831902,-0.432284300951652,-0.391926470155279,-0.270890639840477,-0.106571991079944,0.0877376545918492,0.293783279216066
1992-01-01,0.000889301917808219,0.00128187616438356,-0.38046574290938,0.915870255295558,1.21495412077391,0.495272748925576,-0.188297492591758,-0.0716127419823893,-0.140495539071825,-0.0450834817333716,-0.556140703822003,0.0119493161013655,0.0474903292648226,-0.0352137146244127,0.722316520650086,-0.11123718053819,1.31262965563503,1.68460387516999,-0.152183763105805,-0.608206501434434,-0.596448772414007,-0.668044425602598,0.736172118447487,0.394662770083485,-0.309645135081259,1.71576272070556,0.816729879197326,-0.368961836167767,-0.368769597078406,-0.15056316141992,-0.0728119696208657,-0.208146073900903,0.008040388901674,0.074821169710056,-0.337114697442373,0.573254640157037,0.446096226230428,-0.536811354739718,-0.493022847663343,-0.411660830371538,-0.003978288008088,-0.983410343189219,0.920236573251436,0.48847244167839,-0.475916620994384,0.185788448261389,-0.87845808831902,-0.432284300951652,-0.391926470155279,-0.270890639840477,-0.106571991079944,0.0877376545918492,0.293783279216066
1992-02-01,0.000192235805384979,0.000146025205479452,-0.788003067297076,1.12700761277513,0.88313242614394,0.669053097585406,2.39195396854613,-0.0716127419823893,-0.775761529647943,-0.0450834817333716,-0.117906118273606,-0.942630433842141,0.941266892219036,0.292344387788613,1.55006829633172,-0.985612618472606,0.277892001989791,2.0531322929638,-0.152183763105805,-0.602071782185544,-0.600682942685109,-0.658747727314401,1.39625770984232,0.360074733213471,-0.684980005254971,2.46979473548878,0.816729879197326,-0.368961836167767,-0.368769597078406,-0.15056316141992,-0.0728119696208657,-0.208146073900903,0.008040388901674,0.074821169710056,-0.337114697442373,0.573254640157037,0.446096226230428,-0.536811354739718,-0.493022847663343,-0.411660830371538,-0.003978288008088,-0.983410343189219,0.920236573251436,0.48847244167839,-0.475916620994384,0.185788448261389,-0.87845808831902,-0.432284300951652,-0.391926470155279,-0.270890639840477,-0.106571991079944,0.0877376545918492,0.293783279216066
1992-03-01,0.000116699178082192,2.88e-05,-1.38870760402534,1.05412002186726,0.401455956941954,0.50943262226025,-0.0211086164947475,-0.0716127419823893,-0.803186145843047,-0.0450834817333716,-0.556140703822003,-0.964899751412894,1.50579925453855,-0.160324970774745,1.18592926462127,-1.47426154520726,-0.365413827565648,1.43911760550943,-0.152183743463314,-0.603516345362573,-0.600421559839464,-0.661287482091924,0.872550340470944,0.347050856022458,-0.984065198884628,1.32376726465241,0.816729879197326,-0.368961836167767,-0.368769597078406,-0.15056316141992,-0.0728119696208657,-0.208146073900903,0.008040388901674,0.074821169710056,-0.337114697442373,0.573254640157037,0.446096226230428,-0.536811354739718,-0.493022847663343,-0.411660830371538,-0.003978288008088,-0.983410343189219,0.920236573251436,0.48847244167839,-0.475916620994384,0.185788448261389,-0.87845808831902,-0.432284300951652,-0.391926470155279,-0.270890639840477,-0.106571991079944,0.0877376545918492,0.293783279216066
1992-04-01,0.000268938520547946,0.000430421917808219,1.12718689922351,0.129461013521535,-0.615673464180251,0.560452488922149,2.4629281506976,-0.0716127419823893,-0.453756330165918,-0.0450834817333716,-0.344327235778891,0.196997863322779,-0.270242883352515,-0.234614273036611,-0.256966003457865,0.583683190660338,-0.787098363831299,1.15858081387217,-0.152183763105805,-0.597897931409803,-0.600188435800761,-0.652063750767234,-0.6114528483799,0.362922133519196,-1.09752060255454,0.957046638167738,0.816729879197326,-0.368961836167767,-0.368769597078406,-0.15056316141992,-0.0728119696208657,-0.208146073900903,0.008040388901674,0.074821169710056,-0.337114697442373,0.573254640157037,0.446096226230428,-0.536811354739718,-0.493022847663343,-0.411660830371538,-0.003978288008088,-0.983410343189219,0.920236573251436,0.48847244167839,-0.475916620994384,0.185788448261389,-0.87845808831902,-0.432284300951652,-0.391926470155279,-0.270890639840477,-0.106571991079944,0.0877376545918492,0.293783279216066
1992-05-01,0.00127104169686257,0.00200918794520548,0.304015393234883,-0.693174062428316,-1.1199879793929,0.47597443961727,-0.0211086164947475,-0.0716127419823893,0.135251534069874,-0.0450834817333716,-0.556140703822003,1.55708340374109,-0.552938343885373,-0.600491137820912,-0.518011836415402,1.67488030509194,-1.11958200337743,0.562645703288774,-0.152183763105805,-0.598644838990568,-0.583779409387523,-0.653128741340654,-0.691672893496954,0.465292110355579,-0.30725794808511,-0.0688336773831855,0.816729879197326,-0.368961836167767,-0.368769597078406,-0.15056316141992,-0.0728119696208657,-0.208146073900903,0.008040388901674,0.074821169710056,-0.337114697442373,0.573254640157037,0.446096226230428,-0.536811354739718,-0.493022847663343,-0.411660830371538,-0.003978288008088,-0.983410343189219,0.920236573251436,0.48847244167839,-0.475916620994384,0.185788448261389,-0.87845808831902,-0.432284300951652,-0.391926470155279,-0.270890639840477,-0.106571991079944,0.0877376545918492,0.293783279216066
1992-06-01,0.00105514871232877,0.0026618301369863,0.316501279953553,-1.57399347205318,-1.31650091630329,0.554498291639849,-0.607712983986239,-0.0716127419823893,0.784587884968768,-0.0450834817333716,-0.344327235778891,1.35161505599216,-0.643673884323372,-0.634219618869558,-0.561217131052792,1.1952683069447,-1.32442111517603,0.358185656575545,-0.152183763105805,-0.185110255077586,0.330920366917764,0.0112334814589257,-0.691672893496954,0.525477070749131,0.609635508237961,-0.312166958416298,0.816729879197326,-0.368961836167767,-0.368769597078406,-0.15056316141992,-0.0728119696208657,-0.208146073900903,0.008040388901674,0.074821169710056,-0.337114697442373,0.573254640157037,0.446096226230428,-0.536811354739718,-0.493022847663343,-0.411660830371538,-0.003978288008088,-0.983410343189219,0.920236573251436,0.48847244167839,-0.475916620994384,0.185788448261389,-0.87845808831902,-0.432284300951652,-0.391926470155279,-0.270890639840477,-0.106571991079944,0.0877376545918492,0.293783279216066
1992-07-01,0.00169538375607601,0.0042257095890411,1.09371662165112,-1.42841184917071,-1.21885531348922,0.47597443961727,-0.607712983986239,-0.0716127419823893,1.33719123653797,-0.0450834817333716,-0.556140703822003,1.31499417366398,-0.709300085903872,-0.823115161258064,-0.593965588533679,0.857057813692072,-1.10877084569292,0.113994502549336,-0.152183763105805,0.598924896299274,1.44115071875281,1.20683484838724,-0.691672893496954,0.558291012018071,1.34600959937294,-0.778813962989367,0.816729879197326,-0.368961836167767,-0.368769597078406,-0.15056316141992,-0.0728119696208657,-0.208146073900903,0.008040388901674,0.074821169710056,-0.337114697442373,0.573254640157037,0.446096226230428,-0.536811354739718,-0.493022847663343,-0.411660830371538,-0.003978288008088,-0.983410343189219,0.920236573251436,0.48847244167839,-0.475916620994384,0.185788448261389,-0.87845808831902,-0.432284300951652,-0.391926470155279,-0.270890639840477,-0.106571991079944,0.0877376545918492,0.293783279216066
1992-08-01,0.00108203665930181,0.00428194191780822,1.08291479720475,-1.3993061416526,-0.95143830676999,0.47597443961727,-0.607712983986239,-0.0716127419823893,1.14609203974305,-0.0450834817333716,-0.556140703822003,0.439892136014077,-0.639889346965097,-0.757234424905391,-0.580799397935804,0.52096572808857,-0.620873960638342,0.249054931171766,-0.152183763105805,1.6519037166346,2.37904525150364,1.93627961715789,-0.691672893496954,0.563654601473158,1.62616998298134,-0.566297106977993,0.816729879197326,-0.368961836167767,-0.368769597078406,-0.15056316141992,-0.0728119696208657,-0.208146073900903,0.008040388901674,0.074821169710056,-0.337114697442373,0.573254640157037,0.446096226230428,-0.536811354739718,-0.493022847663343,-0.411660830371538,-0.003978288008088,-0.983410343189219,0.920236573251436,0.48847244167839,-0.475916620994384,0.185788448261389,-0.87845808831902,-0.432284300951652,-0.391926470155279,-0.270890639840477,-0.106571991079944,0.0877376545918492,0.293783279216066
1992-09-01,0.00228855495890411,0.0045813304109589,0.438962564587549,-1.224611327478,-0.590643187093745,0.554498291639849,-0.607712983986239,-0.0716127419823893,0.509495617849617,-0.0450834817333716,-0.344327235778891,0.167115164257291,-0.498928047617258,-0.497965463261061,-0.537213542348444,0.319261137251845,0.0376154634140238,0.63596193913951,-0.152183763105805,2.62719113742896,2.00418616469171,2.21416422651518,-0.691672893496954,0.563138431173603,1.76048064895977,0.125721976098842,0.816729879197326,-0.368961836167767,-0.368769597078406,-0.15056316141992,-0.0728119696208657,-0.208146073900903,0.008040388901674,0.074821169710056,-0.337114697442373,0.573254640157037,0.446096226230428,-0.536811354739718,-0.493022847663343,-0.411660830371538,-0.003978288008088,-0.983410343189219,0.920236573251436,0.48847244167839,-0.475916620994384,0.185788448261389,-0.87845808831902,-0.432284300951652,-0.391926470155279,-0.270890639840477,-0.106571991079944,0.0877376545918492,0.293783279216066
1992-10-01,0.00165848378258948,0.00383203068493151,0.559710071899826,-0.132607066072349,0.249971834734294,0.47599875162326,-0.607712983986239,-0.0716127419823893,1.01459242608464,-0.0450834817333716,-0.556140703822003,0.243563697005122,-0.486200683742841,-0.473697041486207,-0.523421805569877,0.00359009689729063,1.29972738307381,0.819242029062582,-0.152183763105805,1.89111818167203,0.615544981231021,1.23866013331025,-0.691672893496954,0.549925193737148,1.5808769608223,0.336656961558723,0.816729879197326,-0.368961836167767,-0.368769597078406,-0.15056316141992,-0.0728119696208657,-0.208146073900903,0.008040388901674,0.074821169710056,-0.337114697442373,0.573254640157037,0.446096226230428,-0.536811354739718,-0.493022847663343,-0.411660830371538,-0.003978288008088,-0.983410343189219,0.920236573251436,0.48847244167839,-0.475916620994384,0.185788448261389,-0.87845808831902,-0.432284300951652,-0.391926470155279,-0.270890639840477,-0.106571991079944,0.0877376545918492,0.293783279216066
1992-11-01,0.000954530191780821,0.00198893589041096,0.675224139571088,0.144004578082499,0.674814015481063,0.557922357160348,-0.607712983986239,-0.0716127419823893,0.557259555957244,-0.0450834817333716,-0.344327235778891,-0.0332509894913311,-0.324839473650816,-0.190003455515755,-0.475356658501601,-0.118850186818747,1.71434713930311,1.24645443248854,-0.152183763105805,0.485866580377366,-0.601178962589753,-0.0986037827932685,-0.691672893496954,0.517345526526335,0.961106112518919,1.09717825169094,0.816729879197326,-0.368961836167767,-0.368769597078406,-0.15056316141992,-0.0728119696208657,-0.208146073900903,0.008040388901674,0.074821169710056,-0.337114697442373,0.573254640157037,0.446096226230428,-0.536811354739718,-0.493022847663343,-0.411660830371538,-0.003978288008088,-0.983410343189219,0.920236573251436,0.48847244167839,-0.475916620994384,0.185788448261389,-0.87845808831902,-0.432284300951652,-0.391926470155279,-0.270890639840477,-0.106571991079944,0.0877376545918492,0.293783279216066
1992-12-01,0.000622255625276181,0.00127322301369863,-0.34549328430377,0.937629109835129,1.06316714284482,0.487748744118066,-0.607712983986239,-0.0716127419823893,-0.329207324100473,-0.0450834817333716,-0.556140703822003,-0.578591828191165,-0.32458483966482,-0.18166296055964,-0.422032589101193,-0.53712758502825,1.72774277744301,1.3955066293997,-0.152183763105805,-0.0542605036162142,-0.468946782528614,-0.352837035492243,-0.553145030477831,0.487593172539192,0.493456130914926,1.25507537737436,0.816729879197326,-0.368961836167767,-0.368769597078406,-0.15056316141992,-0.0728119696208657,-0.208146073900903,0.008040388901674,0.074821169710056,-0.337114697442373,0.573254640157037,0.446096226230428,-0.536811354739718,-0.493022847663343,-0.411660830371538,-0.003978288008088,-0.983410343189219,0.920236573251436,0.48847244167839,-0.475916620994384,0.185788448261389,-0.87845808831902,-0.432284300951652,-0.391926470155279,-0.270890639840477,-0.106571991079944,0.0877376545918492,0.293783279216066
1993-01-01,0.000197054953601414,0.00070464,-0.295519932606103,1.59285216115381,1.5956591631157,0.495798916839821,-0.188297492591758,-0.0716127419823893,-0.645100784792119,-0.0450834817333716,-0.647778157518596,-0.827776158768192,0.368001248945066,-0.0498491949366968,0.205736388236338,-1.19790809381211,1.27129709783027,1.35384722866426,-0.152183763105805,-0.361358394919889,-0.588947232400698,-0.58168883604877,2.41994222517969,0.426733602165155,-0.201746245195665,1.34833361815474,0.816729879197326,-0.368961836167767,-0.368769597078406,-0.15056316141992,-0.0728119696208657,-0.208146073900903,0.008040388901674,0.074821169710056,-0.337114697442373,0.573254640157037,0.446096226230428,-0.536811354739718,-0.493022847663343,-0.411660830371538,-0.003978288008088,-0.983410343189219,0.920236573251436,0.48847244167839,-0.475916620994384,0.185788448261389,-0.87845808831902,-0.432284300951652,-0.391926470155279,-0.270890639840477,-0.106571991079944,0.0877376545918492,0.293783279216066
1993-02-01,0.000128521643835616,0.000368876712328767,0.738078022571306,1.52742388367285,1.01569405829352,0.757202259794724,-0.143360151831085,-0.0716127419823893,-0.541476665243127,-0.0450834817333716,0.0232322021096969,-0.584519348492923,0.710759548652686,0.446113965985812,1.23422008935942,-0.67667841848747,0.577153608749802,1.86860684687205,-0.152183763105805,-0.475663382562715,-0.602462855785919,-0.630331953467156,1.07794416249271,0.389432567881147,-0.631285713611948,2.44477257247799,0.816729879197326,-0.368961836167767,-0.368769597078406,-0.15056316141992,-0.0728119696208657,-0.208146073900903,0.008040388901674,0.074821169710056,-0.337114697442373,0.573254640157037,0.446096226230428,-0.536811354739718,-0.493022847663343,-0.411660830371538,-0.003978288008088,-0.983410343189219,0.920236573251436,0.48847244167839,-0.475916620994384,0.185788448261389,-0.87845808831902,-0.432284300951652,-0.391926470155279,-0.270890639840477,-0.106571991079944,0.0877376545918492,0.293783279216066
1993-03-01,0.000214024427750773,0.000595594520547945,-0.775035455638209,0.7702048549118,0.106724493927361,0.490913325728482,0.231117998802722,-0.0716127419823893,-0.625928577409443,-0.0450834817333716,-0.647778157518596,-0.569875679183933,-0.190049507865973,-0.174548644360958,-0.199620292838806,0.573091152414682,0.13966349477783,1.12529150307536,-0.152183763105805,-0.540544136563957,-0.606551044339089,-0.651362950218133,-0.16374066069788,0.395366720745625,-0.660329576772548,0.974609728594763,0.816729879197326,-0.368961836167767,-0.368769597078406,-0.15056316141992,-0.0728119696208657,-0.208146073900903,0.008040388901674,0.074821169710056,-0.337114697442373,0.573254640157037,0.446096226230428,-0.536811354739718,-0.493022847663343,-0.411660830371538,-0.003978288008088,-0.983410343189219,0.920236573251436,0.48847244167839,-0.475916620994384,0.185788448261389,-0.87845808831902,-0.432284300951652,-0.391926470155279,-0.270890639840477,-0.106571991079944,0.0877376545918492,0.293783279216066
1993-04-01,0.000100555397260274,0.000224929315068493,-1.3685500905303,0.362476034093076,-0.453872934724992,0.578613089857853,-0.174316994440722,-0.0716127419823893,-0.771472988569587,-0.0450834817333716,-0.439018557029726,-0.834942911483426,0.256636453758468,-0.248593612473365,-0.102539950831802,0.0837423788267573,-0.734031644613816,0.864110002316897,-0.152183763105805,-0.574865028371245,-0.601295363661184,-0.658157297144012,0.171260974678522,0.375765226971711,-0.754131160993278,0.62841952205339,0.816729879197326,-0.368961836167767,-0.368769597078406,-0.15056316141992,-0.0728119696208657,-0.208146073900903,0.008040388901674,0.074821169710056,-0.337114697442373,0.573254640157037,0.446096226230428,-0.536811354739718,-0.493022847663343,-0.411660830371538,-0.003978288008088,-0.983410343189219,0.920236573251436,0.48847244167839,-0.475916620994384,0.185788448261389,-0.87845808831902,-0.432284300951652,-0.391926470155279,-0.270890639840477,-0.106571991079944,0.0877376545918492,0.293783279216066
1993-05-01,9.64827574016792e-05,0.000185898082191781,-0.772912041547553,-0.627645321833193,-1.03001598419696,0.485394219845682,-0.188297492591758,-0.0716127419823893,-0.647119828913745,-0.0450834817333716,-0.647778157518596,-0.559075480387517,-0.2413848466535,-0.61326120353825,-0.469956632819258,0.168297479293731,-1.19641720323707,0.309300633612206,-0.152183763105805,-0.594567702829091,-0.602329137837145,-0.665066183257347,-0.42638020101765,0.373680345842658,-0.762418860031386,-0.352740255221065,0.816729879197326,-0.368961836167767,-0.368769597078406,-0.15056316141992,-0.0728119696208657,-0.208146073900903,0.008040388901674,0.074821169710056,-0.337114697442373,0.573254640157037,0.446096226230428,-0.536811354739718,-0.493022847663343,-0.411660830371538,-0.003978288008088,-0.983410343189219,0.920236573251436,0.48847244167839,-0.475916620994384,0.185788448261389,-0.87845808831902,-0.432284300951652,-0.391926470155279,-0.270890639840477,-0.106571991079944,0.0877376545918492,0.293783279216066
1993-06-01,0.000309380383561644,0.000747353424657534,-0.254570709256082,-1.32646164796471,-1.19079840425034,0.555316110118255,0.518221791657283,-0.0716127419823893,-0.0262451439024506,-0.0450834817333716,-0.439018557029726,0.214746341869002,-0.565114241647098,-0.646877209733962,-0.555033450153348,0.80286311758977,-1.30400815811829,0.118953558289903,-0.152183763105805,-0.585667470447822,-0.502036019611043,-0.634989713318377,-0.639681675527602,0.421754714186059,-0.4643158177306,-0.581205395505302,0.816729879197326,-0.368961836167767,-0.368769597078406,-0.15056316141992,-0.0728119696208657,-0.208146073900903,0.008040388901674,0.074821169710056,-0.337114697442373,0.573254640157037,0.446096226230428,-0.536811354739718,-0.493022847663343,-0.411660830371538,-0.003978288008088,-0.983410343189219,0.920236573251436,0.48847244167839,-0.475916620994384,0.185788448261389,-0.87845808831902,-0.432284300951652,-0.391926470155279,-0.270890639840477,-0.106571991079944,0.0877376545918492,0.293783279216066
1993-07-01,0.00070420305788776,0.00292213479452055,0.933651884594461,-1.11539589593375,-1.24106245610618,0.475593115154094,-0.524118536287203,-0.0716127419823893,0.776266260909023,-0.0450834817333716,-0.647778157518596,1.05050894268014,-0.680026859964353,-0.835147265715874,-0.603641338550922,1.32133887654399,-1.20902589452223,-0.108383973407472,-0.152183763105805,0.360811324339094,1.3196078970797,0.895320700286412,-0.691672893496954,0.529712962389733,0.305474966669821,-1.02931927201073,0.816729879197326,-0.368961836167767,-0.368769597078406,-0.15056316141992,-0.0728119696208657,-0.208146073900903,0.008040388901674,0.074821169710056,-0.337114697442373,0.573254640157037,0.446096226230428,-0.536811354739718,-0.493022847663343,-0.411660830371538,-0.003978288008088,-0.983410343189219,0.920236573251436,0.48847244167839,-0.475916620994384,0.185788448261389,-0.87845808831902,-0.432284300951652,-0.391926470155279,-0.270890639840477,-0.106571991079944,0.0877376545918492,0.293783279216066
1993-08-01,0.000992009615554573,0.00425529863013699,0.495542083481308,-0.867840193655825,-0.853982912501084,0.475598538601584,-0.607712983986239,-0.0716127419823893,0.435967535942906,-0.0450834817333716,-0.647778157518596,0.534087634137855,-0.648036478403546,-0.769485167854875,-0.597740647302461,0.992691825832194,-0.607784731779659,0.0173522617600119,-0.152183763105805,0.999825481114892,1.90147147803379,1.92077135825435,-0.691672893496954,0.568370777502678,0.785535279026294,-0.826855708206392,0.816729879197326,-0.368961836167767,-0.368769597078406,-0.15056316141992,-0.0728119696208657,-0.208146073900903,0.008040388901674,0.074821169710056,-0.337114697442373,0.573254640157037,0.446096226230428,-0.536811354739718,-0.493022847663343,-0.411660830371538,-0.003978288008088,-0.983410343189219,0.920236573251436,0.48847244167839,-0.475916620994384,0.185788448261389,-0.87845808831902,-0.432284300951652,-0.391926470155279,-0.270890639840477,-0.106571991079944,0.0877376545918492,0.293783279216066
1993-09-01,0.000460821917808218,0.0032315704109589,0.012868954910341,-0.693240746640323,-0.384984777420768,0.554109860590306,-0.607712983986239,-0.0716127419823893,0.0670576873156782,-0.0450834817333716,-0.439018557029726,-0.132572423977589,-0.50756638275514,-0.511074305940241,-0.555902227755506,0.374995944355035,0.131419438477377,0.377552131921405,-0.152183763105805,0.615354367460222,0.752937615876826,1.29713789586647,-0.691672893496954,0.55138240997636,0.78945701615067,-0.16399641337769,0.816729879197326,-0.368961836167767,-0.368769597078406,-0.15056316141992,-0.0728119696208657,-0.208146073900903,0.008040388901674,0.074821169710056,-0.337114697442373,0.573254640157037,0.446096226230428,-0.536811354739718,-0.493022847663343,-0.411660830371538,-0.003978288008088,-0.983410343189219,0.920236573251436,0.48847244167839,-0.475916620994384,0.185788448261389,-0.87845808831902,-0.432284300951652,-0.391926470155279,-0.270890639840477,-0.106571991079944,0.0877376545918492,0.293783279216066
1993-10-01,0.000266057021652675,0.0015323704109589,-0.540635335487875,-0.212679080031004,0.307763437891512,0.47676065248789,-0.607712983986239,-0.0716127419823893,-0.484184723738729,-0.0450834817333716,-0.647778157518596,-0.554083945970539,-0.494808815417004,-0.486887253748371,-0.490957653096917,-0.27566861478632,0.903445547792257,0.548181904839335,-0.152183763105805,-0.0965569871834977,-0.119165095787759,0.154780022458591,-0.518106515230341,0.51861688083215,0.485352155989037,0.0336443684914657,0.816729879197326,-0.368961836167767,-0.368769597078406,-0.15056316141992,-0.0728119696208657,-0.208146073900903,0.008040388901674,0.074821169710056,-0.337114697442373,0.573254640157037,0.446096226230428,-0.536811354739718,-0.493022847663343,-0.411660830371538,-0.003978288008088,-0.983410343189219,0.920236573251436,0.48847244167839,-0.475916620994384,0.185788448261389,-0.87845808831902,-0.432284300951652,-0.391926470155279,-0.270890639840477,-0.106571991079944,0.0877376545918492,0.293783279216066
1993-11-01,0.000325464547945205,0.00183436273972603,0.757394600167661,0.158640161032084,0.838073804029626,0.564448447629697,-0.607712983986239,-0.0716127419823893,0.320545739384113,-0.0450834817333716,-0.439018557029726,0.022080099176456,-0.334029852958112,-0.204130206884009,-0.438523798485045,0.0176276185648439,1.60111398764814,0.945923009314766,-0.152183763105805,-0.357266359581197,-0.256617608526605,-0.263052470078576,-0.663249627825657,0.512188901725683,0.27337549434245,0.762011855808945,0.816729879197326,-0.368961836167767,-0.368769597078406,-0.15056316141992,-0.0728119696208657,-0.208146073900903,0.008040388901674,0.074821169710056,-0.337114697442373,0.573254640157037,0.446096226230428,-0.536811354739718,-0.493022847663343,-0.411660830371538,-0.003978288008088,-0.983410343189219,0.920236573251436,0.48847244167839,-0.475916620994384,0.185788448261389,-0.87845808831902,-0.432284300951652,-0.391926470155279,-0.270890639840477,-0.106571991079944,0.0877376545918492,0.293783279216066
1993-12-01,0.00167405079982324,0.00305729753424658,2.5733577574963,0.762917930364837,1.08241236023206,0.492027096125955,-0.607712983986239,-0.0716127419823893,1.8453241123054,-0.0450834817333716,-0.647778157518596,1.48179143747349,-0.318660480836255,-0.195815407585679,-0.153822132144599,-0.230067470672098,1.17744023537721,1.08469531147365,-0.152183763105805,-0.55850035099771,-0.579626363203482,-0.588439872228777,0.324081285669329,0.46938931085098,-0.042236284148028,0.909169811369911,0.816729879197326,-0.368961836167767,-0.368769597078406,-0.15056316141992,-0.0728119696208657,-0.208146073900903,0.008040388901674,0.074821169710056,-0.337114697442373,0.573254640157037,0.446096226230428,-0.536811354739718,-0.493022847663343,-0.411660830371538,-0.003978288008088,-0.983410343189219,0.920236573251436,0.48847244167839,-0.475916620994384,0.185788448261389,-0.87845808831902,-0.432284300951652,-0.391926470155279,-0.270890639840477,-0.106571991079944,0.0877376545918492,0.293783279216066
1994-01-01,0.000974360547945205,0.00149886246575342,-0.647967620155109,0.952231787474859,1.35330708459894,0.478550764190452,-0.188297492591758,-0.0716127419823893,-0.0982673289851221,-0.0450834817333716,-0.619832667538871,-0.200946463970539,-0.208971616600623,0.0214136547192785,-0.164966478189241,-0.631201539267384,1.69955980013526,1.18069410302554,-0.152183763105805,-0.584752686125866,-0.559735339413583,-0.633012149615291,1.25902551202638,0.451433490771517,0.348162982057483,1.24302142760964,0.816729879197326,-0.368961836167767,-0.368769597078406,-0.15056316141992,-0.0728119696208657,-0.208146073900903,0.008040388901674,0.074821169710056,-0.337114697442373,0.573254640157037,0.446096226230428,-0.536811354739718,-0.493022847663343,-0.411660830371538,-0.003978288008088,-0.983410343189219,0.920236573251436,0.48847244167839,-0.475916620994384,0.185788448261389,-0.87845808831902,-0.432284300951652,-0.391926470155279,-0.270890639840477,-0.106571991079944,0.0877376545918492,0.293783279216066
1994-02-01,0.000219021839530333,0.000437917808219178,-0.26148363271767,1.4109786896376,0.9685455640346,0.743775860979215,-0.143360151831085,-0.0716127419823893,-0.617155956355951,-0.0450834817333716,0.0541726352028824,-0.862758461430587,0.368610665244129,0.525378308235554,0.672820891587751,-1.19729294525917,0.616866037013619,1.67548990404484,-0.152183763105805,-0.595838414727329,-0.592137263608152,-0.648403844709149,1.69575473227688,0.39860830182449,-0.182193339097311,2.32708356709969,0.816729879197326,-0.368961836167767,-0.368769597078406,-0.15056316141992,-0.0728119696208657,-0.208146073900903,0.008040388901674,0.074821169710056,-0.337114697442373,0.573254640157037,0.446096226230428,-0.536811354739718,-0.493022847663343,-0.411660830371538,-0.003978288008088,-0.983410343189219,0.920236573251436,0.48847244167839,-0.475916620994384,0.185788448261389,-0.87845808831902,-0.432284300951652,-0.391926470155279,-0.270890639840477,-0.106571991079944,0.0877376545918492,0.293783279216066
1994-03-01,8.88850552364118e-05,0.000176534794520548,-1.43710776380127,0.624503637243864,0.178200182952073,0.503943345338644,-0.188297492591758,-0.0716127419823893,-0.791459272024423,-0.0450834817333716,-0.619832412454711,-0.93457701198334,0.556233570268758,-0.105302903841059,1.7393683606233,-1.36128113864241,-0.417299107512314,0.960994649310607,-0.152183763105805,-0.607313197485135,-0.597872701566301,-0.666656109521996,1.75284844068488,0.371837751034801,-0.485385563835817,0.876473893343374,0.816729879197326,-0.368961836167767,-0.368769597078406,-0.15056316141992,-0.0728119696208657,-0.208146073900903,0.008040388901674,0.074821169710056,-0.337114697442373,0.573254640157037,0.446096226230428,-0.536811354739718,-0.493022847663343,-0.411660830371538,-0.003978288008088,-0.983410343189219,0.920236573251436,0.48847244167839,-0.475916620994384,0.185788448261389,-0.87845808831902,-0.432284300951652,-0.391926470155279,-0.270890639840477,-0.106571991079944,0.0877376545918492,0.293783279216066
1994-04-01,6.78005479452054e-05,6.56745205479452e-05,-0.803651586874147,0.275114474810567,-0.45305559065988,0.574602824469858,2.29238140473085,-0.0716127419823893,-0.774291378899279,-0.0450834817333716,-0.410141754784669,-0.932288639172193,-0.0596987286769555,-0.18053347861966,-0.404390520686851,-0.761089436829784,-0.701372031083292,0.709962938279471,-0.152183763105805,-0.599438678352428,-0.600210419976203,-0.654300343418799,-0.366508000615206,0.358983034158399,-0.682567307834696,0.539745821002029,0.816729879197326,-0.368961836167767,-0.368769597078406,-0.15056316141992,-0.0728119696208657,-0.208146073900903,0.008040388901674,0.074821169710056,-0.337114697442373,0.573254640157037,0.446096226230428,-0.536811354739718,-0.493022847663343,-0.411660830371538,-0.003978288008088,-0.983410343189219,0.920236573251436,0.48847244167839,-0.475916620994384,0.185788448261389,-0.87845808831902,-0.432284300951652,-0.391926470155279,-0.270890639840477,-0.106571991079944,0.0877376545918492,0.293783279216066
1994-05-01,0.00029861302695537,0.000500488767123288,0.711891523050142,-0.78782516703468,-0.924820598720375,0.486140598429565,0.229674729819203,-0.0716127419823893,-0.00618807165065491,-0.0450834817333716,-0.619832412454711,0.600576552190995,-0.00842350778850671,-0.551079740304506,-0.225950090297702,0.0901009272683141,-1.05707128425375,0.176684809932309,-0.152183763105805,-0.603889296248545,-0.591235631851415,-0.661735106365244,-0.418671298554895,0.398857246223445,-0.590585548965838,-0.425041836470339,0.816729879197326,-0.368961836167767,-0.368769597078406,-0.15056316141992,-0.0728119696208657,-0.208146073900903,0.008040388901674,0.074821169710056,-0.337114697442373,0.573254640157037,0.446096226230428,-0.536811354739718,-0.493022847663343,-0.411660830371538,-0.003978288008088,-0.983410343189219,0.920236573251436,0.48847244167839,-0.475916620994384,0.185788448261389,-0.87845808831902,-0.432284300951652,-0.391926470155279,-0.270890639840477,-0.106571991079944,0.0877376545918492,0.293783279216066
1994-06-01,0.000336184109589041,0.00142566575342466,-0.506901931601719,-1.39928226346315,-1.28452706478733,0.547802297651718,-0.607712983986239,-0.0716127419823893,-0.257282496268157,-0.0450834817333716,-0.410141754784669,0.0629582860735012,-0.62024654601242,-0.585222958285813,-0.571282759131688,1.26757377999378,-1.31849922788036,-0.00625221358286109,-0.152183763105805,-0.253107118428939,0.352979798700439,-0.0944018661225846,-0.691672893496954,0.489553920015095,0.11325269441368,-0.646228448970841,0.816729879197326,-0.368961836167767,-0.368769597078406,-0.15056316141992,-0.0728119696208657,-0.208146073900903,0.008040388901674,0.074821169710056,-0.337114697442373,0.573254640157037,0.446096226230428,-0.536811354739718,-0.493022847663343,-0.411660830371538,-0.003978288008088,-0.983410343189219,0.920236573251436,0.48847244167839,-0.475916620994384,0.185788448261389,-0.87845808831902,-0.432284300951652,-0.391926470155279,-0.270890639840477,-0.106571991079944,0.0877376545918492,0.293783279216066
1994-07-01,0.000317453292090145,0.0022881402739726,0.248571509915758,-1.31923639903392,-1.15327733134004,0.469526895628811,-0.607712983986239,-0.0716127419823893,0.319831001075727,-0.0450834817333716,-0.619832412454711,0.18157476721068,-0.657937144907875,-0.776544937130892,-0.614522315685654,0.957139578539395,-1.13385303409187,-0.224801721480753,-0.152183763105805,0.400660149175504,0.837024953275234,0.960189915070805,-0.691672893496954,0.534876583814473,0.319243972799579,-1.08837617327621,0.816729879197326,-0.368961836167767,-0.368769597078406,-0.15056316141992,-0.0728119696208657,-0.208146073900903,0.008040388901674,0.074821169710056,-0.337114697442373,0.573254640157037,0.446096226230428,-0.536811354739718,-0.493022847663343,-0.411660830371538,-0.003978288008088,-0.983410343189219,0.920236573251436,0.48847244167839,-0.475916620994384,0.185788448261389,-0.87845808831902,-0.432284300951652,-0.391926470155279,-0.270890639840477,-0.106571991079944,0.0877376545918492,0.293783279216066
1994-08-01,0.000555247370746797,0.00305485150684932,-0.68994618718092,-1.32652352741908,-0.846092580161233,0.469494541959301,-0.607712983986239,-0.0716127419823893,-0.344362995308625,-0.0450834817333716,-0.619832412454711,-0.0831455455837519,-0.61320986153674,-0.709831571305801,-0.602023261602304,0.74541554525812,-0.592761837429281,-0.103952641908467,-0.152183763105805,0.423758392897342,0.966310032814709,0.994954916158109,-0.691672893496954,0.541112607153657,0.639533480021721,-0.889939407608269,0.816729879197326,-0.368961836167767,-0.368769597078406,-0.15056316141992,-0.0728119696208657,-0.208146073900903,0.008040388901674,0.074821169710056,-0.337114697442373,0.573254640157037,0.446096226230428,-0.536811354739718,-0.493022847663343,-0.411660830371538,-0.003978288008088,-0.983410343189219,0.920236573251436,0.48847244167839,-0.475916620994384,0.185788448261389,-0.87845808831902,-0.432284300951652,-0.391926470155279,-0.270890639840477,-0.106571991079944,0.0877376545918492,0.293783279216066
1994-09-01,0.000190892712328767,0.00144857424657534,-0.846079829678087,-1.15185020361499,-0.413525994999089,0.558607768713826,-0.607712983986239,-0.0716127419823893,-0.62570711583619,-0.0450834817333716,-0.410141754784669,-0.625888451060633,-0.470377392580113,-0.447258238230597,-0.481888126040506,-0.326054602063439,-0.0868540705410464,0.242264818395811,-0.152183763105805,-0.0466842712645066,-0.114487554038405,0.236332784790715,-0.598619951372233,0.519244094326887,0.472959731591954,-0.237332941849483,0.816729879197326,-0.368961836167767,-0.368769597078406,-0.15056316141992,-0.0728119696208657,-0.208146073900903,0.008040388901674,0.074821169710056,-0.337114697442373,0.573254640157037,0.446096226230428,-0.536811354739718,-0.493022847663343,-0.411660830371538,-0.003978288008088,-0.983410343189219,0.920236573251436,0.48847244167839,-0.475916620994384,0.185788448261389,-0.87845808831902,-0.432284300951652,-0.391926470155279,-0.270890639840477,-0.106571991079944,0.0877376545918492,0.293783279216066
1994-10-01,0.000260816261599647,0.00155004493150685,-0.368839168737776,-0.263669788816377,0.318522174707245,0.492354747160523,-0.607712983986239,-0.0716127419823893,-0.247725815665183,-0.0450834817333716,-0.619832412454711,-0.429347339572306,-0.441122519941513,-0.42266771913141,-0.193796628266595,-0.566170890102645,0.678308680923809,0.406298951311927,-0.152183763105805,-0.0907463523377186,0.13058408012068,0.166833812399859,-0.0942220207380938,0.517416959801285,0.347077807861946,-0.0462434600409233,0.816729879197326,-0.368961836167767,-0.368769597078406,-0.15056316141992,-0.0728119696208657,-0.208146073900903,0.008040388901674,0.074821169710056,-0.337114697442373,0.573254640157037,0.446096226230428,-0.536811354739718,-0.493022847663343,-0.411660830371538,-0.003978288008088,-0.983410343189219,0.920236573251436,0.48847244167839,-0.475916620994384,0.185788448261389,-0.87845808831902,-0.432284300951652,-0.391926470155279,-0.270890639840477,-0.106571991079944,0.0877376545918492,0.293783279216066
1994-11-01,0.000167940383561644,0.00105847232876712,0.285668459894782,0.0931638359747825,0.898302535676387,0.568162761098626,-0.607712983986239,-0.0716127419823893,-0.292314225904964,-0.0450834817333716,-0.410141754784669,-0.595141659712361,-0.266511816241016,-0.135348791408285,-0.0717228131602167,-0.535551029326023,0.997812904836742,0.788610284591253,-0.152183763105805,-0.520756859436877,-0.579094746896517,-0.526337514939029,0.107384841940838,0.478721114650966,-0.0106985317365198,0.670772303025657,0.816729879197326,-0.368961836167767,-0.368769597078406,-0.15056316141992,-0.0728119696208657,-0.208146073900903,0.008040388901674,0.074821169710056,-0.337114697442373,0.573254640157037,0.446096226230428,-0.536811354739718,-0.493022847663343,-0.411660830371538,-0.003978288008088,-0.983410343189219,0.920236573251436,0.48847244167839,-0.475916620994384,0.185788448261389,-0.87845808831902,-0.432284300951652,-0.391926470155279,-0.270890639840477,-0.106571991079944,0.0877376545918492,0.293783279216066
1994-12-01,3.88462748563852e-05,0.000424714520547945,-1.51468124341058,1.11960129728091,1.87154842978716,0.505961989897509,-0.0211086164947475,-0.0716127419823893,-0.806672571789388,-0.0450834817333716,-0.619832412454711,-0.937013135063487,0.761184592617401,-0.12690934562965,2.21962804284503,-1.57780338493047,0.395486300312279,0.921981630433594,-0.152183763105805,-0.595803113475342,-0.588439655717554,-0.648692490020496,2.39283552253744,0.416892511840924,-0.485567227490703,0.81233962033815,0.816729879197326,-0.368961836167767,-0.368769597078406,-0.15056316141992,-0.0728119696208657,-0.208146073900903,0.008040388901674,0.074821169710056,-0.337114697442373,0.573254640157037,0.446096226230428,-0.536811354739718,-0.493022847663343,-0.411660830371538,-0.003978288008088,-0.983410343189219,0.920236573251436,0.48847244167839,-0.475916620994384,0.185788448261389,-0.87845808831902,-0.432284300951652,-0.391926470155279,-0.270890639840477,-0.106571991079944,0.0877376545918492,0.293783279216066
1995-01-01,0.000238866495802033,0.00142558684931507,2.08219662829719,1.40361634495566,1.0969360215258,0.48407875330621,2.79043305251791,-0.0716127419823893,-0.106232591485872,-0.0450834817333716,-0.390732656193405,0.673438943442671,0.162046575613026,-0.199606644111416,0.704374895350877,0.185313625723017,1.04243410805866,0.813729684584321,-0.152183763105805,-0.604076000041305,-0.603357352240204,-0.66229953357685,0.160309288802792,0.399221070675952,-0.857111346756228,0.629424899355266,0.816729879197326,-0.368961836167767,-0.368769597078406,-0.15056316141992,-0.0728119696208657,-0.208146073900903,0.008040388901674,0.074821169710056,-0.337114697442373,0.573254640157037,0.446096226230428,-0.536811354739718,-0.493022847663343,-0.411660830371538,-0.003978288008088,-0.983410343189219,0.920236573251436,0.48847244167839,-0.475916620994384,0.185788448261389,-0.87845808831902,-0.432284300951652,-0.391926470155279,-0.270890639840477,-0.106571991079944,0.0877376545918492,0.293783279216066
1995-02-01,0.000967272328767123,0.000443467397260274,-0.776869798855323,1.41819514440593,1.01850545609475,0.743723029120046,0.411945905118258,-0.0716127419823893,-0.673314405604569,-0.0450834817333716,0.307817800914566,-0.716581536443476,0.380379466559456,0.279564179048466,1.59874542887697,0.311771920794829,0.923513499026927,1.26620688607509,-0.152183763105805,-0.59968425470121,-0.604984300314935,-0.655216555288793,1.45480931843531,0.393172940548127,-0.780022279141394,1.64339574906267,0.816729879197326,-0.368961836167767,-0.368769597078406,-0.15056316141992,-0.0728119696208657,-0.208146073900903,0.008040388901674,0.074821169710056,-0.337114697442373,0.573254640157037,0.446096226230428,-0.536811354739718,-0.493022847663343,-0.411660830371538,-0.003978288008088,-0.983410343189219,0.920236573251436,0.48847244167839,-0.475916620994384,0.185788448261389,-0.87845808831902,-0.432284300951652,-0.391926470155279,-0.270890639840477,-0.106571991079944,0.0877376545918492,0.293783279216066
1995-03-01,5.20436235086169e-05,8.16394520547945e-05,-1.27936381699135,0.617319214193086,0.315221438565864,0.504204792910748,2.20089630704018,-0.0716127419823893,-0.795065799392738,-0.0450834817333716,-0.390732656193405,-0.947502632085375,1.28877320532615,-0.320086145245852,0.951660121644175,-0.809927576242044,-0.206445711772671,0.612818309490285,-0.152183763105805,-0.599242793349345,-0.600859912593453,-0.654323971602756,0.959197077246385,0.373088115468355,-1.04975932421498,0.289318643884808,0.816729879197326,-0.368961836167767,-0.368769597078406,-0.15056316141992,-0.0728119696208657,-0.208146073900903,0.008040388901674,0.074821169710056,-0.337114697442373,0.573254640157037,0.446096226230428,-0.536811354739718,-0.493022847663343,-0.411660830371538,-0.003978288008088,-0.983410343189219,0.920236573251436,0.48847244167839,-0.475916620994384,0.185788448261389,-0.87845808831902,-0.432284300951652,-0.391926470155279,-0.270890639840477,-0.106571991079944,0.0877376545918492,0.293783279216066
1995-04-01,0.000128947726027397,0.000481525479452055,0.704306554694349,-0.365519876345137,-0.641780844504059,0.55047484166399,2.90625855703613,-0.0716127419823893,-0.516345755769386,-0.0450834817333716,-0.173405161422409,0.114049147379808,-0.54260731415159,-0.391631647137457,-0.510735610643295,0.973147421564979,-0.718819293380169,0.383262601244681,-0.152183763105805,-0.606532927412061,-0.603185030803102,-0.666310724685337,-0.646284524627647,0.385765208371975,-1.08303080429693,-0.0205743648638649,0.816729879197326,-0.368961836167767,-0.368769597078406,-0.15056316141992,-0.0728119696208657,-0.208146073900903,0.008040388901674,0.074821169710056,-0.337114697442373,0.573254640157037,0.446096226230428,-0.536811354739718,-0.493022847663343,-0.411660830371538,-0.003978288008088,-0.983410343189219,0.920236573251436,0.48847244167839,-0.475916620994384,0.185788448261389,-0.87845808831902,-0.432284300951652,-0.391926470155279,-0.270890639840477,-0.106571991079944,0.0877376545918492,0.293783279216066
1995-05-01,0.000243526928855502,0.000905161643835616,-0.742148526679581,-0.824196308729248,-1.10882485536002,0.469494541959301,-0.0225518211413977,-0.0716127419823893,-0.520403551004444,-0.0450834817333716,-0.390732656193405,0.114946601464371,-0.718091028016335,-0.743937372802965,-0.576258879720971,1.6022823921582,-1.1673139353367,-0.104391803431291,-0.152183763105805,-0.59358170288955,-0.596086493091239,-0.644785057384688,-0.691672893496954,0.432652294747377,-0.722377551146853,-0.918143101755599,0.816729879197326,-0.368961836167767,-0.368769597078406,-0.15056316141992,-0.0728119696208657,-0.208146073900903,0.008040388901674,0.074821169710056,-0.337114697442373,0.573254640157037,0.446096226230428,-0.536811354739718,-0.493022847663343,-0.411660830371538,-0.003978288008088,-0.983410343189219,0.920236573251436,0.48847244167839,-0.475916620994384,0.185788448261389,-0.87845808831902,-0.432284300951652,-0.391926470155279,-0.270890639840477,-0.106571991079944,0.0877376545918492,0.293783279216066
1995-06-01,0.000310944438356165,0.0015271101369863,0.0693031304052596,-1.47210785843768,-1.33772671199266,0.547808188637785,-0.262189255249588,-0.0716127419823893,0.142066541594724,-0.0450834817333716,-0.173405161422409,1.09980478773373,-0.726808701439298,-0.776408119023216,-0.590075655258499,1.56522654643308,-1.37686077499494,-0.271675366409208,-0.152183763105805,-0.591778086437306,-0.551200831024043,-0.641285151139995,-0.691672893496954,0.485737712970917,-0.160784206234196,-1.12077086276156,0.816729879197326,-0.368961836167767,-0.368769597078406,-0.15056316141992,-0.0728119696208657,-0.208146073900903,0.008040388901674,0.074821169710056,-0.337114697442373,0.573254640157037,0.446096226230428,-0.536811354739718,-0.493022847663343,-0.411660830371538,-0.003978288008088,-0.983410343189219,0.920236573251436,0.48847244167839,-0.475916620994384,0.185788448261389,-0.87845808831902,-0.432284300951652,-0.391926470155279,-0.270890639840477,-0.106571991079944,0.0877376545918492,0.293783279216066
1995-07-01,0.000423912752982767,0.00240870575342466,0.0774438868908995,-1.75601382355427,-1.27114825649346,0.469494541959301,-0.607712983986239,-0.0716127419823893,0.152361351108908,-0.0450834817333716,-0.390732656193405,0.793918857745718,-0.870157519562762,-0.958276349808696,-0.632061614009281,1.30345823736675,-1.21200144159115,-0.4715303800024,-0.152183763105805,-0.0244313828350174,0.727098839285668,0.272314295739528,-0.691672893496954,0.511061203911197,0.54783626049889,-1.53343377009757,0.816729879197326,-0.368961836167767,-0.368769597078406,-0.15056316141992,-0.0728119696208657,-0.208146073900903,0.008040388901674,0.074821169710056,-0.337114697442373,0.573254640157037,0.446096226230428,-0.536811354739718,-0.493022847663343,-0.411660830371538,-0.003978288008088,-0.983410343189219,0.920236573251436,0.48847244167839,-0.475916620994384,0.185788448261389,-0.87845808831902,-0.432284300951652,-0.391926470155279,-0.270890639840477,-0.106571991079944,0.0877376545918492,0.293783279216066
1995-08-01,0.000453599363676535,0.00344763616438356,0.781230917577495,-1.12268779995681,-0.861381174154722,0.469494541959301,-0.607712983986239,-0.0716127419823893,1.02047953003117,-0.0450834817333716,-0.390732656193405,0.588475369222736,-0.798331804154073,-0.894856085389135,-0.631286038841974,0.8933247028938,-0.520492282144025,-0.3610219108607,-0.152183763105805,0.440604482504064,0.909142215387267,1.01915014806282,-0.691672893496954,0.54968708282065,0.905951349094651,-1.34939947902984,0.816729879197326,-0.368961836167767,-0.368769597078406,-0.15056316141992,-0.0728119696208657,-0.208146073900903,0.008040388901674,0.074821169710056,-0.337114697442373,0.573254640157037,0.446096226230428,-0.536811354739718,-0.493022847663343,-0.411660830371538,-0.003978288008088,-0.983410343189219,0.920236573251436,0.48847244167839,-0.475916620994384,0.185788448261389,-0.87845808831902,-0.432284300951652,-0.391926470155279,-0.270890639840477,-0.106571991079944,0.0877376545918492,0.293783279216066
1995-09-01,0.000437015671232877,0.0031502202739726,-0.56931206387898,-1.02814371040683,-0.458721855404232,0.547848303447668,-0.607712983986239,2.99404073848431,-0.327818413004683,-0.0450834817333716,-0.173405161422409,-0.173068319213001,-0.757458280433659,-0.645218487403826,-0.591484120682766,0.392901965875479,0.125144343437212,-0.044427538702722,-0.152183763105805,0.736331975302305,1.36305808787908,1.49273931886275,-0.691672893496954,0.551450344939267,1.08682957726829,-0.741501531254575,0.816729879197326,-0.368961836167767,-0.368769597078406,-0.15056316141992,-0.0728119696208657,-0.208146073900903,0.008040388901674,0.074821169710056,-0.337114697442373,0.573254640157037,0.446096226230428,-0.536811354739718,-0.493022847663343,-0.411660830371538,-0.003978288008088,-0.983410343189219,0.920236573251436,0.48847244167839,-0.475916620994384,0.185788448261389,-0.87845808831902,-0.432284300951652,-0.391926470155279,-0.270890639840477,-0.106571991079944,0.0877376545918492,0.293783279216066
1995-10-01,0.000181898577110031,0.00160325260273973,-0.342286931720086,-0.481979921449436,0.219226545365743,0.4795601799776,-0.607712983986239,-0.0716127419823893,-0.362188630222328,-0.0450834817333716,-0.390732656193405,-0.660381311591988,-0.614763678005205,-0.621861359878292,-0.431003072911562,-0.383956545485335,0.895726239422299,0.105574424890596,-0.152183763105805,-0.109017912645567,-0.293309340571902,0.134555891181761,-0.691672893496954,0.517660374610236,0.665008827315082,-0.566795468323471,0.816729879197326,-0.368961836167767,-0.368769597078406,-0.15056316141992,-0.0728119696208657,-0.208146073900903,0.008040388901674,0.074821169710056,-0.337114697442373,0.573254640157037,0.446096226230428,-0.536811354739718,-0.493022847663343,-0.411660830371538,-0.003978288008088,-0.983410343189219,0.920236573251436,0.48847244167839,-0.475916620994384,0.185788448261389,-0.87845808831902,-0.432284300951652,-0.391926470155279,-0.270890639840477,-0.106571991079944,0.0877376545918492,0.293783279216066
1995-11-01,0.00053512504109589,0.00156043397260274,0.140799604109474,0.129534977669351,0.63911529319641,0.564124910934603,-0.607712983986239,-0.0716127419823893,0.0581108962350048,-0.0450834817333716,-0.173405161422409,-0.383776559457266,-0.376649252492841,-0.348676396339641,-0.330200270754504,-0.171123561701503,1.4382103248911,0.455183974275266,-0.152183763105805,-0.53333190814009,-0.564159035344526,-0.547230944417529,-0.0944314701990594,0.457563887656748,0.246259385251181,0.100990704177311,0.816729879197326,-0.368961836167767,-0.368769597078406,-0.15056316141992,-0.0728119696208657,-0.208146073900903,0.008040388901674,0.074821169710056,-0.337114697442373,0.573254640157037,0.446096226230428,-0.536811354739718,-0.493022847663343,-0.411660830371538,-0.003978288008088,-0.983410343189219,0.920236573251436,0.48847244167839,-0.475916620994384,0.185788448261389,-0.87845808831902,-0.432284300951652,-0.391926470155279,-0.270890639840477,-0.106571991079944,0.0877376545918492,0.293783279216066
1995-12-01,0.000890116411842687,0.00134618301369863,1.23357934445747,0.267896272857636,0.961783007531741,0.495347274574705,-0.607712983986239,-0.0716127419823893,0.312875453649155,-0.0450834817333716,-0.390732656193405,0.0689835859973191,-0.38643083931246,-0.340635007856157,0.270772020045241,-0.3519868055474,1.00267179310809,0.57714716371912,-0.152183763105805,-0.600541211932833,-0.592200425033658,-0.655178637177726,0.95745362841495,0.400108400598428,-0.148974351618848,0.229830935320198,0.816729879197326,-0.368961836167767,-0.368769597078406,-0.15056316141992,-0.0728119696208657,-0.208146073900903,0.008040388901674,0.074821169710056,-0.337114697442373,0.573254640157037,0.446096226230428,-0.536811354739718,-0.493022847663343,-0.411660830371538,-0.003978288008088,-0.983410343189219,0.920236573251436,0.48847244167839,-0.475916620994384,0.185788448261389,-0.87845808831902,-0.432284300951652,-0.391926470155279,-0.270890639840477,-0.106571991079944,0.0877376545918492,0.293783279216066
1996-01-01,0.000819564259832082,0.00220492273972603,2.05256740240041,1.17063714166829,1.1741359755499,0.489041581790424,-0.0211086164947475,-0.0716127419823893,1.10261522292055,-0.0450834817333716,-0.240251878478491,1.53517788617065,0.119474721243673,-0.0526119289495364,0.215825175992846,0.480458494492732,1.77194088154727,0.835902776398284,-0.152183763105805,-0.608071740390723,-0.596569984679996,-0.667886774089081,-0.117408460882267,0.409389309600622,-0.199775663048906,0.815231222008872,0.816729879197326,-0.368961836167767,-0.368769597078406,-0.15056316141992,-0.0728119696208657,-0.208146073900903,0.008040388901674,0.074821169710056,-0.337114697442373,0.573254640157037,0.446096226230428,-0.536811354739718,-0.493022847663343,-0.411660830371538,-0.003978288008088,-0.983410343189219,0.920236573251436,0.48847244167839,-0.475916620994384,0.185788448261389,-0.87845808831902,-0.432284300951652,-0.391926470155279,-0.270890639840477,-0.106571991079944,0.0877376545918492,0.293783279216066
1996-02-01,0.000945857118564007,0.00188183671232877,-0.0593012693857796,0.894062479587353,0.610580906483243,0.6472411138732,-0.607712983986239,-0.0716127419823893,0.239163060335019,-0.0450834817333716,0.21976816968851,0.32430844441461,-0.346564723944136,0.273678070211777,-0.380310562984726,0.518412970181399,1.43199949490604,1.13921251249087,-0.152183763105805,-0.599088344792273,-0.577572131800761,-0.652788914820764,-0.664444906501671,0.462198248323964,0.118693528236283,1.50004221621863,0.816729879197326,-0.368961836167767,-0.368769597078406,-0.15056316141992,-0.0728119696208657,-0.208146073900903,0.008040388901674,0.074821169710056,-0.337114697442373,0.573254640157037,0.446096226230428,-0.536811354739718,-0.493022847663343,-0.411660830371538,-0.003978288008088,-0.983410343189219,0.920236573251436,0.48847244167839,-0.475916620994384,0.185788448261389,-0.87845808831902,-0.432284300951652,-0.391926470155279,-0.270890639840477,-0.106571991079944,0.0877376545918492,0.293783279216066
1996-03-01,0.000191142235969951,0.000882989589041096,0.257086801707118,0.675575007717997,0.111805539824303,0.492322393491014,-0.356929628021758,-0.0716127419823893,-0.00587094087614515,-0.0450834817333716,-0.240252261104729,-0.0160003799934654,-0.56698685639769,-0.17724037721413,-0.156338316023413,-0.1405908424454,0.185801428317787,0.633854922498565,-0.152183763105805,-0.59683968126957,-0.568026641586142,-0.649398974144207,-0.245893336122001,0.438245305763242,-0.00398266729266913,0.469503075528284,0.816729879197326,-0.368961836167767,-0.368769597078406,-0.15056316141992,-0.0728119696208657,-0.208146073900903,0.008040388901674,0.074821169710056,-0.337114697442373,0.573254640157037,0.446096226230428,-0.536811354739718,-0.493022847663343,-0.411660830371538,-0.003978288008088,-0.983410343189219,0.920236573251436,0.48847244167839,-0.475916620994384,0.185788448261389,-0.87845808831902,-0.432284300951652,-0.391926470155279,-0.270890639840477,-0.106571991079944,0.0877376545918492,0.293783279216066
1996-04-01,0.000866261917808219,0.00185011726027397,0.654366868082886,-0.350931467379593,-0.690496339229395,0.555837135108157,-0.262189255249588,-0.0716127419823893,0.343186796065458,-0.0450834817333716,-0.0179077710900968,0.395278472125874,-0.614136341947764,-0.251249281245436,-0.463258443787766,0.635772645355705,-0.549053973171451,0.403001816074309,-0.152183763105805,-0.296167208807069,0.210425360782341,-0.164330159769178,-0.666317717665723,0.458953056084279,0.281018319293744,0.155805644062687,0.816729879197326,-0.368961836167767,-0.368769597078406,-0.15056316141992,-0.0728119696208657,-0.208146073900903,0.008040388901674,0.074821169710056,-0.337114697442373,0.573254640157037,0.446096226230428,-0.536811354739718,-0.493022847663343,-0.411660830371538,-0.003978288008088,-0.983410343189219,0.920236573251436,0.48847244167839,-0.475916620994384,0.185788448261389,-0.87845808831902,-0.432284300951652,-0.391926470155279,-0.270890639840477,-0.106571991079944,0.0877376545918492,0.293783279216066
1996-05-01,0.000302615077330976,0.00122795835616438,-1.43241793001758,-0.656703040014454,-1.02857877016848,0.469494541959301,-0.607712983986239,-0.0716127419823893,-0.69037320168673,-0.0450834817333716,-0.240251878478491,-0.632573313085057,-0.79452342195602,-0.615684935188741,-0.592287052142694,0.273810522648925,-0.99720778528321,-0.0874073913142148,-0.152183763105805,0.11147194465563,0.258086815672258,0.49385821214263,-0.691672893496954,0.50523967412476,0.417953615446731,-0.757790951441204,0.816729879197326,-0.368961836167767,-0.368769597078406,-0.15056316141992,-0.0728119696208657,-0.208146073900903,0.008040388901674,0.074821169710056,-0.337114697442373,0.573254640157037,0.446096226230428,-0.536811354739718,-0.493022847663343,-0.411660830371538,-0.003978288008088,-0.983410343189219,0.920236573251436,0.48847244167839,-0.475916620994384,0.185788448261389,-0.87845808831902,-0.432284300951652,-0.391926470155279,-0.270890639840477,-0.106571991079944,0.0877376545918492,0.293783279216066
1996-06-01,0.000451654136986302,0.00211844383561644,0.0588757514910436,-1.29733942955218,-1.31367389445049,0.547802297651718,-0.607712983986239,-0.0716127419823893,0.256971127761006,-0.0450834817333716,-0.0179077710900968,-0.12112918185607,-0.802419532262983,-0.649273893323627,-0.605338931958576,0.762288695438392,-1.32259706286295,-0.255635471122403,-0.152183763105805,0.176261913943175,0.920508145238312,0.598219231981164,-0.691672893496954,0.532545128110753,0.54155456385027,-0.96241696594625,0.816729879197326,-0.368961836167767,-0.368769597078406,-0.15056316141992,-0.0728119696208657,-0.208146073900903,0.008040388901674,0.074821169710056,-0.337114697442373,0.573254640157037,0.446096226230428,-0.536811354739718,-0.493022847663343,-0.411660830371538,-0.003978288008088,-0.983410343189219,0.920236573251436,0.48847244167839,-0.475916620994384,0.185788448261389,-0.87845808831902,-0.432284300951652,-0.391926470155279,-0.270890639840477,-0.106571991079944,0.0877376545918492,0.293783279216066
1996-07-01,0.000859679787892179,0.00360431342465753,1.17523954553625,-1.40657923432153,-1.31653457383887,0.469494541959301,-0.607712983986239,-0.0716127419823893,1.60905821759781,-0.0450834817333716,-0.240251878478491,0.954750483773682,-0.848677798862068,-0.837403750190259,-0.632288090288728,0.930016440941673,-1.24807357955945,-0.456619887633956,-0.152183599088244,0.570418156809657,1.17197610852395,1.23294959979542,-0.691672893496954,0.55203388595785,0.758348280391058,-1.3831373160488,0.816729879197326,-0.368961836167767,-0.368769597078406,-0.15056316141992,-0.0728119696208657,-0.208146073900903,0.008040388901674,0.074821169710056,-0.337114697442373,0.573254640157037,0.446096226230428,-0.536811354739718,-0.493022847663343,-0.411660830371538,-0.003978288008088,-0.983410343189219,0.920236573251436,0.48847244167839,-0.475916620994384,0.185788448261389,-0.87845808831902,-0.432284300951652,-0.391926470155279,-0.270890639840477,-0.106571991079944,0.0877376545918492,0.293783279216066
1996-08-01,0.00246101493592576,0.00726241315068493,1.09523217894527,-1.21003057700493,-0.926041088027144,0.469494541959301,-0.607712983986239,-0.0716127419823893,1.22385666689018,-0.0450834817333716,-0.240251878478491,1.49432754881224,-0.781853719239612,-0.771799580259529,-0.622268029932517,0.783258311489797,-0.573056221077282,-0.345487599135773,-0.152183763105805,1.95726399158,3.63886679009005,3.41871025598827,-0.691672893496954,0.609223388452102,1.61533148682312,-1.19611718421366,0.816729879197326,-0.368961836167767,-0.368769597078406,-0.15056316141992,-0.0728119696208657,-0.208146073900903,0.008040388901674,0.074821169710056,-0.337114697442373,0.573254640157037,0.446096226230428,-0.536811354739718,-0.493022847663343,-0.411660830371538,-0.003978288008088,-0.983410343189219,0.920236573251436,0.48847244167839,-0.475916620994384,0.185788448261389,-0.87845808831902,-0.432284300951652,-0.391926470155279,-0.270890639840477,-0.106571991079944,0.0877376545918492,0.293783279216066
1996-09-01,0.00136500076712329,0.00525285698630137,2.07813940188138,-0.955263486793991,-0.462442876048932,0.547802297651718,-0.607712983986239,-0.0716127419823893,1.72150106549487,-0.0450834817333716,-0.0179077710900968,0.702580945658519,-0.650827625285236,-0.51356678474533,-0.584449153296709,0.348541570420238,0.19882973040341,-0.027105766538488,-0.152183763105805,1.42594054764414,2.11198921199501,2.32994375129114,-0.691672893496954,0.573851165440503,1.61230948273428,-0.576980022129462,0.816729879197326,-0.368961836167767,-0.368769597078406,-0.15056316141992,-0.0728119696208657,-0.208146073900903,0.008040388901674,0.074821169710056,-0.337114697442373,0.573254640157037,0.446096226230428,-0.536811354739718,-0.493022847663343,-0.411660830371538,-0.003978288008088,-0.983410343189219,0.920236573251436,0.48847244167839,-0.475916620994384,0.185788448261389,-0.87845808831902,-0.432284300951652,-0.391926470155279,-0.270890639840477,-0.106571991079944,0.0877376545918492,0.293783279216066
1996-10-01,0.00123345958462218,0.00424275287671233,-0.105379795043489,-0.13979178032056,0.330733401849902,0.46951604873383,-0.607712983986239,-0.0716127419823893,-0.116701348571154,-0.0450834817333716,-0.240251878478491,-0.320203664635614,-0.638674560764026,-0.489405653611751,-0.572712317244085,0.0779067473755434,1.42812108632755,0.123743934006891,-0.152183763105805,1.96725733765235,1.57863702787267,2.25216517856468,-0.691672893496954,0.557029137009407,1.48316369647132,-0.400712042333154,0.816729879197326,-0.368961836167767,-0.368769597078406,-0.15056316141992,-0.0728119696208657,-0.208146073900903,0.008040388901674,0.074821169710056,-0.337114697442373,0.573254640157037,0.446096226230428,-0.536811354739718,-0.493022847663343,-0.411660830371538,-0.003978288008088,-0.983410343189219,0.920236573251436,0.48847244167839,-0.475916620994384,0.185788448261389,-0.87845808831902,-0.432284300951652,-0.391926470155279,-0.270890639840477,-0.106571991079944,0.0877376545918492,0.293783279216066
1996-11-01,0.000279059287671234,0.00156522082191781,-0.431196514159868,-0.0816690640222297,0.716486205145694,0.564159508789281,-0.607712983986239,-0.0716127419823893,-0.459365239695257,-0.0450834817333716,-0.0179077710900968,-0.7019710343858,-0.487814618110384,-0.206814952321467,-0.278859054969362,-0.726399985604244,1.38561950466048,0.475330395007553,-0.152183763105805,0.273679561459416,-0.557819053955873,-0.0388909494406728,0.306855335824668,0.496202179931516,0.729239414707444,0.279377140402153,0.816729879197326,-0.368961836167767,-0.368769597078406,-0.15056316141992,-0.0728119696208657,-0.208146073900903,0.008040388901674,0.074821169710056,-0.337114697442373,0.573254640157037,0.446096226230428,-0.536811354739718,-0.493022847663343,-0.411660830371538,-0.003978288008088,-0.983410343189219,0.920236573251436,0.48847244167839,-0.475916620994384,0.185788448261389,-0.87845808831902,-0.432284300951652,-0.391926470155279,-0.270890639840477,-0.106571991079944,0.0877376545918492,0.293783279216066
1996-12-01,0.00015560484312859,0.00108106520547945,-1.02233325384167,0.384358938738826,1.26665383418889,0.499403171727789,-0.607712983986239,-0.0716127419823893,-0.604682019397262,-0.0450834817333716,-0.240251878478491,-0.848355465456631,-0.43547548382528,-0.198496546615027,0.644960065623676,-1.20059034238996,1.04102077696351,0.597983141083657,-0.152183763105805,-0.298467048871258,-0.610106625429146,-0.548378448594806,2.62474217512653,0.400732115781122,0.0406615560989261,0.409049656628516,0.816729879197326,-0.368961836167767,-0.368769597078406,-0.15056316141992,-0.0728119696208657,-0.208146073900903,0.008040388901674,0.074821169710056,-0.337114697442373,0.573254640157037,0.446096226230428,-0.536811354739718,-0.493022847663343,-0.411660830371538,-0.003978288008088,-0.983410343189219,0.920236573251436,0.48847244167839,-0.475916620994384,0.185788448261389,-0.87845808831902,-0.432284300951652,-0.391926470155279,-0.270890639840477,-0.106571991079944,0.0877376545918492,0.293783279216066
1997-01-01,4.38401414052143e-05,0.000427449863013699,-0.0827380944393194,1.49096858592033,1.43390756749445,0.504169259978917,-0.607712983986239,-0.0716127419823893,-0.69454363167077,-0.0450834817333716,-0.094134570391277,-0.838997505277234,-0.206342325601065,0.0941398044659252,1.68436717980193,-1.269150901808,0.470798943488957,0.799441185536923,-0.152183763105805,-0.459980768258632,-0.602832106666013,-0.627082645464099,1.65449169632577,0.329146156438338,-0.592384426334823,0.9388584925076,0.816729879197326,-0.368961836167767,-0.368769597078406,-0.15056316141992,-0.0728119696208657,-0.208146073900903,0.008040388901674,0.074821169710056,-0.337114697442373,0.573254640157037,0.446096226230428,-0.536811354739718,-0.493022847663343,-0.411660830371538,-0.003978288008088,-0.983410343189219,0.920236573251436,0.48847244167839,-0.475916620994384,0.185788448261389,-0.87845808831902,-0.432284300951652,-0.391926470155279,-0.270890639840477,-0.106571991079944,0.0877376545918492,0.293783279216066
1997-02-01,5.05559295499021e-05,0.000209700821917808,-0.827147572705843,1.5347935082906,1.00750571393661,0.7624543076425,2.77140252833568,-0.0716127419823893,-0.752783170659638,-0.0450834817333716,0.63619561046477,-0.934516645496331,2.43490592176434,0.606278832764743,1.57833234183502,-0.746114057941005,0.530382401855557,1.25027427037026,-0.152183763105805,-0.516369791762601,-0.603780898807335,-0.628787635291083,1.24353708956983,0.306543675175121,-0.923273612898555,1.98745860415873,0.816729879197326,-0.368961836167767,-0.368769597078406,-0.15056316141992,-0.0728119696208657,-0.208146073900903,0.008040388901674,0.074821169710056,-0.337114697442373,0.573254640157037,0.446096226230428,-0.536811354739718,-0.493022847663343,-0.411660830371538,-0.003978288008088,-0.983410343189219,0.920236573251436,0.48847244167839,-0.475916620994384,0.185788448261389,-0.87845808831902,-0.432284300951652,-0.391926470155279,-0.270890639840477,-0.106571991079944,0.0877376545918492,0.293783279216066
1997-03-01,2.49625452938577e-05,0.000248837260273973,-0.0850324373943317,0.551832988423085,0.165110568649335,0.500660102437455,2.02492757143379,-0.0716127419823893,-0.75141994015576,-0.0450834817333716,-0.094134570391277,-0.670508167629936,1.2443384186563,-0.0346292511100706,0.791446044355465,-0.637759074420905,-0.241001932113308,0.599259083345913,-0.152183763105805,-0.556105732865529,-0.602063408363068,-0.644795829559158,0.629914723667653,0.293382686721764,-1.14889197384681,0.590678206266341,0.816729879197326,-0.368961836167767,-0.368769597078406,-0.15056316141992,-0.0728119696208657,-0.208146073900903,0.008040388901674,0.074821169710056,-0.337114697442373,0.573254640157037,0.446096226230428,-0.536811354739718,-0.493022847663343,-0.411660830371538,-0.003978288008088,-0.983410343189219,0.920236573251436,0.48847244167839,-0.475916620994384,0.185788448261389,-0.87845808831902,-0.432284300951652,-0.391926470155279,-0.270890639840477,-0.106571991079944,0.0877376545918492,0.293783279216066
1997-04-01,4.42871232876711e-05,0.000125615342465753,-1.26513519199946,-0.0524872957347903,-0.427861186513346,0.580148954082393,-0.174316994440722,-0.0716127419823893,-0.783414257709423,-0.0450834817333716,0.133079731307118,-0.858678478801235,-0.165795837471066,-0.111097725472461,-0.298184373137069,0.417592402692042,-0.657571145033638,0.370540612348601,-0.152183763105805,-0.582136137098056,-0.602953245617101,-0.656862756486029,-0.413935431845378,0.291312363084763,-1.17695564801885,0.276789411737068,0.816729879197326,-0.368961836167767,-0.368769597078406,-0.15056316141992,-0.0728119696208657,-0.208146073900903,0.008040388901674,0.074821169710056,-0.337114697442373,0.573254640157037,0.446096226230428,-0.536811354739718,-0.493022847663343,-0.411660830371538,-0.003978288008088,-0.983410343189219,0.920236573251436,0.48847244167839,-0.475916620994384,0.185788448261389,-0.87845808831902,-0.432284300951652,-0.391926470155279,-0.270890639840477,-0.106571991079944,0.0877376545918492,0.293783279216066
1997-05-01,0.000298679204595669,0.00163678684931507,1.2331039036667,-0.773191505988149,-1.1184874246148,0.470767555996006,-0.188297492591758,-0.0716127419823893,0.15051581618904,-0.0450834817333716,-0.094134570391277,1.90477606675707,-0.599648217298442,-0.48764392324997,-0.562789922140927,1.46963759206735,-1.14730649827844,-0.115335005556395,-0.152183763105805,-0.594178843083622,-0.583452690346076,-0.652740705354537,-0.691672893496954,0.43084220038689,-0.441280787797482,-0.645131477036728,0.816729879197326,-0.368961836167767,-0.368769597078406,-0.15056316141992,-0.0728119696208657,-0.208146073900903,0.008040388901674,0.074821169710056,-0.337114697442373,0.573254640157037,0.446096226230428,-0.536811354739718,-0.493022847663343,-0.411660830371538,-0.003978288008088,-0.983410343189219,0.920236573251436,0.48847244167839,-0.475916620994384,0.185788448261389,-0.87845808831902,-0.432284300951652,-0.391926470155279,-0.270890639840477,-0.106571991079944,0.0877376545918492,0.293783279216066
1997-06-01,0.000293041095890412,0.00175314410958904,-0.390631342113269,-1.1954563202346,-1.30262581460657,0.549150024352984,-0.607712983986239,-0.0716127419823893,0.110436688890012,-0.0450834817333716,0.133079731307118,0.471382938775448,-0.641078120613683,-0.522348163092903,-0.547306354470839,1.30876240055692,-1.34505436133997,-0.282007074917034,-0.152183763105805,-0.266496309703291,0.21904509838247,-0.117141488024752,-0.691672893496954,0.443465125878226,0.155007862272946,-0.849124983727037,0.816729879197326,-0.368961836167767,-0.368769597078406,-0.15056316141992,-0.0728119696208657,-0.208146073900903,0.008040388901674,0.074821169710056,-0.337114697442373,0.573254640157037,0.446096226230428,-0.536811354739718,-0.493022847663343,-0.411660830371538,-0.003978288008088,-0.983410343189219,0.920236573251436,0.48847244167839,-0.475916620994384,0.185788448261389,-0.87845808831902,-0.432284300951652,-0.391926470155279,-0.270890639840477,-0.106571991079944,0.0877376545918492,0.293783279216066
1997-07-01,0.000261129332744145,0.00147726904109589,-0.553749008734087,-1.48670610987643,-1.1832311718323,0.46951604873383,-0.607712983986239,0.663701650862151,-0.243663800307378,-0.0450834817333716,-0.094134570391277,-0.234405216730348,-0.747020454720505,-0.716729953818891,-0.62375334978391,0.953629214047703,-1.1748766320179,-0.481134185133779,-0.152183763105805,0.0884122879877861,0.545652685853521,0.454767744603467,-0.691672893496954,0.480056679910091,0.420409484353989,-1.27474119914587,0.816729879197326,-0.368961836167767,-0.368769597078406,-0.15056316141992,-0.0728119696208657,-0.208146073900903,0.008040388901674,0.074821169710056,-0.337114697442373,0.573254640157037,0.446096226230428,-0.536811354739718,-0.493022847663343,-0.411660830371538,-0.003978288008088,-0.983410343189219,0.920236573251436,0.48847244167839,-0.475916620994384,0.185788448261389,-0.87845808831902,-0.432284300951652,-0.391926470155279,-0.270890639840477,-0.106571991079944,0.0877376545918492,0.293783279216066
1997-08-01,0.000503121449403445,0.00313893698630137,0.642051371587192,-1.18092722818602,-0.887484021268018,0.469510625286341,-0.607712983986239,-0.0716127419823893,0.469587650877825,-0.0450834817333716,-0.0941349530175156,0.418906553915145,-0.716502094602015,-0.648946160986622,-0.611990958224956,1.00447832728746,-0.649294831176343,-0.371029498078293,-0.152183763105805,0.518212086162468,1.16696678491776,1.14617628985483,-0.691672893496954,0.539370222058525,0.682043167733036,-1.08647768820856,0.816729879197326,-0.368961836167767,-0.368769597078406,-0.15056316141992,-0.0728119696208657,-0.208146073900903,0.008040388901674,0.074821169710056,-0.337114697442373,0.573254640157037,0.446096226230428,-0.536811354739718,-0.493022847663343,-0.411660830371538,-0.003978288008088,-0.983410343189219,0.920236573251436,0.48847244167839,-0.475916620994384,0.185788448261389,-0.87845808831902,-0.432284300951652,-0.391926470155279,-0.270890639840477,-0.106571991079944,0.0877376545918492,0.293783279216066
1997-09-01,0.00148282739726027,0.00408699616438356,0.234828075123611,-0.766080668528523,-0.510999025319849,0.547802297651718,-0.607712983986239,-0.0716127419823893,0.549999047412457,-0.0450834817333716,0.133079731307118,0.653235093930124,-0.581159217562675,-0.382132593575974,-0.573654911425191,0.754462925398623,0.0792628449712232,-0.0555921476246751,-0.152183763105805,0.715722393667473,1.16498242900164,1.45751689890818,-0.691672893496954,0.550855744740675,1.01848666044823,-0.461107042609212,0.816729879197326,-0.368961836167767,-0.368769597078406,-0.15056316141992,-0.0728119696208657,-0.208146073900903,0.008040388901674,0.074821169710056,-0.337114697442373,0.573254640157037,0.446096226230428,-0.536811354739718,-0.493022847663343,-0.411660830371538,-0.003978288008088,-0.983410343189219,0.920236573251436,0.48847244167839,-0.475916620994384,0.185788448261389,-0.87845808831902,-0.432284300951652,-0.391926470155279,-0.270890639840477,-0.106571991079944,0.0877376545918492,0.293783279216066
1997-10-01,0.000314234343791427,0.00149591671232877,0.0196940798271068,-0.154446582300679,0.357349309035068,0.473302924189867,-0.607712983986239,-0.0716127419823893,-0.0695627345122792,-0.0450834817333716,-0.094134570391277,-0.560860354796604,-0.568450351503359,-0.357168585836886,-0.492267717294603,-0.513244971824413,0.982373287862504,0.0938633748638414,-0.152183763105805,-0.256946382740894,-0.477478120751197,-0.106419672901778,-0.581413404071189,0.509586834658094,0.637316771340649,-0.285634565799968,0.816729879197326,-0.368961836167767,-0.368769597078406,-0.15056316141992,-0.0728119696208657,-0.208146073900903,0.008040388901674,0.074821169710056,-0.337114697442373,0.573254640157037,0.446096226230428,-0.536811354739718,-0.493022847663343,-0.411660830371538,-0.003978288008088,-0.983410343189219,0.920236573251436,0.48847244167839,-0.475916620994384,0.185788448261389,-0.87845808831902,-0.432284300951652,-0.391926470155279,-0.270890639840477,-0.106571991079944,0.0877376545918492,0.293783279216066
1997-11-01,0.000204578191780822,0.00107948712328767,-0.944960561783841,0.478969858099526,1.11872586038061,0.575171538394585,-0.607712983986239,-0.0716127419823893,-0.653767215780204,-0.0450834817333716,0.133079731307118,-0.706547524210261,-0.311239822183054,-0.0651872486289293,0.220134222703648,-0.965849817466271,1.27295611148043,0.442200634057131,-0.152183763105805,-0.556967928492627,-0.555652100510288,-0.585501676239211,1.17061050976047,0.444122018600944,0.14497294447471,0.401231898503291,0.816729879197326,-0.368961836167767,-0.368769597078406,-0.15056316141992,-0.0728119696208657,-0.208146073900903,0.008040388901674,0.074821169710056,-0.337114697442373,0.573254640157037,0.446096226230428,-0.536811354739718,-0.493022847663343,-0.411660830371538,-0.003978288008088,-0.983410343189219,0.920236573251436,0.48847244167839,-0.475916620994384,0.185788448261389,-0.87845808831902,-0.432284300951652,-0.391926470155279,-0.270890639840477,-0.106571991079944,0.0877376545918492,0.293783279216066
1997-12-01,6.40311091471499e-05,0.000415351232876712,-1.18697177439686,0.711972648378909,1.38140864285641,0.50919137235466,-0.607712983986239,-0.0716127419823893,-0.748166395631111,-0.0450834817333716,-0.094134570391277,-0.928822985660583,-0.341733181348322,-0.0565925019010534,1.77686589868961,-1.49737780167457,0.325962513266619,0.563720553398427,-0.152183763105805,-0.597207849352913,-0.590635633944749,-0.649631804276185,2.47130579842838,0.375734644953526,-0.394042693915805,0.52982258836465,0.816729879197326,-0.368961836167767,-0.368769597078406,-0.15056316141992,-0.0728119696208657,-0.208146073900903,0.008040388901674,0.074821169710056,-0.337114697442373,0.573254640157037,0.446096226230428,-0.536811354739718,-0.493022847663343,-0.411660830371538,-0.003978288008088,-0.983410343189219,0.920236573251436,0.48847244167839,-0.475916620994384,0.185788448261389,-0.87845808831902,-0.432284300951652,-0.391926470155279,-0.270890639840477,-0.106571991079944,0.0877376545918492,0.293783279216066
1998-01-01,3.01244012372957e-05,0.000111570410958904,-0.50537317759378,1.60744988843719,1.55625252302769,0.50396672226748,2.19550552078203,-0.0716127419823893,-0.751241170521926,-0.0450834817333716,-0.2750351544304,-0.961947821371337,1.35133209342608,0.0221378665478869,2.56513144187848,-1.7717575383503,0.127270466515137,0.715701026388746,-0.152183763105805,-0.602985111930503,-0.600495681868156,-0.660069479099995,1.57239237671859,0.341259231161553,-0.929379532913242,0.767046194899948,0.816729879197326,-0.368961836167767,-0.368769597078406,-0.15056316141992,-0.0728119696208657,-0.208146073900903,0.008040388901674,0.074821169710056,-0.337114697442373,0.573254640157037,0.446096226230428,-0.536811354739718,-0.493022847663343,-0.411660830371538,-0.003978288008088,-0.983410343189219,0.920236573251436,0.48847244167839,-0.475916620994384,0.185788448261389,-0.87845808831902,-0.432284300951652,-0.391926470155279,-0.270890639840477,-0.106571991079944,0.0877376545918492,0.293783279216066
1998-02-01,8.30550293542075e-05,0.000112911780821918,-0.225889761507506,1.37460376237641,1.20647428477124,0.745923920216118,0.59864570879874,-0.0716127419823893,-0.68451188956015,-0.0450834817333716,0.435912711671101,-0.895818688373382,0.457432115361739,0.526193356468435,1.26692456067775,-0.249698812858148,0.782925188993868,1.15687643804529,-0.152183763105805,-0.602268451472345,-0.602871937604158,-0.659315928203194,1.03259391703785,0.331630296535434,-1.28640983978153,1.79612078309794,0.816729879197326,-0.368961836167767,-0.368769597078406,-0.15056316141992,-0.0728119696208657,-0.208146073900903,0.008040388901674,0.074821169710056,-0.337114697442373,0.573254640157037,0.446096226230428,-0.536811354739718,-0.493022847663343,-0.411660830371538,-0.003978288008088,-0.983410343189219,0.920236573251436,0.48847244167839,-0.475916620994384,0.185788448261389,-0.87845808831902,-0.432284300951652,-0.391926470155279,-0.270890639840477,-0.106571991079944,0.0877376545918492,0.293783279216066
1998-03-01,1.89174723817941e-05,1.21512328767123e-05,-1.41893382411748,0.828467928372521,0.513263930381874,0.509969169530898,1.69120065100713,-0.0716127419823893,-0.807535041677512,-0.0450834817333716,-0.2750351544304,-0.963578472024876,1.82569902374957,-0.104597174854015,1.74527368693908,-1.20703073870827,-0.276272444788211,0.519808966204729,-0.152183763105805,-0.598993486672743,-0.60018789120133,-0.653714141269953,0.648108397560984,0.323774893266511,-1.51033396515822,0.425553759247133,0.816729879197326,-0.368961836167767,-0.368769597078406,-0.15056316141992,-0.0728119696208657,-0.208146073900903,0.008040388901674,0.074821169710056,-0.337114697442373,0.573254640157037,0.446096226230428,-0.536811354739718,-0.493022847663343,-0.411660830371538,-0.003978288008088,-0.983410343189219,0.920236573251436,0.48847244167839,-0.475916620994384,0.185788448261389,-0.87845808831902,-0.432284300951652,-0.391926470155279,-0.270890639840477,-0.106571991079944,0.0877376545918492,0.293783279216066
1998-04-01,4.47517808219178e-05,2.85369863013699e-05,-0.114942834091098,-0.00149920772630777,-0.537984109717223,0.565015104384687,2.16870824976743,-0.0716127419823893,-0.758696969336107,-0.0450834817333716,-0.0538507234008824,-0.72575104567626,0.047075284538499,-0.17986065810662,-0.374762575305253,-0.75479739827149,-0.878621179497019,0.295987237488665,-0.152183763105805,-0.603280809763654,-0.600296323581697,-0.660512237106127,-0.565161445266942,0.324539330872367,-1.63537227878577,0.117879456170151,0.816729879197326,-0.368961836167767,-0.368769597078406,-0.15056316141992,-0.0728119696208657,-0.208146073900903,0.008040388901674,0.074821169710056,-0.337114697442373,0.573254640157037,0.446096226230428,-0.536811354739718,-0.493022847663343,-0.411660830371538,-0.003978288008088,-0.983410343189219,0.920236573251436,0.48847244167839,-0.475916620994384,0.185788448261389,-0.87845808831902,-0.432284300951652,-0.391926470155279,-0.270890639840477,-0.106571991079944,0.0877376545918492,0.293783279216066
1998-05-01,0.00011028503756076,0.000186134794520548,-1.25137394613238,-0.620357960490081,-1.04263656645869,0.470871910606331,-0.0211086164947475,-0.0716127419823893,-0.787162589707719,-0.0450834817333716,-0.2750351544304,-0.659354265281725,-0.781487375792109,-0.55046665092579,-0.652576014853896,0.587926928415838,-1.1801559437801,-0.179477924130243,-0.152183763105805,-0.603079975030198,-0.601461465951094,-0.660516173903187,-0.676013033475982,0.34089630949925,-1.58737642719052,-0.786513681837877,0.816729879197326,-0.368961836167767,-0.368769597078406,-0.15056316141992,-0.0728119696208657,-0.208146073900903,0.008040388901674,0.074821169710056,-0.337114697442373,0.573254640157037,0.446096226230428,-0.536811354739718,-0.493022847663343,-0.411660830371538,-0.003978288008088,-0.983410343189219,0.920236573251436,0.48847244167839,-0.475916620994384,0.185788448261389,-0.87845808831902,-0.432284300951652,-0.391926470155279,-0.270890639840477,-0.106571991079944,0.0877376545918492,0.293783279216066
1998-06-01,0.000333840657534247,0.00135725589041096,0.549872774616603,-1.27558328314873,-1.26366976322365,0.550504203086608,0.171206734295929,-0.0716127419823893,-0.399546720516324,-0.0450834817333716,-0.0538507234008824,1.06880677409193,-0.767544647659899,-0.584629027950182,-0.60608498988971,1.47100308069106,-1.34663006797415,-0.34258306151731,-0.152183763105805,-0.596591967138973,-0.580916935872453,-0.64973341400751,-0.675228441449633,0.39305918898233,-1.10511792573972,-0.986400335240776,0.816729879197326,-0.368961836167767,-0.368769597078406,-0.15056316141992,-0.0728119696208657,-0.208146073900903,0.008040388901674,0.074821169710056,-0.337114697442373,0.573254640157037,0.446096226230428,-0.536811354739718,-0.493022847663343,-0.411660830371538,-0.003978288008088,-0.983410343189219,0.920236573251436,0.48847244167839,-0.475916620994384,0.185788448261389,-0.87845808831902,-0.432284300951652,-0.391926470155279,-0.270890639840477,-0.106571991079944,0.0877376545918492,0.293783279216066
1998-07-01,0.000567508051259391,0.00256277917808219,1.04934873124042,-1.37746647982555,-1.22967031179432,0.470855640263861,-0.607712983986239,-0.0716127419823893,1.39372884255124,-0.0450834817333716,-0.2750351544304,2.21030409594717,-0.862920827461305,-0.775938384366876,-0.630706467518258,1.51739535307996,-1.22815931432815,-0.537437477063722,-0.152183763105805,-0.542186117159196,-0.30307371025094,-0.561977985790262,-0.691672893496954,0.471372628082,-0.0978743719924774,-1.40401127596445,0.816729879197326,-0.368961836167767,-0.368769597078406,-0.15056316141992,-0.0728119696208657,-0.208146073900903,0.008040388901674,0.074821169710056,-0.337114697442373,0.573254640157037,0.446096226230428,-0.536811354739718,-0.493022847663343,-0.411660830371538,-0.003978288008088,-0.983410343189219,0.920236573251436,0.48847244167839,-0.475916620994384,0.185788448261389,-0.87845808831902,-0.432284300951652,-0.391926470155279,-0.270890639840477,-0.106571991079944,0.0877376545918492,0.293783279216066
1998-08-01,0.000672649049933715,0.00250930849315069,-0.636003766706517,-1.20280989987382,-0.923437783218027,0.470855640263861,-0.607712983986239,-0.0716127419823893,-0.168729992242147,-0.0450834817333716,-0.2750351544304,-0.0879827186187414,-0.779443800766015,-0.709221186733167,-0.623484468902047,0.764183548439089,-0.739284737733883,-0.429689973504177,-0.152183763105805,0.443583506364697,1.20553001391372,1.02552338096842,-0.691672893496954,0.536600348861632,0.614675534050729,-1.21936851766787,0.816729879197326,-0.368961836167767,-0.368769597078406,-0.15056316141992,-0.0728119696208657,-0.208146073900903,0.008040388901674,0.074821169710056,-0.337114697442373,0.573254640157037,0.446096226230428,-0.536811354739718,-0.493022847663343,-0.411660830371538,-0.003978288008088,-0.983410343189219,0.920236573251436,0.48847244167839,-0.475916620994384,0.185788448261389,-0.87845808831902,-0.432284300951652,-0.391926470155279,-0.270890639840477,-0.106571991079944,0.0877376545918492,0.293783279216066
1998-09-01,0.000653977424657535,0.00351052273972603,1.51766150109285,-0.482117949032367,-0.331579024384095,0.549209027721366,-0.607712983986239,-0.0716127419823893,1.33906955101592,-0.0450834817333716,-0.0538507234008824,0.657798166978147,-0.617849055758342,-0.446615170584465,-0.583615796377956,0.74480541888003,0.167891357600724,-0.12101100846078,-0.152183763105805,0.34317392344968,0.999740861134398,0.862211921023757,-0.691672893496954,0.546066668402124,0.634528531042126,-0.605831129254782,0.816729879197326,-0.368961836167767,-0.368769597078406,-0.15056316141992,-0.0728119696208657,-0.208146073900903,0.008040388901674,0.074821169710056,-0.337114697442373,0.573254640157037,0.446096226230428,-0.536811354739718,-0.493022847663343,-0.411660830371538,-0.003978288008088,-0.983410343189219,0.920236573251436,0.48847244167839,-0.475916620994384,0.185788448261389,-0.87845808831902,-0.432284300951652,-0.391926470155279,-0.270890639840477,-0.106571991079944,0.0877376545918492,0.293783279216066
1998-10-01,0.000539212867874504,0.00402529315068493,0.185605409961524,-0.445637025905805,0.259887580691199,0.470877334053821,-0.607712983986239,-0.0716127419823893,0.00700318148984953,-0.0450834817333716,-0.2750351544304,0.116638614054793,-0.605419969152426,-0.422049445541036,-0.571869658872661,0.369773561174391,1.05274152273341,0.025236169763288,-0.152183763105805,1.02699772091213,1.47706991099873,1.96332144740795,-0.632210617181646,0.558858077115418,0.862087891856852,-0.433935170408235,0.816729879197326,-0.368961836167767,-0.368769597078406,-0.15056316141992,-0.0728119696208657,-0.208146073900903,0.008040388901674,0.074821169710056,-0.337114697442373,0.573254640157037,0.446096226230428,-0.536811354739718,-0.493022847663343,-0.411660830371538,-0.003978288008088,-0.983410343189219,0.920236573251436,0.48847244167839,-0.475916620994384,0.185788448261389,-0.87845808831902,-0.432284300951652,-0.391926470155279,-0.270890639840477,-0.106571991079944,0.0877376545918492,0.293783279216066
1998-11-01,0.000178790575342466,0.00148402849315069,0.376693915445911,0.136769923474641,0.699057997889524,0.562137497952664,-0.607712983986239,-0.0716127419823893,-0.187210989318606,-0.0450834817333716,-0.0538507234008824,-0.458196002921974,-0.334073785268976,-0.134675745494739,-0.320080994903127,-0.566444395030755,1.07014447464988,0.366110878630605,-0.152183763105805,-0.304606227027619,-0.552828048856736,-0.178899611141932,0.0864598905322292,0.501811892566168,0.178705819823798,0.239929423828706,0.816729879197326,-0.368961836167767,-0.368769597078406,-0.15056316141992,-0.0728119696208657,-0.208146073900903,0.008040388901674,0.074821169710056,-0.337114697442373,0.573254640157037,0.446096226230428,-0.536811354739718,-0.493022847663343,-0.411660830371538,-0.003978288008088,-0.983410343189219,0.920236573251436,0.48847244167839,-0.475916620994384,0.185788448261389,-0.87845808831902,-0.432284300951652,-0.391926470155279,-0.270890639840477,-0.106571991079944,0.0877376545918492,0.293783279216066
1998-12-01,0.000217153442333186,0.00128963506849315,0.2600879319253,1.02500712177257,1.43316530084727,0.494375261873695,-0.607712983986239,-0.0716127419823893,-0.342716911895465,-0.0450834817333716,-0.2750351544304,-0.356034744135937,-0.395104002367836,-0.126214435866936,0.0530286145717655,-0.586248052108236,1.38656147533199,0.485031436526003,-0.152183763105805,-0.596593631805141,-0.593235163951966,-0.648738456801985,0.931913673709056,0.439397153215704,-0.179494385283232,0.365868196660658,0.816729879197326,-0.368961836167767,-0.368769597078406,-0.15056316141992,-0.0728119696208657,-0.208146073900903,0.008040388901674,0.074821169710056,-0.337114697442373,0.573254640157037,0.446096226230428,-0.536811354739718,-0.493022847663343,-0.411660830371538,-0.003978288008088,-0.983410343189219,0.920236573251436,0.48847244167839,-0.475916620994384,0.185788448261389,-0.87845808831902,-0.432284300951652,-0.391926470155279,-0.270890639840477,-0.106571991079944,0.0877376545918492,0.293783279216066
1999-01-01,0.000166502942996023,0.000552381369863014,-1.23301606041756,1.54921972028632,1.49436755497608,0.498031226528249,-0.0211086164947475,-0.0716127419823893,-0.769791342934462,-0.0450834817333716,-0.340514237766797,-0.884351476914149,0.572827411041779,0.0283156436404793,1.46640016364806,-0.883061165204962,0.905508030961529,0.652055245962874,-0.152183763105805,-0.607492223892865,-0.597564658078022,-0.667324258198283,1.69328751657921,0.37519748478171,-0.5687064355967,0.704131260411011,0.816729879197326,-0.368961836167767,-0.368769597078406,-0.15056316141992,-0.0728119696208657,-0.208146073900903,0.008040388901674,0.074821169710056,-0.337114697442373,0.573254640157037,0.446096226230428,-0.536811354739718,-0.493022847663343,-0.411660830371538,-0.003978288008088,-0.983410343189219,0.920236573251436,0.48847244167839,-0.475916620994384,0.185788448261389,-0.87845808831902,-0.432284300951652,-0.391926470155279,-0.270890639840477,-0.106571991079944,0.0877376545918492,0.293783279216066
1999-02-01,0.000161443444227006,0.00099595397260274,1.63744008233738,1.73128276133099,0.817546184857806,0.751669408277768,3.15143414100104,-0.0716127419823893,-0.23544110377622,-0.0450834817333716,0.363418813956019,0.362067987374765,-0.0671761814030832,0.533062211515123,-0.0446480695599842,0.608937536272846,0.960614690567281,1.08588839737791,-0.152183763105805,-0.600216288648645,-0.607553029123055,-0.655707504257153,-0.508218019006861,0.373794435954781,-0.703715940020673,1.72594703410569,0.816729879197326,-0.368961836167767,-0.368769597078406,-0.15056316141992,-0.0728119696208657,-0.208146073900903,0.008040388901674,0.074821169710056,-0.337114697442373,0.573254640157037,0.446096226230428,-0.536811354739718,-0.493022847663343,-0.411660830371538,-0.003978288008088,-0.983410343189219,0.920236573251436,0.48847244167839,-0.475916620994384,0.185788448261389,-0.87845808831902,-0.432284300951652,-0.391926470155279,-0.270890639840477,-0.106571991079944,0.0877376545918492,0.293783279216066
1999-03-01,0.000200439346000884,0.00094542904109589,0.112336087930997,0.864817521457095,0.2332919177064,0.495753378582448,0.229674729819203,-0.0716127419823893,-0.399373440313474,-0.0450834817333716,-0.340514620393036,-0.105034850615529,-0.383079699981429,-0.0985916037486803,0.0819048804371977,0.824425214540032,0.300364891619281,0.459424713325436,-0.152183763105805,-0.607992286474,-0.605533639668902,-0.668638065505206,-0.297305081961372,0.371916406631388,-0.63427950905872,0.365890794811393,0.816729879197326,-0.368961836167767,-0.368769597078406,-0.15056316141992,-0.0728119696208657,-0.208146073900903,0.008040388901674,0.074821169710056,-0.337114697442373,0.573254640157037,0.446096226230428,-0.536811354739718,-0.493022847663343,-0.411660830371538,-0.003978288008088,-0.983410343189219,0.920236573251436,0.48847244167839,-0.475916620994384,0.185788448261389,-0.87845808831902,-0.432284300951652,-0.391926470155279,-0.270890639840477,-0.106571991079944,0.0877376545918492,0.293783279216066
1999-04-01,0.000355994301369863,0.00128056109589041,-0.212346252440634,-0.139905929714039,-0.618393390487186,0.559313003902956,0.863745520393934,-0.0716127419823893,-0.130822363452549,-0.0450834817333716,-0.121512753200887,0.322846902068225,-0.476191342574795,-0.173961250640026,-0.492759300634207,1.01395191361866,-0.580786657054058,0.239323303559731,-0.152183763105805,-0.608245666740886,-0.60301098250632,-0.668795685419586,-0.691672893496954,0.374117296301749,-0.390462158714122,0.0619406188944676,0.816729879197326,-0.368961836167767,-0.368769597078406,-0.15056316141992,-0.0728119696208657,-0.208146073900903,0.008040388901674,0.074821169710056,-0.337114697442373,0.573254640157037,0.446096226230428,-0.536811354739718,-0.493022847663343,-0.411660830371538,-0.003978288008088,-0.983410343189219,0.920236573251436,0.48847244167839,-0.475916620994384,0.185788448261389,-0.87845808831902,-0.432284300951652,-0.391926470155279,-0.270890639840477,-0.106571991079944,0.0877376545918492,0.293783279216066
1999-05-01,0.000256585983208131,0.00102714739726027,0.15370572087754,-0.263679398331644,-1.04754323899787,0.483853212696799,-0.189740697238408,-0.0716127419823893,0.384130819528762,-0.0450834817333716,-0.340514620393036,0.440403479483455,-0.66738288077207,-0.545078451808802,-0.595563152177582,0.9408918927307,-1.06923437114904,-0.228229874761042,-0.152183763105805,-0.604966095657826,-0.582438420590385,-0.662976658685625,-0.691672893496954,0.368079661110054,-0.238977826155201,-0.834582112105239,0.816729879197326,-0.368961836167767,-0.368769597078406,-0.15056316141992,-0.0728119696208657,-0.208146073900903,0.008040388901674,0.074821169710056,-0.337114697442373,0.573254640157037,0.446096226230428,-0.536811354739718,-0.493022847663343,-0.411660830371538,-0.003978288008088,-0.983410343189219,0.920236573251436,0.48847244167839,-0.475916620994384,0.185788448261389,-0.87845808831902,-0.432284300951652,-0.391926470155279,-0.270890639840477,-0.106571991079944,0.0877376545918492,0.293783279216066
1999-06-01,0.000568445369863015,0.00182150136986301,-0.437154157135315,-1.10816127044563,-1.28034915241196,0.550615664283299,-0.607712983986239,-0.0716127419823893,0.0050987611362994,-0.0450834817333716,-0.121512753200887,0.250213612001765,-0.675845631180675,-0.579292896350283,-0.608922527997025,1.24885762737486,-1.26888586766679,-0.388627458102514,-0.152183763105805,-0.109213577783601,0.53495933719346,0.137196696585147,-0.691672893496954,0.441995270576147,0.478426566423762,-1.03175506417299,0.816729879197326,-0.368961836167767,-0.368769597078406,-0.15056316141992,-0.0728119696208657,-0.208146073900903,0.008040388901674,0.074821169710056,-0.337114697442373,0.573254640157037,0.446096226230428,-0.536811354739718,-0.493022847663343,-0.411660830371538,-0.003978288008088,-0.983410343189219,0.920236573251436,0.48847244167839,-0.475916620994384,0.185788448261389,-0.87845808831902,-0.432284300951652,-0.391926470155279,-0.270890639840477,-0.106571991079944,0.0877376545918492,0.293783279216066
1999-07-01,0.000383636871409633,0.00238229917808219,-0.247065998465801,-1.20274336126053,-1.20064289186394,0.472216925583852,-0.607712983986239,-0.0716127419823893,0.173785769302114,-0.0450834817333716,-0.340514620393036,0.198895522959154,-0.780103218971521,-0.770860787148369,-0.635004928737468,0.828129407834373,-1.10670873761152,-0.580231302314975,-0.152183763105805,0.397007345919391,0.980694314133076,0.950362981830604,-0.691672893496954,0.517061486158172,0.806995432737662,-1.44613687340007,0.816729879197326,-0.368961836167767,-0.368769597078406,-0.15056316141992,-0.0728119696208657,-0.208146073900903,0.008040388901674,0.074821169710056,-0.337114697442373,0.573254640157037,0.446096226230428,-0.536811354739718,-0.493022847663343,-0.411660830371538,-0.003978288008088,-0.983410343189219,0.920236573251436,0.48847244167839,-0.475916620994384,0.185788448261389,-0.87845808831902,-0.432284300951652,-0.391926470155279,-0.270890639840477,-0.106571991079944,0.0877376545918492,0.293783279216066
1999-08-01,0.000405309200176757,0.00338890520547945,0.346650384554901,-0.940736899043333,-0.949503246869296,0.472216925583852,-0.607712983986239,-0.0716127419823893,0.776864078917419,-0.0450834817333716,-0.340514620393036,0.209040717179721,-0.750043257833497,-0.704048921301771,-0.623522567276374,0.508100816383267,-0.685664226281819,-0.474274454756754,-0.152183763105805,0.584734433412805,1.25667995526427,1.24677854957649,-0.691672893496954,0.549125095918204,1.01362054704609,-1.26327840738816,0.816729879197326,-0.368961836167767,-0.368769597078406,-0.15056316141992,-0.0728119696208657,-0.208146073900903,0.008040388901674,0.074821169710056,-0.337114697442373,0.573254640157037,0.446096226230428,-0.536811354739718,-0.493022847663343,-0.411660830371538,-0.003978288008088,-0.983410343189219,0.920236573251436,0.48847244167839,-0.475916620994384,0.185788448261389,-0.87845808831902,-0.432284300951652,-0.391926470155279,-0.270890639840477,-0.106571991079944,0.0877376545918492,0.293783279216066
1999-09-01,0.000479189041095891,0.00311923726027397,-0.650535682704355,-0.416619492970207,-0.335652579769537,0.551909811063672,-0.607712983986239,-0.0716127419823893,-0.260552142687505,-0.0450834817333716,-0.121514028621683,-0.317965649770942,-0.616552908073664,-0.44107933413547,-0.512208324990646,-0.0483934849226796,0.149480794635445,-0.170731214382543,-0.152183763105805,0.760486511959644,1.05850671348775,1.52684463813457,-0.584482737885556,0.546433426922796,1.03141235082657,-0.654843873735861,0.816729879197326,-0.368961836167767,-0.368769597078406,-0.15056316141992,-0.0728119696208657,-0.208146073900903,0.008040388901674,0.074821169710056,-0.337114697442373,0.573254640157037,0.446096226230428,-0.536811354739718,-0.493022847663343,-0.411660830371538,-0.003978288008088,-0.983410343189219,0.920236573251436,0.48847244167839,-0.475916620994384,0.185788448261389,-0.87845808831902,-0.432284300951652,-0.391926470155279,-0.270890639840477,-0.106571991079944,0.0877376545918492,0.293783279216066
1999-10-01,0.000340270154661954,0.00144281424657534,-0.0691709749253221,0.0566310797052636,0.257413627628597,0.474619699837354,-0.607712983986239,-0.0716127419823893,-0.199408714336369,-0.0450834817333716,-0.340514620393036,-0.588359414372378,-0.604160239041227,-0.416483630824625,-0.568890062215449,-0.476495885969033,0.904545680515731,-0.0269233912491241,-0.152183763105805,-0.314774635112133,-0.488433602112511,-0.197869199721389,-0.599354629715078,0.502540669958938,0.545752745666863,-0.485403179926152,0.816729879197326,-0.368961836167767,-0.368769597078406,-0.15056316141992,-0.0728119696208657,-0.208146073900903,0.008040388901674,0.074821169710056,-0.337114697442373,0.573254640157037,0.446096226230428,-0.536811354739718,-0.493022847663343,-0.411660830371538,-0.003978288008088,-0.983410343189219,0.920236573251436,0.48847244167839,-0.475916620994384,0.185788448261389,-0.87845808831902,-0.432284300951652,-0.391926470155279,-0.270890639840477,-0.106571991079944,0.0877376545918492,0.293783279216066
1999-11-01,0.000217555287671233,0.00109324273972603,-0.483269220633251,0.107633145190499,0.901829125059283,0.568625624289583,-0.607712983986239,-0.0716127419823893,-0.448305141999284,-0.0450834817333716,-0.121512753200887,-0.62904229422035,-0.352585040188536,-0.12871525449078,0.0626711988032198,-0.662496882562485,1.10362144215849,0.308278738530252,-0.152183763105805,-0.565318882645019,-0.555352196585328,-0.598826392034319,0.914448557239563,0.435708013892843,0.16541783236435,0.182825098949127,0.816729879197326,-0.368961836167767,-0.368769597078406,-0.15056316141992,-0.0728119696208657,-0.208146073900903,0.008040388901674,0.074821169710056,-0.337114697442373,0.573254640157037,0.446096226230428,-0.536811354739718,-0.493022847663343,-0.411660830371538,-0.003978288008088,-0.983410343189219,0.920236573251436,0.48847244167839,-0.475916620994384,0.185788448261389,-0.87845808831902,-0.432284300951652,-0.391926470155279,-0.270890639840477,-0.106571991079944,0.0877376545918492,0.293783279216066
1999-12-01,9.00194078656651e-05,0.000434840547945206,-0.419768878204342,1.02499532827656,1.48727245953775,0.500363682979812,-0.607712983986239,-0.0716127419823893,-0.713312814059671,-0.0450834817333716,-0.340514620393036,-0.928519595020434,-0.406478858027189,-0.120239068429523,1.16093716951488,-1.22186373215308,0.678717776760973,0.425224667353956,-0.152183763105805,-0.591840931504713,-0.583107505401423,-0.640932627175657,1.27029651605295,0.369986918266325,-0.371696911489929,0.306781004256958,0.816729879197326,-0.368961836167767,-0.368769597078406,-0.15056316141992,-0.0728119696208657,-0.208146073900903,0.008040388901674,0.074821169710056,-0.337114697442373,0.573254640157037,0.446096226230428,-0.536811354739718,-0.493022847663343,-0.411660830371538,-0.003978288008088,-0.983410343189219,0.920236573251436,0.48847244167839,-0.475916620994384,0.185788448261389,-0.87845808831902,-0.432284300951652,-0.391926470155279,-0.270890639840477,-0.106571991079944,0.0877376545918492,0.293783279216066
2000-01-01,0.000997442969509501,0.000903609863013699,0.317079062606387,1.22882887175809,1.41849775669386,0.481115400299216,2.27800661807781,-0.0716127419823893,-0.252419868011179,-0.0450834817333716,-0.235389336693266,-0.262327567676637,-0.0175777585506836,0.156154471324578,1.66191983061084,-0.360182316244324,1.26328234524784,0.761774867795387,-0.152183763105805,-0.6074818776929,-0.600778572751114,-0.667200688489724,1.88168145595479,0.34396805317085,-0.717076288779327,0.960003630232077,0.816729879197326,-0.368961836167767,-0.368769597078406,-0.15056316141992,-0.0728119696208657,-0.208146073900903,0.008040388901674,0.074821169710056,-0.337114697442373,0.573254640157037,0.446096226230428,-0.536811354739718,-0.493022847663343,-0.411660830371538,-0.003978288008088,-0.983410343189219,0.920236573251436,0.48847244167839,-0.475916620994384,0.185788448261389,-0.87845808831902,-0.432284300951652,-0.391926470155279,-0.270890639840477,-0.106571991079944,0.0877376545918492,0.293783279216066
2000-02-01,0.000189506811525744,4.11879452054795e-05,-0.898633363356034,1.84776173426839,1.44367073676332,0.671176096754596,0.0193468892937898,-0.0716127419823893,-0.79375993180694,-0.0450834817333716,0.224966784853514,-0.949342999132072,2.16409386229193,0.497869303373273,2.08730235138017,-0.967009193319097,0.53864183675869,1.05939056888364,-0.152183763105805,-0.596977204275741,-0.601059318905004,-0.650746055343004,1.19708878548609,0.322291721808912,-1.1355912311753,1.65528381878475,0.816729879197326,-0.368961836167767,-0.368769597078406,-0.15056316141992,-0.0728119696208657,-0.208146073900903,0.008040388901674,0.074821169710056,-0.337114697442373,0.573254640157037,0.446096226230428,-0.536811354739718,-0.493022847663343,-0.411660830371538,-0.003978288008088,-0.983410343189219,0.920236573251436,0.48847244167839,-0.475916620994384,0.185788448261389,-0.87845808831902,-0.432284300951652,-0.391926470155279,-0.270890639840477,-0.106571991079944,0.0877376545918492,0.293783279216066
2000-03-01,8.76336190897039e-05,6.57534246575343e-06,-0.648499528517141,1.0176967558323,0.431841756507061,0.500194246999607,1.90975492529431,-0.0716127419823893,-0.794198275629554,-0.0450834817333716,-0.235389336693266,-0.964518854029585,-0.0313934587182563,0.0256356316136653,1.41986471406901,-1.00377911441342,-0.0970199520594232,0.563519917754684,-0.152183763105805,-0.600597645499299,-0.600066257642888,-0.656008873203222,0.493985714586349,0.315732499576432,-1.40371081724224,0.61198754119244,0.816729879197326,-0.368961836167767,-0.368769597078406,-0.15056316141992,-0.0728119696208657,-0.208146073900903,0.008040388901674,0.074821169710056,-0.337114697442373,0.573254640157037,0.446096226230428,-0.536811354739718,-0.493022847663343,-0.411660830371538,-0.003978288008088,-0.983410343189219,0.920236573251436,0.48847244167839,-0.475916620994384,0.185788448261389,-0.87845808831902,-0.432284300951652,-0.391926470155279,-0.270890639840477,-0.106571991079944,0.0877376545918492,0.293783279216066
2000-04-01,7.84850410958905e-05,1.152e-05,-0.960673538779298,0.107650034641575,-0.427691346366098,0.566659905097603,2.11060723174525,-0.0716127419823893,-0.795711294973939,-0.0450834817333716,-0.0128841436583211,-0.96007990273644,0.51716329449231,-0.0518730660879811,-0.557740564356113,-0.744458369051141,-0.783135848049365,0.337005928039818,-0.152183763105805,-0.60605842654079,-0.60021397894204,-0.665352919240624,-0.0348430749942299,0.313757984549908,-1.52443141799861,0.299135136320839,0.816729879197326,-0.368961836167767,-0.368769597078406,-0.15056316141992,-0.0728119696208657,-0.208146073900903,0.008040388901674,0.074821169710056,-0.337114697442373,0.573254640157037,0.446096226230428,-0.536811354739718,-0.493022847663343,-0.411660830371538,-0.003978288008088,-0.983410343189219,0.920236573251436,0.48847244167839,-0.475916620994384,0.185788448261389,-0.87845808831902,-0.432284300951652,-0.391926470155279,-0.270890639840477,-0.106571991079944,0.0877376545918492,0.293783279216066
2000-05-01,0.000156563570481662,0.000330660821917808,-0.0447486156948398,-0.431101032478082,-0.92626830744169,0.475827351981033,0.398329714488248,-0.0716127419823893,-0.686038108401635,-0.0450834817333716,-0.235389336693266,0.241596827842596,-0.606666692987382,-0.433536080772194,-0.623521674712734,0.415297811719494,-1.08620405906657,-0.144184311185871,-0.152183763105805,-0.596218045305333,-0.589510071148123,-0.649334106238937,-0.615666817608414,0.34716934723683,-1.41383097419802,-0.623132177295617,0.816729879197326,-0.368961836167767,-0.368769597078406,-0.15056316141992,-0.0728119696208657,-0.208146073900903,0.008040388901674,0.074821169710056,-0.337114697442373,0.573254640157037,0.446096226230428,-0.536811354739718,-0.493022847663343,-0.411660830371538,-0.003978288008088,-0.983410343189219,0.920236573251436,0.48847244167839,-0.475916620994384,0.185788448261389,-0.87845808831902,-0.432284300951652,-0.391926470155279,-0.270890639840477,-0.106571991079944,0.0877376545918492,0.293783279216066
2000-06-01,0.000171591890410959,0.000884541369863014,-0.544492366857721,-1.08633823599197,-1.22652941789755,0.547808188637785,0.171206766464363,-0.0716127419823893,-0.460477546280563,-0.0450834817333716,-0.012883250863764,0.219789017838489,-0.615542898466325,-0.468712083876029,-0.65379276700365,1.2624120701148,-1.32397373537024,-0.309247415071262,-0.152183763105805,-0.598525552978673,-0.592196013622443,-0.653419420383883,-0.691672893496954,0.387252780931822,-1.051105612319,-0.826111892478988,0.816729879197326,-0.368961836167767,-0.368769597078406,-0.15056316141992,-0.0728119696208657,-0.208146073900903,0.008040388901674,0.074821169710056,-0.337114697442373,0.573254640157037,0.446096226230428,-0.536811354739718,-0.493022847663343,-0.411660830371538,-0.003978288008088,-0.983410343189219,0.920236573251436,0.48847244167839,-0.475916620994384,0.185788448261389,-0.87845808831902,-0.432284300951652,-0.391926470155279,-0.270890639840477,-0.106571991079944,0.0877376545918492,0.293783279216066
2000-07-01,0.000794131683605834,0.00463243397260274,2.3929902802514,-1.31198753399136,-1.24327843223141,0.470751472668967,-0.440524085371324,-0.0716127419823893,2.6876396756119,-0.0450834817333716,-0.235389336693266,3.85411118858242,-0.723160874495753,-0.665735343142154,-0.58086976953228,1.55850294017308,-1.22223347610691,-0.506456275060458,-0.152183763105805,-0.31652691528872,0.427721964161616,-0.202438748160298,-0.676083887236491,0.493008785279828,-0.00767922586562004,-1.25234667217275,0.816729879197326,-0.368961836167767,-0.368769597078406,-0.15056316141992,-0.0728119696208657,-0.208146073900903,0.008040388901674,0.074821169710056,-0.337114697442373,0.573254640157037,0.446096226230428,-0.536811354739718,-0.493022847663343,-0.411660830371538,-0.003978288008088,-0.983410343189219,0.920236573251436,0.48847244167839,-0.475916620994384,0.185788448261389,-0.87845808831902,-0.432284300951652,-0.391926470155279,-0.270890639840477,-0.106571991079944,0.0877376545918492,0.293783279216066
2000-08-01,0.00130770326115776,0.00380938520547945,0.0145602888412578,-1.17368782706001,-0.916740616724328,0.469494541959301,-0.607712983986239,-0.0716127419823893,0.270469435724035,-0.0450834817333716,-0.235389336693266,0.477106973703075,-0.691878323390911,-0.597030113037756,-0.613381321832239,0.699126295321045,-0.680294543348745,-0.397414112375419,-0.152183763105805,0.68143148798527,1.04614926985545,1.38608747542031,-0.691672893496954,0.54877707029428,0.871707038800333,-1.06422091379257,0.816729879197326,-0.368961836167767,-0.368769597078406,-0.15056316141992,-0.0728119696208657,-0.208146073900903,0.008040388901674,0.074821169710056,-0.337114697442373,0.573254640157037,0.446096226230428,-0.536811354739718,-0.493022847663343,-0.411660830371538,-0.003978288008088,-0.983410343189219,0.920236573251436,0.48847244167839,-0.475916620994384,0.185788448261389,-0.87845808831902,-0.432284300951652,-0.391926470155279,-0.270890639840477,-0.106571991079944,0.0877376545918492,0.293783279216066
2000-09-01,0.000832197260273972,0.00285085808219178,1.07985262096358,-0.649589377939735,-0.341723666422448,0.547802297651718,-0.607712983986239,-0.0716127419823893,0.903066882387835,-0.0450834817333716,-0.012883250863764,0.311513112596601,-0.554811825721048,-0.326590302272408,-0.573714321713805,0.510217595218931,0.26527129538985,-0.0850200782335466,-0.152183763105805,0.373170137979505,0.833235824631583,0.889557131462291,-0.691672893496954,0.539008767430306,1.09328665808278,-0.438364407952414,0.816729879197326,-0.368961836167767,-0.368769597078406,-0.15056316141992,-0.0728119696208657,-0.208146073900903,0.008040388901674,0.074821169710056,-0.337114697442373,0.573254640157037,0.446096226230428,-0.536811354739718,-0.493022847663343,-0.411660830371538,-0.003978288008088,-0.983410343189219,0.920236573251436,0.48847244167839,-0.475916620994384,0.185788448261389,-0.87845808831902,-0.432284300951652,-0.391926470155279,-0.270890639840477,-0.106571991079944,0.0877376545918492,0.293783279216066
2000-10-01,0.00123472035351304,0.00390780493150685,0.9092211764226,-0.234497921241638,0.240189352746672,0.46955382585083,-0.607712983986239,-0.0716127419823893,0.595785939798326,-0.0450834817333716,-0.235389336693266,0.465689239309049,-0.541945728233376,-0.301287066770464,-0.562021174302518,0.540778886577946,1.18937240567664,0.0629951588033004,-0.152183763105805,0.540064329563372,1.04349606235652,1.17198282156698,-0.691672893496954,0.549444909348231,0.993357666220891,-0.263869661771273,0.816729879197326,-0.368961836167767,-0.368769597078406,-0.15056316141992,-0.0728119696208657,-0.208146073900903,0.008040388901674,0.074821169710056,-0.337114697442373,0.573254640157037,0.446096226230428,-0.536811354739718,-0.493022847663343,-0.411660830371538,-0.003978288008088,-0.983410343189219,0.920236573251436,0.48847244167839,-0.475916620994384,0.185788448261389,-0.87845808831902,-0.432284300951652,-0.391926470155279,-0.270890639840477,-0.106571991079944,0.0877376545918492,0.293783279216066
2000-11-01,0.00182825731506849,0.00271164493150685,0.151231022834034,0.85751428985392,1.05006343212035,0.55450670733423,-0.607712983986239,-0.0716127419823893,0.531443265835222,-0.0450834817333716,-0.012883250863764,0.0230155986850774,-0.384153440342357,-0.005337328238362,-0.516276410836612,0.139171511935853,2.12486243399744,0.407976849624958,-0.152183763105805,0.0504001110072023,0.0399452772224145,0.387442138121321,-0.647435232269886,0.527066884299664,0.809678933121742,0.423517040810622,0.816729879197326,-0.368961836167767,-0.368769597078406,-0.15056316141992,-0.0728119696208657,-0.208146073900903,0.008040388901674,0.074821169710056,-0.337114697442373,0.573254640157037,0.446096226230428,-0.536811354739718,-0.493022847663343,-0.411660830371538,-0.003978288008088,-0.983410343189219,0.920236573251436,0.48847244167839,-0.475916620994384,0.185788448261389,-0.87845808831902,-0.432284300951652,-0.391926470155279,-0.270890639840477,-0.106571991079944,0.0877376545918492,0.293783279216066
2000-12-01,0.000139612761820592,0.000928859178082192,-1.00179494782356,0.973936188094581,1.79030814322177,0.503959428665683,-0.607712983986239,-0.0716127419823893,-0.771261190750283,-0.0450834817333716,-0.235389336693266,-0.941717123894767,-0.229544655333018,0.00337395055157212,1.75106204044097,-1.75348259057944,0.901177016352923,0.528325595487249,-0.152183763105805,-0.51654738259174,-0.573483124777412,-0.520197756958615,3.01250294386083,0.444788616318363,-0.115017033595954,0.551175677157068,0.816729879197326,-0.368961836167767,-0.368769597078406,-0.15056316141992,-0.0728119696208657,-0.208146073900903,0.008040388901674,0.074821169710056,-0.337114697442373,0.573254640157037,0.446096226230428,-0.536811354739718,-0.493022847663343,-0.411660830371538,-0.003978288008088,-0.983410343189219,0.920236573251436,0.48847244167839,-0.475916620994384,0.185788448261389,-0.87845808831902,-0.432284300951652,-0.391926470155279,-0.270890639840477,-0.106571991079944,0.0877376545918492,0.293783279216066
2001-01-01,5.31151922227132e-05,0.00038810301369863,-0.826047397688678,1.70204362714938,1.63034623427098,0.501658951852769,-0.607712983986239,-0.0716127419823893,-0.766346448884497,-0.0450834817333716,-0.444047286144686,-0.956340355677521,-0.168405040999539,0.0670658225819249,1.85676005307627,-1.67663727505989,0.35434378702845,0.509640459614168,-0.152183763105805,-0.604542365352392,-0.595982867460555,-0.661503363983759,2.14183307908535,0.367846854086008,-0.733599930129671,0.591562419015336,0.816729879197326,-0.368961836167767,-0.368769597078406,-0.15056316141992,-0.0728119696208657,-0.208146073900903,0.008040388901674,0.074821169710056,-0.337114697442373,0.573254640157037,0.446096226230428,-0.536811354739718,-0.493022847663343,-0.411660830371538,-0.003978288008088,-0.983410343189219,0.920236573251436,0.48847244167839,-0.475916620994384,0.185788448261389,-0.87845808831902,-0.432284300951652,-0.391926470155279,-0.270890639840477,-0.106571991079944,0.0877376545918492,0.293783279216066
2001-02-01,2.00604305283757e-05,9.85775342465754e-05,-1.50640259473185,1.92052789584698,1.41061928521987,0.76697026275508,2.4961087650177,-0.0716127419823893,-0.807427357296083,-0.0450834817333716,0.248791007614722,-0.966789270193189,2.54811110503929,0.576163972642412,3.75231092256122,-1.92188283244317,-0.230515600524439,0.927051389572586,-0.152183763105805,-0.5978770617529,-0.600725678630396,-0.652017446074246,1.86352791279807,0.333711679352443,-1.16480042150764,1.60030444129189,0.816729879197326,-0.368961836167767,-0.368769597078406,-0.15056316141992,-0.0728119696208657,-0.208146073900903,0.008040388901674,0.074821169710056,-0.337114697442373,0.573254640157037,0.446096226230428,-0.536811354739718,-0.493022847663343,-0.411660830371538,-0.003978288008088,-0.983410343189219,0.920236573251436,0.48847244167839,-0.475916620994384,0.185788448261389,-0.87845808831902,-0.432284300951652,-0.391926470155279,-0.270890639840477,-0.106571991079944,0.0877376545918492,0.293783279216066
2001-03-01,9.66083252319928e-05,0.000441705205479452,1.01242899427518,1.08318006962798,0.209562920431808,0.489377274488512,0.146080323939132,-0.0716127419823893,-0.48091788419172,-0.0450834817333716,-0.444046903518447,-0.23852806531192,1.31314003032437,-0.0609379982732103,0.943187657027027,-0.308241015707284,-0.290112186966497,0.324296036628513,-0.152183763105805,-0.605897570540689,-0.596029049461623,-0.664917504190841,0.162350804557417,0.340538127485523,-1.31586199237442,0.259825172304536,0.816729879197326,-0.368961836167767,-0.368769597078406,-0.15056316141992,-0.0728119696208657,-0.208146073900903,0.008040388901674,0.074821169710056,-0.337114697442373,0.573254640157037,0.446096226230428,-0.536811354739718,-0.493022847663343,-0.411660830371538,-0.003978288008088,-0.983410343189219,0.920236573251436,0.48847244167839,-0.475916620994384,0.185788448261389,-0.87845808831902,-0.432284300951652,-0.391926470155279,-0.270890639840477,-0.106571991079944,0.0877376545918492,0.293783279216066
2001-04-01,0.000408696109589042,0.00138584547945205,0.20112914428573,0.100341270287185,-0.480346138927205,0.552636178996471,0.604602723841446,-0.0716127419823893,-0.357666719627463,-0.0450834817333716,-0.228497600421406,0.74460449437019,-0.509391018797815,-0.136951839813222,-0.516383800335641,1.00581232551746,-0.552028670041196,0.112539837068592,-0.152183763105805,-0.605936695452472,-0.596550808107614,-0.665037603118451,-0.691672893496954,0.36174760346284,-1.09565073752457,-0.0361524241140397,0.816729879197326,-0.368961836167767,-0.368769597078406,-0.15056316141992,-0.0728119696208657,-0.208146073900903,0.008040388901674,0.074821169710056,-0.337114697442373,0.573254640157037,0.446096226230428,-0.536811354739718,-0.493022847663343,-0.411660830371538,-0.003978288008088,-0.983410343189219,0.920236573251436,0.48847244167839,-0.475916620994384,0.185788448261389,-0.87845808831902,-0.432284300951652,-0.391926470155279,-0.270890639840477,-0.106571991079944,0.0877376545918492,0.293783279216066
2001-05-01,0.000294999558108706,0.000755664657534247,-0.737455254568414,-0.744131079670767,-1.1252325934609,0.467479824724481,-0.607712983986239,-0.0716127419823893,-0.491553221626063,-0.0450834817333716,-0.444046903518447,-0.0966855373164071,-0.736310797833878,-0.511265220169569,-0.574855926268657,1.30619769801765,-1.17235769191638,-0.337306503864973,-0.152183763105805,-0.604019344580834,-0.595897073699686,-0.66233812694156,-0.691672893496954,0.372579731734315,-0.596678615651446,-0.917304085308075,0.816729879197326,-0.368961836167767,-0.368769597078406,-0.15056316141992,-0.0728119696208657,-0.208146073900903,0.008040388901674,0.074821169710056,-0.337114697442373,0.573254640157037,0.446096226230428,-0.536811354739718,-0.493022847663343,-0.411660830371538,-0.003978288008088,-0.983410343189219,0.920236573251436,0.48847244167839,-0.475916620994384,0.185788448261389,-0.87845808831902,-0.432284300951652,-0.391926470155279,-0.270890639840477,-0.106571991079944,0.0877376545918492,0.293783279216066
2001-06-01,0.000329805150684932,0.00171048328767123,0.315174606236404,-0.969740279783719,-1.25637063605303,0.545720348369565,-0.607712983986239,-0.0716127419823893,0.516064811402972,-0.0450834817333716,-0.228497600421406,1.10638023313612,-0.727066948279806,-0.545764345551241,-0.613300411721204,1.61075154351769,-1.25447160339762,-0.491615172038656,-0.152183763105805,-0.563214788877104,-0.387676678753455,-0.595887154127243,-0.691672893496954,0.419935817621075,0.0513386497660393,-1.10849814366525,0.816729879197326,-0.368961836167767,-0.368769597078406,-0.15056316141992,-0.0728119696208657,-0.208146073900903,0.008040388901674,0.074821169710056,-0.337114697442373,0.573254640157037,0.446096226230428,-0.536811354739718,-0.493022847663343,-0.411660830371538,-0.003978288008088,-0.983410343189219,0.920236573251436,0.48847244167839,-0.475916620994384,0.185788448261389,-0.87845808831902,-0.432284300951652,-0.391926470155279,-0.270890639840477,-0.106571991079944,0.0877376545918492,0.293783279216066
2001-07-01,0.00083454755634114,0.00287000547945206,0.361839443035452,-1.17367850874218,-1.2648182800512,0.467479824724481,-0.607712983986239,-0.0716127419823893,0.927825590120921,-0.0450834817333716,-0.444047286144686,1.04402068470788,-0.827147353684028,-0.738994339687067,-0.642317483415633,0.913899331679301,-1.17786134373378,-0.675984035591596,-0.152183763105805,0.0617837899518698,0.564419512241023,0.403811430822418,-0.691672893496954,0.470138626720907,0.881614649770476,-1.5169012995876,0.816729879197326,-0.368961836167767,-0.368769597078406,-0.15056316141992,-0.0728119696208657,-0.208146073900903,0.008040388901674,0.074821169710056,-0.337114697442373,0.573254640157037,0.446096226230428,-0.536811354739718,-0.493022847663343,-0.411660830371538,-0.003978288008088,-0.983410343189219,0.920236573251436,0.48847244167839,-0.475916620994384,0.185788448261389,-0.87845808831902,-0.432284300951652,-0.391926470155279,-0.270890639840477,-0.106571991079944,0.0877376545918492,0.293783279216066
2001-08-01,0.000976535925762264,0.00439861479452055,1.23826193351462,-1.04991467875958,-0.943957453746759,0.467479824724481,-0.607712983986239,-0.00341841721899287,1.65213134205829,-0.0450834817333716,-0.444046903518447,1.20919907249026,-0.748206916142203,-0.671611759757046,-0.632148020433258,0.738862285739952,-0.586678787378688,-0.574044009487968,-0.152183763105805,0.853135836214303,2.161373056144,1.47414154680217,-0.691672893496954,0.552173818439583,1.51056557137131,-1.33766623068088,0.816729879197326,-0.368961836167767,-0.368769597078406,-0.15056316141992,-0.0728119696208657,-0.208146073900903,0.008040388901674,0.074821169710056,-0.337114697442373,0.573254640157037,0.446096226230428,-0.536811354739718,-0.493022847663343,-0.411660830371538,-0.003978288008088,-0.983410343189219,0.920236573251436,0.48847244167839,-0.475916620994384,0.185788448261389,-0.87845808831902,-0.432284300951652,-0.391926470155279,-0.270890639840477,-0.106571991079944,0.0877376545918492,0.293783279216066
2001-09-01,0.00146829063013699,0.00385433424657534,0.637875913388632,-0.336618531185044,-0.344163154665408,0.545720348369565,-0.607712983986239,-0.0716127419823893,0.537410192258524,-0.0450834817333716,-0.228497600421406,-0.00460065953128572,-0.599441706534544,-0.406378926101154,-0.595561226119201,0.139974992045998,0.408225409649931,-0.281998857757564,-0.152183763105805,1.83936799899163,1.34219494069414,1.72631667080768,-0.691672893496954,0.553435016355594,1.54425797345136,-0.739057565293106,0.816729879197326,-0.368961836167767,-0.368769597078406,-0.15056316141992,-0.0728119696208657,-0.208146073900903,0.008040388901674,0.074821169710056,-0.337114697442373,0.573254640157037,0.446096226230428,-0.536811354739718,-0.493022847663343,-0.411660830371538,-0.003978288008088,-0.983410343189219,0.920236573251436,0.48847244167839,-0.475916620994384,0.185788448261389,-0.87845808831902,-0.432284300951652,-0.391926470155279,-0.270890639840477,-0.106571991079944,0.0877376545918492,0.293783279216066
2001-10-01,0.00115335070260716,0.00402045369863014,1.26281141211061,-0.118089709280296,0.150012928386298,0.467479824724481,-0.607712983986239,-0.0716127419823893,1.27184934219353,-0.0450834817333716,-0.444046903518447,0.62339897889239,-0.58677908501298,-0.381560977890525,-0.584944933251323,0.325879549308719,1.30312517906121,-0.143621892270987,-0.152183750061205,1.41763953532129,0.792521275890103,1.11132101771773,-0.691672893496954,0.544394475245409,1.45613981737497,-0.574970229149147,0.816729879197326,-0.368961836167767,-0.368769597078406,-0.15056316141992,-0.0728119696208657,-0.208146073900903,0.008040388901674,0.074821169710056,-0.337114697442373,0.573254640157037,0.446096226230428,-0.536811354739718,-0.493022847663343,-0.411660830371538,-0.003978288008088,-0.983410343189219,0.920236573251436,0.48847244167839,-0.475916620994384,0.185788448261389,-0.87845808831902,-0.432284300951652,-0.391926470155279,-0.270890639840477,-0.106571991079944,0.0877376545918492,0.293783279216066
2001-11-01,0.000994202301369863,0.00309843287671233,1.48894832463508,0.151350906905661,0.668932826879444,0.545720348369565,-0.607712983986239,-0.0716127419823893,1.6775565674724,-0.0450834817333716,-0.228497600421406,0.520716973364552,-0.432124055465888,-0.0913129705804822,-0.543867525991229,0.259914979221968,2.08364840395968,0.178889291214754,-0.152183763105805,0.4998254287146,-0.295760909103417,0.150645972764479,-0.691672893496954,0.528636723616917,1.1053300311959,0.0824068504734415,0.816729879197326,-0.368961836167767,-0.368769597078406,-0.15056316141992,-0.0728119696208657,-0.208146073900903,0.008040388901674,0.074821169710056,-0.337114697442373,0.573254640157037,0.446096226230428,-0.536811354739718,-0.493022847663343,-0.411660830371538,-0.003978288008088,-0.983410343189219,0.920236573251436,0.48847244167839,-0.475916620994384,0.185788448261389,-0.87845808831902,-0.432284300951652,-0.391926470155279,-0.270890639840477,-0.106571991079944,0.0877376545918492,0.293783279216066
2001-12-01,0.000545582889969069,0.00159541479452055,-0.0202811003620616,0.406127402793664,0.881984530304129,0.481728997927309,-0.607712983986239,-0.0716127419823893,-0.0471411242137905,-0.0450834817333716,-0.444046903518447,-0.541605227018654,-0.432025496794804,-0.0827711929717226,-0.536000548361385,-0.411057626234016,1.91402579218267,0.29139704090656,-0.152183763105805,-0.119016201992516,-0.468455281478555,-0.270077243039884,-0.691672893496954,0.486918449709931,0.674369190629203,0.201889523964917,0.816729879197326,-0.368961836167767,-0.368769597078406,-0.15056316141992,-0.0728119696208657,-0.208146073900903,0.008040388901674,0.074821169710056,-0.337114697442373,0.573254640157037,0.446096226230428,-0.536811354739718,-0.493022847663343,-0.411660830371538,-0.003978288008088,-0.983410343189219,0.920236573251436,0.48847244167839,-0.475916620994384,0.185788448261389,-0.87845808831902,-0.432284300951652,-0.391926470155279,-0.270890639840477,-0.106571991079944,0.0877376545918492,0.293783279216066
2002-01-01,0.000262625965532479,0.00102414904109589,-0.118681364357505,1.21430947658401,1.18722453417348,0.488133060828133,-0.607712983986239,-0.0716127419823893,-0.252593907181841,-0.0450834817333716,-0.38079527883144,-0.618774028817411,-0.249159709563044,0.170307819952643,0.0559140379354283,-0.538390797739639,1.55444930570905,0.360722248053264,-0.152183763105805,-0.500161875218169,-0.617572638114521,-0.617486283444554,0.445257513460466,0.427159042049135,0.119680340123409,0.5472159522553,0.816729879197326,-0.368961836167767,-0.368769597078406,-0.15056316141992,-0.0728119696208657,-0.208146073900903,0.008040388901674,0.074821169710056,-0.337114697442373,0.573254640157037,0.446096226230428,-0.536811354739718,-0.493022847663343,-0.411660830371538,-0.003978288008088,-0.983410343189219,0.920236573251436,0.48847244167839,-0.475916620994384,0.185788448261389,-0.87845808831902,-0.432284300951652,-0.391926470155279,-0.270890639840477,-0.106571991079944,0.0877376545918492,0.293783279216066
2002-02-01,0.000353543953033268,0.000380738630136986,-0.398325116027675,1.27259904901107,1.02125543820836,0.748835189425665,0.320992712492503,-0.0716127419823893,-0.607543570132713,-0.0450834817333716,0.318819899557135,-0.887588641714226,0.940027105064742,0.69099583867644,2.34359103936149,-0.760514262074021,0.69005105676089,0.760962282025506,-0.152183763105805,-0.571528174142509,-0.604287932142766,-0.649197133941212,2.65966455469241,0.378916190483777,-0.330062304913915,1.55048850083626,0.816729879197326,-0.368961836167767,-0.368769597078406,-0.15056316141992,-0.0728119696208657,-0.208146073900903,0.008040388901674,0.074821169710056,-0.337114697442373,0.573254640157037,0.446096226230428,-0.536811354739718,-0.493022847663343,-0.411660830371538,-0.003978288008088,-0.983410343189219,0.920236573251436,0.48847244167839,-0.475916620994384,0.185788448261389,-0.87845808831902,-0.432284300951652,-0.391926470155279,-0.270890639840477,-0.106571991079944,0.0877376545918492,0.293783279216066
2002-03-01,0.000110723676535572,0.000107914520547945,-1.42251261130551,0.923002554005947,0.455596648970466,0.505693061708178,1.61068627622778,-0.0716127419823893,-0.803537261364183,-0.0450834817333716,-0.38079527883144,-0.949315725678978,1.83601054406899,0.0393875419389766,2.12770557557068,-1.31774478706734,-0.218196089484317,0.183000153494401,-0.152183763105805,-0.598867548267496,-0.602767392854964,-0.66155193755176,1.11645679011163,0.353342739505562,-0.687127296147314,0.220396447793942,0.816729879197326,-0.368961836167767,-0.368769597078406,-0.15056316141992,-0.0728119696208657,-0.208146073900903,0.008040388901674,0.074821169710056,-0.337114697442373,0.573254640157037,0.446096226230428,-0.536811354739718,-0.493022847663343,-0.411660830371538,-0.003978288008088,-0.983410343189219,0.920236573251436,0.48847244167839,-0.475916620994384,0.185788448261389,-0.87845808831902,-0.432284300951652,-0.391926470155279,-0.270890639840477,-0.106571991079944,0.0877376545918492,0.293783279216066
2002-04-01,6.61882739726027e-05,1.38871232876712e-05,-1.18027170405365,0.369720443814918,-0.496713761219993,0.569635133584446,-0.0879360622565591,-0.0716127419823893,-0.798873385185818,-0.0450834817333716,-0.163137067448009,-0.963218481971147,0.941957670001705,-0.0383537690857709,0.413135607480112,-1.36276396970302,-0.869068016517642,-0.0200374116126782,-0.152183763105805,-0.600922119461961,-0.600714201655293,-0.657338063311932,0.548539642129099,0.34405946067908,-0.907853297391684,-0.0681612621958711,0.816729879197326,-0.368961836167767,-0.368769597078406,-0.15056316141992,-0.0728119696208657,-0.208146073900903,0.008040388901674,0.074821169710056,-0.337114697442373,0.573254640157037,0.446096226230428,-0.536811354739718,-0.493022847663343,-0.411660830371538,-0.003978288008088,-0.983410343189219,0.920236573251436,0.48847244167839,-0.475916620994384,0.185788448261389,-0.87845808831902,-0.432284300951652,-0.391926470155279,-0.270890639840477,-0.106571991079944,0.0877376545918492,0.293783279216066
2002-05-01,8.38071939902784e-05,2.61961643835616e-05,-0.976647307975886,-0.591450354585193,-1.03368974767455,0.480915574311524,1.98746356921415,-0.0716127419823893,-0.794624606823698,-0.0450834817333716,-0.38079527883144,-0.906678012496903,-0.666002914862716,-0.421186161599682,-0.620140142555221,-0.549894971527178,-1.24783729920704,-0.451367981460031,-0.152183763105805,-0.599997132627014,-0.600747174840252,-0.654994422745933,-0.301115130221159,0.344298474385783,-0.991659333266797,-0.938977154298673,0.816729879197326,-0.368961836167767,-0.368769597078406,-0.15056316141992,-0.0728119696208657,-0.208146073900903,0.008040388901674,0.074821169710056,-0.337114697442373,0.573254640157037,0.446096226230428,-0.536811354739718,-0.493022847663343,-0.411660830371538,-0.003978288008088,-0.983410343189219,0.920236573251436,0.48847244167839,-0.475916620994384,0.185788448261389,-0.87845808831902,-0.432284300951652,-0.391926470155279,-0.270890639840477,-0.106571991079944,0.0877376545918492,0.293783279216066
2002-06-01,0.000186506520547945,0.000703693150684931,0.366856618162688,-0.846083756054942,-1.12662745612543,0.548609923789152,0.171206766464363,-0.0716127419823893,-0.3555921530847,-0.0450834817333716,-0.163137067448009,0.663198239355457,-0.701707021833364,-0.456464721934148,-0.5977759740318,0.886488437035627,-1.23767779418246,-0.599318165984401,-0.152183763105805,-0.604497626319374,-0.595651278981353,-0.662529061741289,-0.691672893496954,0.394195576152536,-0.753508117942496,-1.12422669698309,0.816729879197326,-0.368961836167767,-0.368769597078406,-0.15056316141992,-0.0728119696208657,-0.208146073900903,0.008040388901674,0.074821169710056,-0.337114697442373,0.573254640157037,0.446096226230428,-0.536811354739718,-0.493022847663343,-0.411660830371538,-0.003978288008088,-0.983410343189219,0.920236573251436,0.48847244167839,-0.475916620994384,0.185788448261389,-0.87845808831902,-0.432284300951652,-0.391926470155279,-0.270890639840477,-0.106571991079944,0.0877376545918492,0.293783279216066
2002-07-01,0.000491544604507292,0.00174054575342466,0.363306971473281,-1.09362751923814,-1.18310703638281,0.46612938629947,-0.188297492591758,-0.0716127419823893,0.378394854862014,-0.0450834817333716,-0.38079527883144,0.892606021691682,-0.801161825350311,-0.654097689571386,-0.641408321223508,1.55287023173305,-1.17563954824308,-0.77610761294334,-0.152183763105805,-0.384701681190632,0.113650407246271,-0.307121822992941,-0.691672893496954,0.476037006523522,0.00398369851846057,-1.52942211753028,0.816729879197326,-0.368961836167767,-0.368769597078406,-0.15056316141992,-0.0728119696208657,-0.208146073900903,0.008040388901674,0.074821169710056,-0.337114697442373,0.573254640157037,0.446096226230428,-0.536811354739718,-0.493022847663343,-0.411660830371538,-0.003978288008088,-0.983410343189219,0.920236573251436,0.48847244167839,-0.475916620994384,0.185788448261389,-0.87845808831902,-0.432284300951652,-0.391926470155279,-0.270890639840477,-0.106571991079944,0.0877376545918492,0.293783279216066
2002-08-01,0.00039716850198851,0.00345058191780822,0.0657518677917138,-1.06456252112107,-0.87478631232882,0.466134903254675,-0.607712983986239,-0.0716127419823893,0.223666180752808,-0.0450834817333716,-0.38079527883144,0.474245604740808,-0.719846152738202,-0.58518418939863,-0.631316589572888,1.01819904473555,-0.638067363464627,-0.678366555329239,-0.152183763105805,0.731013030274076,1.40552785154071,1.49205512636488,-0.691672893496954,0.548737347525272,0.575875160124428,-1.35297647780425,0.816729879197326,-0.368961836167767,-0.368769597078406,-0.15056316141992,-0.0728119696208657,-0.208146073900903,0.008040388901674,0.074821169710056,-0.337114697442373,0.573254640157037,0.446096226230428,-0.536811354739718,-0.493022847663343,-0.411660830371538,-0.003978288008088,-0.983410343189219,0.920236573251436,0.48847244167839,-0.475916620994384,0.185788448261389,-0.87845808831902,-0.432284300951652,-0.391926470155279,-0.270890639840477,-0.106571991079944,0.0877376545918492,0.293783279216066
2002-09-01,0.00085599210958904,0.00418775671232877,1.60775699230266,-0.707826534828976,-0.273984460637195,0.54578430764686,-0.607712983986239,-0.0716127419823893,1.36371349758158,-0.0450834817333716,-0.163137067448009,0.703226528948012,-0.550327984243457,-0.313917158773029,-0.513857406781503,1.17942076631123,0.311969235120106,-0.398345162194335,-0.152183763105805,0.716138938333029,1.6874936383975,1.46597137627275,-0.691672893496954,0.559340392782296,0.755505830441267,-0.760515711445858,0.816729879197326,-0.368961836167767,-0.368769597078406,-0.15056316141992,-0.0728119696208657,-0.208146073900903,0.008040388901674,0.074821169710056,-0.337114697442373,0.573254640157037,0.446096226230428,-0.536811354739718,-0.493022847663343,-0.411660830371538,-0.003978288008088,-0.983410343189219,0.920236573251436,0.48847244167839,-0.475916620994384,0.185788448261389,-0.87845808831902,-0.432284300951652,-0.391926470155279,-0.270890639840477,-0.106571991079944,0.0877376545918492,0.293783279216066
2002-10-01,0.000809762333186036,0.00373187506849315,0.6478133979684,-0.270918566499704,0.219250267097461,0.46615108008943,-0.607712983986239,-0.0716127419823893,0.590914740439334,-0.0450834817333716,-0.38079527883144,0.190070389664254,-0.537333991706064,-0.288530074282525,-0.584090749847632,0.769888467609524,1.16847413492651,-0.265656753605781,-0.152183763105805,0.638549207932427,0.799316673092369,1.3407165227145,-0.691672893496954,0.551191808394386,0.707340187350051,-0.601892800474455,0.816729879197326,-0.368961836167767,-0.368769597078406,-0.15056316141992,-0.0728119696208657,-0.208146073900903,0.008040388901674,0.074821169710056,-0.337114697442373,0.573254640157037,0.446096226230428,-0.536811354739718,-0.493022847663343,-0.411660830371538,-0.003978288008088,-0.983410343189219,0.920236573251436,0.48847244167839,-0.475916620994384,0.185788448261389,-0.87845808831902,-0.432284300951652,-0.391926470155279,-0.270890639840477,-0.106571991079944,0.0877376545918492,0.293783279216066
2002-11-01,0.000182499068493151,0.00131977643835616,-0.856947278599169,0.49344877683051,1.0413689206555,0.57622901714742,-0.607712983986239,-0.0716127419823893,-0.638544526405696,-0.0450834817333716,-0.163137067448009,-0.840515225871474,-0.361020910959573,0.00832487268521077,-0.169895058020423,-0.949966510803734,1.36471135659642,0.0435846303525001,-0.152183763105805,-0.252830221270929,-0.443302609739838,-0.0950155441485727,0.161567399175746,0.497335858731108,0.219464364094351,0.0486331929815032,0.816729879197326,-0.368961836167767,-0.368769597078406,-0.15056316141992,-0.0728119696208657,-0.208146073900903,0.008040388901674,0.074821169710056,-0.337114697442373,0.573254640157037,0.446096226230428,-0.536811354739718,-0.493022847663343,-0.411660830371538,-0.003978288008088,-0.983410343189219,0.920236573251436,0.48847244167839,-0.475916620994384,0.185788448261389,-0.87845808831902,-0.432284300951652,-0.391926470155279,-0.270890639840477,-0.106571991079944,0.0877376545918492,0.293783279216066
2002-12-01,7.12266548828988e-05,0.000800771506849315,-0.861036554177045,1.01770374457067,1.50156126326773,0.505972462761628,-0.607712983986239,-0.0716127419823893,-0.737620773426395,-0.0450834817333716,-0.38079527883144,-0.921372239707012,-0.331010951727993,0.0170589169263394,1.95417930306337,-1.6045120573679,0.390325216246786,0.151459043374981,-0.152183763105805,-0.57652592621437,-0.587957559410982,-0.616316036428526,2.63408282004154,0.405440956640228,-0.363495187486978,0.163361119395863,0.816729879197326,-0.368961836167767,-0.368769597078406,-0.15056316141992,-0.0728119696208657,-0.208146073900903,0.008040388901674,0.074821169710056,-0.337114697442373,0.573254640157037,0.446096226230428,-0.536811354739718,-0.493022847663343,-0.411660830371538,-0.003978288008088,-0.983410343189219,0.920236573251436,0.48847244167839,-0.475916620994384,0.185788448261389,-0.87845808831902,-0.432284300951652,-0.391926470155279,-0.270890639840477,-0.106571991079944,0.0877376545918492,0.293783279216066
2003-01-01,3.21428192664605e-05,0.000269799452054795,-0.984929098729332,1.66567044707279,1.77119314696389,0.503964852113173,2.1940737037612,-0.0716127419823893,-0.788053233200732,-0.0450834817333716,-0.0625216716833347,-0.958193395525271,1.24048278032123,0.457348603450277,2.4719667452431,-1.71532865310821,0.276155720238356,0.141616712364522,-0.152183763105805,-0.605966106460758,-0.600013131775558,-0.664871081926288,2.33485846672152,0.342379819503176,-0.894130798727449,0.634593625321388,0.816729879197326,-0.368961836167767,-0.368769597078406,-0.15056316141992,-0.0728119696208657,-0.208146073900903,0.008040388901674,0.074821169710056,-0.337114697442373,0.573254640157037,0.446096226230428,-0.536811354739718,-0.493022847663343,-0.411660830371538,-0.003978288008088,-0.983410343189219,0.920236573251436,0.48847244167839,-0.475916620994384,0.185788448261389,-0.87845808831902,-0.432284300951652,-0.391926470155279,-0.270890639840477,-0.106571991079944,0.0877376545918492,0.293783279216066
2003-02-01,1.78182387475538e-05,6.20712328767123e-05,-1.57393712768025,1.5711425189803,1.1827021909474,0.767421718004765,-0.0508091530623396,-0.0716127419823893,-0.808224144081488,-0.0450834817333716,0.671195707952019,-0.967994235064393,2.79763680378448,1.01025289122206,2.98774263083998,-1.87344986038099,-0.254482215082595,0.516588980964364,-0.152183763105805,-0.597725153817634,-0.600476454460703,-0.652035093480893,1.28961612804972,0.316870240931946,-1.31958050462968,1.64690086648527,0.816729879197326,-0.368961836167767,-0.368769597078406,-0.15056316141992,-0.0728119696208657,-0.208146073900903,0.008040388901674,0.074821169710056,-0.337114697442373,0.573254640157037,0.446096226230428,-0.536811354739718,-0.493022847663343,-0.411660830371538,-0.003978288008088,-0.983410343189219,0.920236573251436,0.48847244167839,-0.475916620994384,0.185788448261389,-0.87845808831902,-0.432284300951652,-0.391926470155279,-0.270890639840477,-0.106571991079944,0.0877376545918492,0.293783279216066
2003-03-01,8.97665753424658e-05,0.000141106849315068,0.0922170244530883,0.784691053578592,0.16040453724937,0.493081115093322,2.29791823568176,-0.0716127419823893,-0.755903856560248,-0.0450834817333716,-0.0625216716833347,-0.793296978016681,0.047872713786359,0.318329234423365,0.672831696305501,-0.786099188953233,-0.376442911302784,-0.0248846226826718,-0.152183763105805,-0.60015240862923,-0.600632066154693,-0.655442667330251,0.652011916667581,0.309105455229823,-1.55244554307764,0.310954449967279,0.816729879197326,-0.368961836167767,-0.368769597078406,-0.15056316141992,-0.0728119696208657,-0.208146073900903,0.008040388901674,0.074821169710056,-0.337114697442373,0.573254640157037,0.446096226230428,-0.536811354739718,-0.493022847663343,-0.411660830371538,-0.003978288008088,-0.983410343189219,0.920236573251436,0.48847244167839,-0.475916620994384,0.185788448261389,-0.87845808831902,-0.432284300951652,-0.391926470155279,-0.270890639840477,-0.106571991079944,0.0877376545918492,0.293783279216066
2003-04-01,0.000735014575342467,0.00174504328767123,1.27305331884323,0.0785254866495907,-0.630790168766946,0.552081117198184,-0.434951119617913,-0.0716127419823893,-0.174918720465654,-0.0450834817333716,0.165746446447859,1.53949964458766,-0.324235982433154,0.235774044773163,-0.342591606499589,1.23111034730029,-0.632001780005859,-0.215106158068617,-0.152183763105805,-0.593330470180358,-0.574977739711997,-0.645283199284663,-0.691672893496954,0.365152476719986,-0.947253656870038,0.0311609759691371,0.816729879197326,-0.368961836167767,-0.368769597078406,-0.15056316141992,-0.0728119696208657,-0.208146073900903,0.008040388901674,0.074821169710056,-0.337114697442373,0.573254640157037,0.446096226230428,-0.536811354739718,-0.493022847663343,-0.411660830371538,-0.003978288008088,-0.983410343189219,0.920236573251436,0.48847244167839,-0.475916620994384,0.185788448261389,-0.87845808831902,-0.432284300951652,-0.391926470155279,-0.270890639840477,-0.106571991079944,0.0877376545918492,0.293783279216066
2003-05-01,0.00122191243482103,0.00206499945205479,0.524570814013768,-0.409325579684867,-1.07045520270122,0.469494541959301,-0.607712983986239,-0.0716127419823893,0.527290403338896,-0.0450834817333716,-0.0625216716833347,1.48062939475797,-0.565356158385213,-0.170744560006329,-0.60058712670519,1.34910607413371,-1.07654842208104,-0.619196616016171,-0.152183763105805,-0.60283005357993,-0.5882372358315,-0.661529030454429,-0.691672893496954,0.393906683287022,-0.296796466560374,-0.836629408399541,0.816729879197326,-0.368961836167767,-0.368769597078406,-0.15056316141992,-0.0728119696208657,-0.208146073900903,0.008040388901674,0.074821169710056,-0.337114697442373,0.573254640157037,0.446096226230428,-0.536811354739718,-0.493022847663343,-0.411660830371538,-0.003978288008088,-0.983410343189219,0.920236573251436,0.48847244167839,-0.475916620994384,0.185788448261389,-0.87845808831902,-0.432284300951652,-0.391926470155279,-0.270890639840477,-0.106571991079944,0.0877376545918492,0.293783279216066
2003-06-01,0.00181573961643836,0.00392971397260274,1.5124957507185,-0.926086697982645,-1.23050611782498,0.547802297651718,-0.607712983986239,-0.0716127419823893,2.34796520167108,-0.0450834817333716,0.165746446447859,2.1890577801987,-0.556143090351583,-0.208211308461595,-0.613922027490078,0.860649347388234,-1.20193847168145,-0.757807542293233,-0.152183763105805,0.287972837079615,1.25707399092346,0.511082161878389,-0.691672893496954,0.520379240160561,1.16097464382191,-1.01397464684953,0.816729879197326,-0.368961836167767,-0.368769597078406,-0.15056316141992,-0.0728119696208657,-0.208146073900903,0.008040388901674,0.074821169710056,-0.337114697442373,0.573254640157037,0.446096226230428,-0.536811354739718,-0.493022847663343,-0.411660830371538,-0.003978288008088,-0.983410343189219,0.920236573251436,0.48847244167839,-0.475916620994384,0.185788448261389,-0.87845808831902,-0.432284300951652,-0.391926470155279,-0.270890639840477,-0.106571991079944,0.0877376545918492,0.293783279216066
2003-07-01,0.0012245145735749,0.00404438794520548,0.70934482660894,-1.36299222025349,-1.23140013524651,0.469494541959301,-0.607712983986239,-0.0716127419823893,1.15562761973229,-0.0450834817333716,-0.0625216716833347,0.598765899845436,-0.66510634888705,-0.418065266181409,-0.639194043081245,0.473259138965731,-1.13298976935847,-0.923423250153028,-0.152183761359378,1.69927762568661,2.07694852129332,1.48659322966774,-0.691672893496954,0.550126967347905,1.5471323114313,-1.42083656081055,0.816729879197326,-0.368961836167767,-0.368769597078406,-0.15056316141992,-0.0728119696208657,-0.208146073900903,0.008040388901674,0.074821169710056,-0.337114697442373,0.573254640157037,0.446096226230428,-0.536811354739718,-0.493022847663343,-0.411660830371538,-0.003978288008088,-0.983410343189219,0.920236573251436,0.48847244167839,-0.475916620994384,0.185788448261389,-0.87845808831902,-0.432284300951652,-0.391926470155279,-0.270890639840477,-0.106571991079944,0.0877376545918492,0.293783279216066
2003-08-01,0.00224145025187804,0.00627805808219178,1.95737151597026,-1.08632853911748,-0.884786077927125,0.469494541959301,-0.607712983986239,-0.0716127419823893,2.78260316765944,-0.0450834817333716,-0.0625216716833347,1.15146503339782,-0.585240587047645,-0.344885610614918,-0.628693611237472,0.433436957167494,-0.529166939319537,-0.831854648828002,-0.152183763105805,2.94083361074164,2.6229945801424,2.66042774418065,-0.691672893496954,0.574961823089874,1.80821629422893,-1.24634205503526,0.816729879197326,-0.368961836167767,-0.368769597078406,-0.15056316141992,-0.0728119696208657,-0.208146073900903,0.008040388901674,0.074821169710056,-0.337114697442373,0.573254640157037,0.446096226230428,-0.536811354739718,-0.493022847663343,-0.411660830371538,-0.003978288008088,-0.983410343189219,0.920236573251436,0.48847244167839,-0.475916620994384,0.185788448261389,-0.87845808831902,-0.432284300951652,-0.391926470155279,-0.270890639840477,-0.106571991079944,0.0877376545918492,0.293783279216066
2003-09-01,0.00131005019178082,0.00589553095890411,1.24399397552571,-1.13733826309518,-0.391081014077202,0.547802297651718,-0.607712983986239,-0.0716127419823893,0.686175407642189,-0.0450834817333716,0.165746446447859,0.722409853193625,-0.414150393297694,-0.0568339058439232,-0.592044008629363,0.325627761893512,0.336026245854995,-0.569520234944918,-0.152183763105805,3.85625465597875,3.39293540460871,3.18940157745062,-0.691672893496954,0.574962725880079,2.15527433101362,-0.654208721456675,0.816729879197326,-0.368961836167767,-0.368769597078406,-0.15056316141992,-0.0728119696208657,-0.208146073900903,0.008040388901674,0.074821169710056,-0.337114697442373,0.573254640157037,0.446096226230428,-0.536811354739718,-0.493022847663343,-0.411660830371538,-0.003978288008088,-0.983410343189219,0.920236573251436,0.48847244167839,-0.475916620994384,0.185788448261389,-0.87845808831902,-0.432284300951652,-0.391926470155279,-0.270890639840477,-0.106571991079944,0.0877376545918492,0.293783279216066
2003-10-01,0.000559531948740609,0.00355502465753425,-0.79921713194572,-0.634960492531094,0.161727551632229,0.469510625286341,-0.607712983986239,-0.0716127419823893,-0.602059962263424,-0.0450834817333716,-0.0625216716833347,-0.617564897684051,-0.400332669931595,-0.0298829926366795,-0.582288851766163,-0.786936195473921,1.04562923156682,-0.445218578868361,-0.152183763105805,3.08932644416921,0.58367948990248,2.05087420274223,-0.691672893496954,0.544402938903578,1.68441150772492,-0.503150421241087,0.816729879197326,-0.368961836167767,-0.368769597078406,-0.15056316141992,-0.0728119696208657,-0.208146073900903,0.008040388901674,0.074821169710056,-0.337114697442373,0.573254640157037,0.446096226230428,-0.536811354739718,-0.493022847663343,-0.411660830371538,-0.003978288008088,-0.983410343189219,0.920236573251436,0.48847244167839,-0.475916620994384,0.185788448261389,-0.87845808831902,-0.432284300951652,-0.391926470155279,-0.270890639840477,-0.106571991079944,0.0877376545918492,0.293783279216066
2003-11-01,0.00017198202739726,0.00153923506849315,-1.46148751649866,0.449827983860318,1.23715120338947,0.57469156329172,-0.607712983986239,-0.0716127419823893,-0.743150076392222,-0.0450834817333716,0.165746446447859,-0.915294140948954,-0.229997129232084,0.285339165435261,0.648719324450125,-1.71663509724372,1.03277984639531,-0.15550230708461,-0.152183763105805,0.919886643909557,-0.563991077804452,-0.055122287708688,2.88668169718036,0.461542145542674,0.74451844171146,0.146802925458995,0.816729879197326,-0.368961836167767,-0.368769597078406,-0.15056316141992,-0.0728119696208657,-0.208146073900903,0.008040388901674,0.074821169710056,-0.337114697442373,0.573254640157037,0.446096226230428,-0.536811354739718,-0.493022847663343,-0.411660830371538,-0.003978288008088,-0.983410343189219,0.920236573251436,0.48847244167839,-0.475916620994384,0.185788448261389,-0.87845808831902,-0.432284300951652,-0.391926470155279,-0.270890639840477,-0.106571991079944,0.0877376545918492,0.293783279216066
2003-12-01,9.21557578435705e-05,0.000948322191780822,-0.320309286162996,1.09054328790221,1.52736417330197,0.49938708840075,-0.607712983986239,-0.0716127419823893,-0.621696788803506,-0.0450834817333716,-0.0625216716833347,-0.90838853620369,-0.230296707128209,0.294618002701521,0.496532682679352,-1.34056616042978,1.08977619869144,-0.0544332998848767,-0.152183763105805,0.186633199182029,-0.606927902087163,-0.435777085367275,1.71701365623056,0.359933108000104,-0.183137224789993,0.254542734367159,0.816729879197326,-0.368961836167767,-0.368769597078406,-0.15056316141992,-0.0728119696208657,-0.208146073900903,0.008040388901674,0.074821169710056,-0.337114697442373,0.573254640157037,0.446096226230428,-0.536811354739718,-0.493022847663343,-0.411660830371538,-0.003978288008088,-0.983410343189219,0.920236573251436,0.48847244167839,-0.475916620994384,0.185788448261389,-0.87845808831902,-0.432284300951652,-0.391926470155279,-0.270890639840477,-0.106571991079944,0.0877376545918492,0.293783279216066
2004-01-01,0.000452770446310209,0.00135720328767123,2.04191756459655,1.01045962604627,1.2708225248963,0.497675055640501,2.02336611562181,-0.0716127419823893,0.269007572118738,-0.0450834817333716,0.501123063845756,0.79733087657665,0.990786121300535,0.929516458261875,1.38085655118915,-0.792050398293423,0.706588305872799,0.218667418940261,-0.152183763105805,-0.157772028234989,-0.602133234291856,-0.536033519572415,2.29404809919673,0.324398946995531,-0.667289016708298,1.24059477087001,0.816729879197326,-0.368961836167767,-0.368769597078406,-0.15056316141992,-0.0728119696208657,-0.208146073900903,0.008040388901674,0.074821169710056,-0.337114697442373,0.573254640157037,0.446096226230428,-0.536811354739718,-0.493022847663343,-0.411660830371538,-0.003978288008088,-0.983410343189219,0.920236573251436,0.48847244167839,-0.475916620994384,0.185788448261389,-0.87845808831902,-0.432284300951652,-0.391926470155279,-0.270890639840477,-0.106571991079944,0.0877376545918492,0.293783279216066
2004-02-01,0.00204941725082664,0.00156103890410959,-0.714608780466558,1.2653642488045,0.968804950614145,0.640435248319538,-0.159372279633152,-0.0716127419823893,-0.200098354364354,-0.0450834817333716,1.01227320122443,-0.127949940982339,0.328616943854446,1.32836964260336,-0.101271054174645,-0.0239942663806868,1.48791109308137,0.47453812388192,-0.152183763105805,-0.403135723983486,-0.645269118492371,-0.604951124767152,0.349140928075536,0.360242200796449,-0.20070335943397,1.95476460937906,0.816729879197326,-0.368961836167767,-0.368769597078406,-0.15056316141992,-0.0728119696208657,-0.208146073900903,0.008040388901674,0.074821169710056,-0.337114697442373,0.573254640157037,0.446096226230428,-0.536811354739718,-0.493022847663343,-0.411660830371538,-0.003978288008088,-0.983410343189219,0.920236573251436,0.48847244167839,-0.475916620994384,0.185788448261389,-0.87845808831902,-0.432284300951652,-0.391926470155279,-0.270890639840477,-0.106571991079944,0.0877376545918492,0.293783279216066
2004-03-01,0.000112005656208573,0.00025483397260274,-1.26457829067743,0.690092073312618,0.216025415658067,0.503695736908411,2.02243097923009,-0.0716127419823893,-0.787666194947919,-0.0450834817333716,0.501123063845756,-0.950623062644026,1.09612453064715,0.777172989071713,1.84914758135598,-1.56910735342838,-0.477293412126139,0.0482186517851151,-0.152183763105805,-0.518524572540255,-0.606520249015402,-0.638886850613548,2.19632213776617,0.306549656160227,-0.552211002888419,0.898587866679176,0.816729879197326,-0.368961836167767,-0.368769597078406,-0.15056316141992,-0.0728119696208657,-0.208146073900903,0.008040388901674,0.074821169710056,-0.337114697442373,0.573254640157037,0.446096226230428,-0.536811354739718,-0.493022847663343,-0.411660830371538,-0.003978288008088,-0.983410343189219,0.920236573251436,0.48847244167839,-0.475916620994384,0.185788448261389,-0.87845808831902,-0.432284300951652,-0.391926470155279,-0.270890639840477,-0.106571991079944,0.0877376545918492,0.293783279216066
2004-04-01,0.000101649534246575,0.000227059726027397,-0.0705225159194807,-0.0452501659487572,-0.622843512838958,0.553187687501575,-0.174316994440722,-0.0716127419823893,-0.602293914091444,-0.0450834817333716,0.748179469495699,-0.696988251136914,-0.00997573460098659,0.686704889226949,-0.487237839319761,-0.441076319106621,-0.785519869043953,-0.146511136842657,-0.152183763105805,-0.562870504557019,-0.610592632459807,-0.647264678718717,-0.479918797363909,0.293968823262186,-0.726640980779,0.606313722516791,0.816729879197326,-0.368961836167767,-0.368769597078406,-0.15056316141992,-0.0728119696208657,-0.208146073900903,0.008040388901674,0.074821169710056,-0.337114697442373,0.573254640157037,0.446096226230428,-0.536811354739718,-0.493022847663343,-0.411660830371538,-0.003978288008088,-0.983410343189219,0.920236573251436,0.48847244167839,-0.475916620994384,0.185788448261389,-0.87845808831902,-0.432284300951652,-0.391926470155279,-0.270890639840477,-0.106571991079944,0.0877376545918492,0.293783279216066
2004-05-01,0.000239493486522316,0.000589650410958904,-0.459397442665949,-0.875253119331764,-1.03702246468461,0.471997556483653,-0.188297492591758,-0.0716127419823893,-0.4095640880383,-0.0450834817333716,0.501123063845756,-0.0301009292573016,-0.248897416325483,0.241222425825488,-0.563506118337642,1.04278326934058,-1.05291601081529,-0.560178922407741,-0.152183763105805,-0.605688161070302,-0.605149415944663,-0.66792404968435,-0.691672893496954,0.320135294556134,-0.524867998197947,-0.313828643712942,0.816729879197326,-0.368961836167767,-0.368769597078406,-0.15056316141992,-0.0728119696208657,-0.208146073900903,0.008040388901674,0.074821169710056,-0.337114697442373,0.573254640157037,0.446096226230428,-0.536811354739718,-0.493022847663343,-0.411660830371538,-0.003978288008088,-0.983410343189219,0.920236573251436,0.48847244167839,-0.475916620994384,0.185788448261389,-0.87845808831902,-0.432284300951652,-0.391926470155279,-0.270890639840477,-0.106571991079944,0.0877376545918492,0.293783279216066
2004-06-01,0.000730422356164385,0.00328906520547945,2.4702095492897,-1.14445378883347,-1.24831975354254,0.547802297651718,-0.174316994440722,-0.0716127419823893,3.021493520718,-0.0450834817333716,0.748179469495699,2.84559761140311,-0.259225700289837,0.200165047295609,-0.580398636861345,1.58344753975783,-1.22228012453504,-0.702074429928785,-0.152183763105805,-0.419988435364771,0.0953601788032481,-0.366610302468707,-0.691672893496954,0.413316559839981,0.310831174566235,-0.497754992550032,0.816729879197326,-0.368961836167767,-0.368769597078406,-0.15056316141992,-0.0728119696208657,-0.208146073900903,0.008040388901674,0.074821169710056,-0.337114697442373,0.573254640157037,0.446096226230428,-0.536811354739718,-0.493022847663343,-0.411660830371538,-0.003978288008088,-0.983410343189219,0.920236573251436,0.48847244167839,-0.475916620994384,0.185788448261389,-0.87845808831902,-0.432284300951652,-0.391926470155279,-0.270890639840477,-0.106571991079944,0.0877376545918492,0.293783279216066
2004-07-01,0.00106507736632788,0.00569006465753425,0.457045743198933,-1.50124216154364,-1.2083757106632,0.469494541959301,-0.607712983986239,-0.0716127419823893,0.715980335328822,-0.0450834817333716,0.501123063845756,1.03282286439383,-0.384244195247695,-0.029803651658257,-0.607715703660392,0.699414459570363,-1.08487399747863,-0.871615657471278,-0.152183763105805,1.82701516154887,3.41886103508909,3.04185182426704,-0.691672893496954,0.577400485130406,1.64187140373868,-0.930912499356369,0.816729879197326,-0.368961836167767,-0.368769597078406,-0.15056316141992,-0.0728119696208657,-0.208146073900903,0.008040388901674,0.074821169710056,-0.337114697442373,0.573254640157037,0.446096226230428,-0.536811354739718,-0.493022847663343,-0.411660830371538,-0.003978288008088,-0.983410343189219,0.920236573251436,0.48847244167839,-0.475916620994384,0.185788448261389,-0.87845808831902,-0.432284300951652,-0.391926470155279,-0.270890639840477,-0.106571991079944,0.0877376545918492,0.293783279216066
2004-08-01,0.000453164118426866,0.00348903452054795,-0.620076769536362,-1.32653302045538,-0.894726725492458,0.469494541959301,-0.607712983986239,-0.0716127419823893,-0.167923588941996,-0.0450834817333716,0.501123063845756,-0.280486007283809,-0.34815466895772,0.0503902422818614,-0.598681472015298,-0.0560117848470061,-0.55131375256048,-0.777877269537127,-0.152183763105805,1.4711790727378,1.24474112183275,1.77947977156728,-0.691672893496954,0.546660252961735,1.5617998241339,-0.746651986375422,0.816729879197326,-0.368961836167767,-0.368769597078406,-0.15056316141992,-0.0728119696208657,-0.208146073900903,0.008040388901674,0.074821169710056,-0.337114697442373,0.573254640157037,0.446096226230428,-0.536811354739718,-0.493022847663343,-0.411660830371538,-0.003978288008088,-0.983410343189219,0.920236573251436,0.48847244167839,-0.475916620994384,0.185788448261389,-0.87845808831902,-0.432284300951652,-0.391926470155279,-0.270890639840477,-0.106571991079944,0.0877376545918492,0.293783279216066
2004-09-01,0.00023405501369863,0.00160872328767123,-0.863823843767655,-0.736946365422556,-0.445848717428114,0.547802297651718,-0.607712983986239,-0.0716127419823893,-0.489854612406059,-0.0450834817333716,0.748178831785301,-0.73097365920817,-0.188367796347788,0.366050353538671,-0.559552186683557,-0.748795831448259,0.0417759380709518,-0.509325204987881,-0.152183763105805,0.275493669458655,-0.427728966589611,0.127696515508154,-0.691672893496954,0.50244948814826,1.16976519256636,-0.117815649914327,0.816729879197326,-0.368961836167767,-0.368769597078406,-0.15056316141992,-0.0728119696208657,-0.208146073900903,0.008040388901674,0.074821169710056,-0.337114697442373,0.573254640157037,0.446096226230428,-0.536811354739718,-0.493022847663343,-0.411660830371538,-0.003978288008088,-0.983410343189219,0.920236573251436,0.48847244167839,-0.475916620994384,0.185788448261389,-0.87845808831902,-0.432284300951652,-0.391926470155279,-0.270890639840477,-0.106571991079944,0.0877376545918492,0.293783279216066
2004-10-01,0.000121545417587274,0.0012916602739726,-0.289473862670892,-0.169035282463657,0.319976403799844,0.475822022041258,-0.607712983986239,-0.0716127419823893,-0.206299710241972,-0.0450834817333716,0.501123063845756,-0.603348771033491,0.174282591273828,0.395585258156798,-0.334344318463955,-0.813762278215481,0.870672370157548,-0.382078153749938,-0.152183763105805,-0.344439115336949,-0.591077926135701,-0.502575384799488,0.0372762565926853,0.427893461880684,0.730191640346474,0.0383933458279668,0.816729879197326,-0.368961836167767,-0.368769597078406,-0.15056316141992,-0.0728119696208657,-0.208146073900903,0.008040388901674,0.074821169710056,-0.337114697442373,0.573254640157037,0.446096226230428,-0.536811354739718,-0.493022847663343,-0.411660830371538,-0.003978288008088,-0.983410343189219,0.920236573251436,0.48847244167839,-0.475916620994384,0.185788448261389,-0.87845808831902,-0.432284300951652,-0.391926470155279,-0.270890639840477,-0.106571991079944,0.0877376545918492,0.293783279216066
2004-11-01,0.00038309610958904,0.00135438904109589,0.323745826957646,0.413381422030773,0.862375910890673,0.557466600555756,-0.607712983986239,-0.0716127419823893,0.335015460718123,-0.0450834817333716,0.748179469495699,-0.145497960494981,0.0371350211487193,0.741021001773083,-0.242418562797244,-0.126439711038478,1.64490312094453,-0.0854943909385496,-0.152183763105805,-0.550511192900137,-0.584221477291079,-0.613811352138888,0.137578187231801,0.396478845429079,0.386458053352047,0.728511058966845,0.816729879197326,-0.368961836167767,-0.368769597078406,-0.15056316141992,-0.0728119696208657,-0.208146073900903,0.008040388901674,0.074821169710056,-0.337114697442373,0.573254640157037,0.446096226230428,-0.536811354739718,-0.493022847663343,-0.411660830371538,-0.003978288008088,-0.983410343189219,0.920236573251436,0.48847244167839,-0.475916620994384,0.185788448261389,-0.87845808831902,-0.432284300951652,-0.391926470155279,-0.270890639840477,-0.106571991079944,0.0877376545918492,0.293783279216066
2004-12-01,8.52410428634556e-05,0.000422610410958904,-1.13343764408795,0.886688487008119,1.49060561123923,0.49317817610185,-0.188297492591758,-0.0716127419823893,-0.747275580061776,-0.0450834817333716,0.501123063845756,-0.922383531032482,0.0567244963688021,0.751189044038988,1.04567118783664,-1.54586689993416,0.588080293498357,0.0179703747557523,-0.152183763105805,-0.584878236078266,-0.577878215124487,-0.629992239964,1.83652848723256,0.348545199508841,-0.180823625555748,0.839015054440519,0.816729879197326,-0.368961836167767,-0.368769597078406,-0.15056316141992,-0.0728119696208657,-0.208146073900903,0.008040388901674,0.074821169710056,-0.337114697442373,0.573254640157037,0.446096226230428,-0.536811354739718,-0.493022847663343,-0.411660830371538,-0.003978288008088,-0.983410343189219,0.920236573251436,0.48847244167839,-0.475916620994384,0.185788448261389,-0.87845808831902,-0.432284300951652,-0.391926470155279,-0.270890639840477,-0.106571991079944,0.0877376545918492,0.293783279216066
2005-01-01,3.86095625276181e-05,0.000137003835616438,-0.829526931225217,1.37448961298293,1.50940384165027,0.506946626140091,-0.104703054543253,-0.0716127419823893,-0.7589512497244,-0.0450834817333716,0.761767164947212,-0.955660090885602,1.40838181193794,1.10044758025197,2.56793174285709,-1.64457571076271,0.377711761345671,0.208278875079429,-0.152183763105805,-0.606160077236087,-0.599959103956133,-0.66527078197965,1.68222085732108,0.316549750409266,-0.699709822262648,1.42179203239699,0.816729879197326,-0.368961836167767,-0.368769597078406,-0.15056316141992,-0.0728119696208657,-0.208146073900903,0.008040388901674,0.074821169710056,-0.337114697442373,0.573254640157037,0.446096226230428,-0.536811354739718,-0.493022847663343,-0.411660830371538,-0.003978288008088,-0.983410343189219,0.920236573251436,0.48847244167839,-0.475916620994384,0.185788448261389,-0.87845808831902,-0.432284300951652,-0.391926470155279,-0.270890639840477,-0.106571991079944,0.0877376545918492,0.293783279216066
2005-02-01,0.000215723835616438,0.000333501369863014,0.1490931551997,1.19982298671979,1.06101169439473,0.752276834396649,2.67642200854923,-0.0716127419823893,-0.571733034835674,-0.0450834817333716,1.58380201417581,-0.667809154632609,2.5323534233145,1.72555824420153,1.87367695268046,-0.164219089279373,0.802616802065377,0.590943317961565,-0.152183763105805,-0.596392635124107,-0.603527585607628,-0.649836541066792,0.659426286225047,0.308218689551225,-1.03910369364509,2.52254242539356,0.816729879197326,-0.368961836167767,-0.368769597078406,-0.15056316141992,-0.0728119696208657,-0.208146073900903,0.008040388901674,0.074821169710056,-0.337114697442373,0.573254640157037,0.446096226230428,-0.536811354739718,-0.493022847663343,-0.411660830371538,-0.003978288008088,-0.983410343189219,0.920236573251436,0.48847244167839,-0.475916620994384,0.185788448261389,-0.87845808831902,-0.432284300951652,-0.391926470155279,-0.270890639840477,-0.106571991079944,0.0877376545918492,0.293783279216066
2005-03-01,2.26132390631905e-05,1.09150684931507e-05,-1.30221047064033,0.54443657364156,0.248709304557437,0.506446172847565,2.0159265217686,-0.0716127419823893,-0.800608421589381,-0.0450834817333716,0.761767164947212,-0.961330474199455,1.62332468923879,0.943263860577049,1.68484775485664,-1.19924073469756,-0.380725039458966,0.0383605712190034,-0.152183763105805,-0.599750280618264,-0.60042631917714,-0.655034366617928,0.573288290959968,0.296771084057674,-1.28952039447719,1.07517895194983,0.816729879197326,-0.368961836167767,-0.368769597078406,-0.15056316141992,-0.0728119696208657,-0.208146073900903,0.008040388901674,0.074821169710056,-0.337114697442373,0.573254640157037,0.446096226230428,-0.536811354739718,-0.493022847663343,-0.411660830371538,-0.003978288008088,-0.983410343189219,0.920236573251436,0.48847244167839,-0.475916620994384,0.185788448261389,-0.87845808831902,-0.432284300951652,-0.391926470155279,-0.270890639840477,-0.106571991079944,0.0877376545918492,0.293783279216066
2005-04-01,6.12190684931507e-05,2.28558904109589e-05,-0.121579883392935,0.355181829610303,-0.41285315478138,0.562530230357112,2.24808289691146,-0.0716127419823893,-0.753011312458202,-0.0450834817333716,1.01751071672372,-0.949773898146284,0.0692511300465393,0.849932272692871,-0.540802525086758,-0.158163975213393,-0.683895937032121,-0.155760691099078,-0.152183763105805,-0.604039731530661,-0.60093785560573,-0.662015921068686,-0.656083259937776,0.294313463422842,-1.43404393799139,0.780819767773299,0.816729879197326,-0.368961836167767,-0.368769597078406,-0.15056316141992,-0.0728119696208657,-0.208146073900903,0.008040388901674,0.074821169710056,-0.337114697442373,0.573254640157037,0.446096226230428,-0.536811354739718,-0.493022847663343,-0.411660830371538,-0.003978288008088,-0.983410343189219,0.920236573251436,0.48847244167839,-0.475916620994384,0.185788448261389,-0.87845808831902,-0.432284300951652,-0.391926470155279,-0.270890639840477,-0.106571991079944,0.0877376545918492,0.293783279216066
2005-05-01,3.49969421122405e-05,3.8426301369863e-05,-1.35141001013253,-0.620419548747021,-0.941841251721924,0.503413717638931,-0.0211086164947475,-0.0716127419823893,-0.78847852735696,-0.0450834817333716,0.761767164947212,-0.926932949520165,0.788526242020694,0.39035889660375,-0.538864597174717,0.547767175026432,-1.14158253234897,-0.568134958810817,-0.15218376197189,-0.60093789680822,-0.601463219377846,-0.657041240086844,-0.459921659161801,0.293524650481458,-1.4832607822614,-0.153317104314104,0.816729879197326,-0.368961836167767,-0.368769597078406,-0.15056316141992,-0.0728119696208657,-0.208146073900903,0.008040388901674,0.074821169710056,-0.337114697442373,0.573254640157037,0.446096226230428,-0.536811354739718,-0.493022847663343,-0.411660830371538,-0.003978288008088,-0.983410343189219,0.920236573251436,0.48847244167839,-0.475916620994384,0.185788448261389,-0.87845808831902,-0.432284300951652,-0.391926470155279,-0.270890639840477,-0.106571991079944,0.0877376545918492,0.293783279216066
2005-06-01,0.000173551342465754,0.00126243945205479,0.613048316293811,-1.15186476348661,-1.34972705169837,0.557466600555756,2.45565293754482,-0.0716127419823893,-0.410069913913632,-0.0450834817333716,1.01751071672372,1.49205905437488,-0.277055281820097,0.348025751204925,-0.418046822677274,1.36484719895397,-1.437237569213,-0.709585598448293,-0.152183763105805,-0.592501654568371,-0.587558482138971,-0.643290016782628,-0.588868523211071,0.345414774473934,-1.1426635056793,-0.337809368543019,0.816729879197326,-0.368961836167767,-0.368769597078406,-0.15056316141992,-0.0728119696208657,-0.208146073900903,0.008040388901674,0.074821169710056,-0.337114697442373,0.573254640157037,0.446096226230428,-0.536811354739718,-0.493022847663343,-0.411660830371538,-0.003978288008088,-0.983410343189219,0.920236573251436,0.48847244167839,-0.475916620994384,0.185788448261389,-0.87845808831902,-0.432284300951652,-0.391926470155279,-0.270890639840477,-0.106571991079944,0.0877376545918492,0.293783279216066
2005-07-01,0.000338188952717631,0.00152550575342466,-0.332389575923074,-1.05714464508878,-1.16040474298043,0.469494541959301,-0.524118536287203,-0.0716127419823893,-0.0836605877897587,-0.0450834817333716,0.761767164947212,0.528678698906077,-0.434652909110017,0.110777066679819,-0.594388193928806,1.71426067123708,-1.14888386780217,-0.878598416985934,-0.152183763105805,-0.602562253153894,-0.590796642918232,-0.6583472150778,-0.691672893496954,0.382310681653568,-0.291196928464599,-0.778502877807963,0.816729879197326,-0.368961836167767,-0.368769597078406,-0.15056316141992,-0.0728119696208657,-0.208146073900903,0.008040388901674,0.074821169710056,-0.337114697442373,0.573254640157037,0.446096226230428,-0.536811354739718,-0.493022847663343,-0.411660830371538,-0.003978288008088,-0.983410343189219,0.920236573251436,0.48847244167839,-0.475916620994384,0.185788448261389,-0.87845808831902,-0.432284300951652,-0.391926470155279,-0.270890639840477,-0.106571991079944,0.0877376545918492,0.293783279216066
2005-08-01,0.000665754697304464,0.00373411068493151,2.9501921641712,-0.889786870539258,-0.802928591645654,0.46951604873383,-0.607712983986239,0.662496717133207,4.09149746474887,-0.0450834817333716,0.761767164947212,3.26621823638269,-0.34000378015058,0.19348913508281,-0.584950774062512,1.50157353412583,-0.503908647165494,-0.785153792502861,-0.152183763105805,-0.219688903609839,0.489695790458676,-0.0439242650420514,-0.691672893496954,0.456393194458762,0.54442056188387,-0.591864991288459,0.816729879197326,-0.368961836167767,-0.368769597078406,-0.15056316141992,-0.0728119696208657,-0.208146073900903,0.008040388901674,0.074821169710056,-0.337114697442373,0.573254640157037,0.446096226230428,-0.536811354739718,-0.493022847663343,-0.411660830371538,-0.003978288008088,-0.983410343189219,0.920236573251436,0.48847244167839,-0.475916620994384,0.185788448261389,-0.87845808831902,-0.432284300951652,-0.391926470155279,-0.270890639840477,-0.106571991079944,0.0877376545918492,0.293783279216066
2005-09-01,0.00169868361643836,0.00663386301369863,1.26245680653592,-0.671481892100751,-0.460397901318026,0.547813799100706,-0.607712983986239,-0.0716127419823893,1.6294506358516,-0.0450834817333716,1.01751071672372,1.30744957872828,-0.101212883759413,0.519116682154402,-0.546183384139352,0.732054252648552,0.198393378181007,-0.517442389018353,-0.152183763105805,1.28382324730117,2.27492148821939,2.30680720436618,-0.691672893496954,0.580150158396468,1.49879815236533,0.047045552689397,0.816729879197326,-0.368961836167767,-0.368769597078406,-0.15056316141992,-0.0728119696208657,-0.208146073900903,0.008040388901674,0.074821169710056,-0.337114697442373,0.573254640157037,0.446096226230428,-0.536811354739718,-0.493022847663343,-0.411660830371538,-0.003978288008088,-0.983410343189219,0.920236573251436,0.48847244167839,-0.475916620994384,0.185788448261389,-0.87845808831902,-0.432284300951652,-0.391926470155279,-0.270890639840477,-0.106571991079944,0.0877376545918492,0.293783279216066
2005-10-01,0.0019071437207247,0.0049319802739726,1.8218601177728,0.0785135475548647,0.193295649758015,0.469494541959301,-0.607712983986239,-0.0716127419823893,1.77780692461247,-0.0450834817333716,0.761767164947212,1.05855216324933,-0.0851694974998219,0.549589027480646,-0.536053413183304,0.573351762569505,1.34303802927704,-0.390592043979301,-0.152183763105805,0.794095061296029,1.25840400496534,1.51633106417503,-0.691672893496954,0.559186015657287,1.54156343490299,0.203507455395243,0.816729879197326,-0.368961836167767,-0.368769597078406,-0.15056316141992,-0.0728119696208657,-0.208146073900903,0.008040388901674,0.074821169710056,-0.337114697442373,0.573254640157037,0.446096226230428,-0.536811354739718,-0.493022847663343,-0.411660830371538,-0.003978288008088,-0.983410343189219,0.920236573251436,0.48847244167839,-0.475916620994384,0.185788448261389,-0.87845808831902,-0.432284300951652,-0.391926470155279,-0.270890639840477,-0.106571991079944,0.0877376545918492,0.293783279216066
2005-11-01,0.000655887780821918,0.0033220997260274,1.09142111163979,0.60992774976791,0.876237599252181,0.547802297651718,-0.607712983986239,-0.0716127419823893,0.754833140757284,-0.0450834817333716,1.01751071672372,-0.136680753330093,0.104977781229342,0.905974276920192,-0.492240705500228,0.018172931740367,2.10438326142767,-0.094933396371656,-0.152183763105805,0.596398311180236,0.805089391294299,1.25402596835314,-0.691672893496954,0.54672310972974,1.23501595163124,0.904657393398556,0.816729879197326,-0.368961836167767,-0.368769597078406,-0.15056316141992,-0.0728119696208657,-0.208146073900903,0.008040388901674,0.074821169710056,-0.337114697442373,0.573254640157037,0.446096226230428,-0.536811354739718,-0.493022847663343,-0.411660830371538,-0.003978288008088,-0.983410343189219,0.920236573251436,0.48847244167839,-0.475916620994384,0.185788448261389,-0.87845808831902,-0.432284300951652,-0.391926470155279,-0.270890639840477,-0.106571991079944,0.0877376545918492,0.293783279216066
2005-12-01,0.000966739089703933,0.00268047780821918,0.998282655731337,1.13412797239079,1.4663665967327,0.489539603882351,-0.607712983986239,-0.0716127419823893,0.69176245758998,-0.0450834817333716,0.761767164947212,0.127349481763186,0.105207992318838,0.916464641910937,-0.482340373943896,0.037898337904173,2.7013134767627,0.00820838930456144,-0.152183763105805,-0.0337920450932885,0.0595071487847048,0.25690538907938,-0.639834844575479,0.527114280785412,0.706098761806739,1.0148387642096,0.816729879197326,-0.368961836167767,-0.368769597078406,-0.15056316141992,-0.0728119696208657,-0.208146073900903,0.008040388901674,0.074821169710056,-0.337114697442373,0.573254640157037,0.446096226230428,-0.536811354739718,-0.493022847663343,-0.411660830371538,-0.003978288008088,-0.983410343189219,0.920236573251436,0.48847244167839,-0.475916620994384,0.185788448261389,-0.87845808831902,-0.432284300951652,-0.391926470155279,-0.270890639840477,-0.106571991079944,0.0877376545918492,0.293783279216066
2006-01-01,0.00012833965532479,0.00104079780821918,-1.04581927480785,1.35995361955521,1.58171879560737,0.501390210678868,-0.607712983986239,-0.0716127419823893,-0.745147254389474,-0.0450834817333716,0.888701506550315,-0.856997667273635,0.496541265452735,1.25868572349809,1.70730778784682,-1.53680900037335,0.788050514682396,-0.110266615943981,-0.152183763105805,-0.503421171681784,-0.548027350846991,-0.498679991150423,2.73962100291154,0.460910192399362,-0.0568434548858662,1.25984502961472,0.816729879197326,-0.368961836167767,-0.368769597078406,-0.15056316141992,-0.0728119696208657,-0.208146073900903,0.008040388901674,0.074821169710056,-0.337114697442373,0.573254640157037,0.446096226230428,-0.536811354739718,-0.493022847663343,-0.411660830371538,-0.003978288008088,-0.983410343189219,0.920236573251436,0.48847244167839,-0.475916620994384,0.185788448261389,-0.87845808831902,-0.432284300951652,-0.391926470155279,-0.270890639840477,-0.106571991079944,0.0877376545918492,0.293783279216066
2006-02-01,4.82554990215265e-05,0.00050112,-1.06642578180193,1.3672524831969,1.05073546505399,0.757741612296833,-0.0508091530623396,-0.0716127419823893,-0.772129460395627,-0.0450834817333716,1.72433553001759,-0.941896884920657,1.5618706120486,1.90155727118834,2.82709542530059,-1.34656460536053,0.384820301633555,0.235660504725667,-0.152183763105805,-0.597576634238877,-0.597459772452858,-0.651169182029067,2.40975687145248,0.375519668036024,-0.565426629048662,2.34135766497125,0.816729879197326,-0.368961836167767,-0.368769597078406,-0.15056316141992,-0.0728119696208657,-0.208146073900903,0.008040388901674,0.074821169710056,-0.337114697442373,0.573254640157037,0.446096226230428,-0.536811354739718,-0.493022847663343,-0.411660830371538,-0.003978288008088,-0.983410343189219,0.920236573251436,0.48847244167839,-0.475916620994384,0.185788448261389,-0.87845808831902,-0.432284300951652,-0.391926470155279,-0.270890639840477,-0.106571991079944,0.0877376545918492,0.293783279216066
2006-03-01,3.02991780821918e-05,0.000157597808219178,-0.7198882739455,0.908521305695505,0.351768305907597,0.499787862468718,2.69807007824898,-0.0716127419823893,-0.762867797123966,-0.0450834817333716,0.888701506550315,-0.959104392483795,1.06759165085421,1.09703434037628,2.28340296765965,-1.48360326551482,-0.297698964288964,-0.263875456036077,-0.152183763105805,-0.600166417648116,-0.600961488063627,-0.655779958517535,1.30921437772459,0.335384098206709,-0.905958657815209,0.925645546097179,0.816729879197326,-0.368961836167767,-0.368769597078406,-0.15056316141992,-0.0728119696208657,-0.208146073900903,0.008040388901674,0.074821169710056,-0.337114697442373,0.573254640157037,0.446096226230428,-0.536811354739718,-0.493022847663343,-0.411660830371538,-0.003978288008088,-0.983410343189219,0.920236573251436,0.48847244167839,-0.475916620994384,0.185788448261389,-0.87845808831902,-0.432284300951652,-0.391926470155279,-0.270890639840477,-0.106571991079944,0.0877376545918492,0.293783279216066
2006-04-01,0.000176168328767123,0.000802270684931507,0.682498491398167,-0.482053594399819,-0.572392978364403,0.555754474287792,-0.175808290896991,-0.0716127419823893,-0.363093470339118,-0.0450834817333716,1.14867690452836,0.282577802234753,0.15393340500699,1.00105519813827,-0.511515601651768,0.803462724547547,-0.633232193249603,-0.439350842242993,-0.152183763105805,-0.603309534247012,-0.597107565039172,-0.660866200112271,-0.691672893496954,0.351416298057439,-0.925597269126927,0.648260217587534,0.816729879197326,-0.368961836167767,-0.368769597078406,-0.15056316141992,-0.0728119696208657,-0.208146073900903,0.008040388901674,0.074821169710056,-0.337114697442373,0.573254640157037,0.446096226230428,-0.536811354739718,-0.493022847663343,-0.411660830371538,-0.003978288008088,-0.983410343189219,0.920236573251436,0.48847244167839,-0.475916620994384,0.185788448261389,-0.87845808831902,-0.432284300951652,-0.391926470155279,-0.270890639840477,-0.106571991079944,0.0877376545918492,0.293783279216066
2006-05-01,0.000263628811312417,0.00132714082191781,-0.498217416643704,-1.02814851516446,-1.0624541482471,0.46612938629947,-0.440524085371324,-0.0716127419823893,-0.276239614790068,-0.0450834817333716,0.888701506550315,0.564322289403748,-0.104257653027838,0.528424145285035,-0.557325976374736,1.47035019795944,-1.07562258018795,-0.812122509885696,-0.152183763105805,-0.605348821315974,-0.590546217354889,-0.662975122568991,-0.691672893496954,0.404208986557096,-0.356964518910585,-0.258252578878322,0.816729879197326,-0.368961836167767,-0.368769597078406,-0.15056316141992,-0.0728119696208657,-0.208146073900903,0.008040388901674,0.074821169710056,-0.337114697442373,0.573254640157037,0.446096226230428,-0.536811354739718,-0.493022847663343,-0.411660830371538,-0.003978288008088,-0.983410343189219,0.920236573251436,0.48847244167839,-0.475916620994384,0.185788448261389,-0.87845808831902,-0.432284300951652,-0.391926470155279,-0.270890639840477,-0.106571991079944,0.0877376545918492,0.293783279216066
2006-06-01,0.000110673534246575,0.000551460821917808,-1.1042353812578,-1.45753645540218,-1.28510719153526,0.545755507270534,-0.607712983986239,-0.0716127419823893,-0.513834390165219,-0.0450834817333716,1.14867690452836,-0.519493485956444,-0.109819281263411,0.484893221592645,-0.574387862763924,0.789405046313332,-1.36426619951663,-0.939981054740917,-0.152183763105805,-0.602155888313911,-0.58058140703666,-0.657841988992792,-0.691672893496954,0.36828989837898,-0.191087156000964,-0.429545359424914,0.816729879197326,-0.368961836167767,-0.368769597078406,-0.15056316141992,-0.0728119696208657,-0.208146073900903,0.008040388901674,0.074821169710056,-0.337114697442373,0.573254640157037,0.446096226230428,-0.536811354739718,-0.493022847663343,-0.411660830371538,-0.003978288008088,-0.983410343189219,0.920236573251436,0.48847244167839,-0.475916620994384,0.185788448261389,-0.87845808831902,-0.432284300951652,-0.391926470155279,-0.270890639840477,-0.106571991079944,0.0877376545918492,0.293783279216066
2006-07-01,0.000474115280600971,0.0014971002739726,-0.0409352142767147,-1.37746193714561,-1.24664386287569,0.466118614210662,-0.607712983986239,-0.0716127419823893,0.109709192070995,-0.0450834817333716,0.888701506550315,0.454272009305116,-0.24986147042343,0.240896496692538,-0.601602284744345,1.23105985408279,-1.21621382840932,-1.09277559715491,-0.152183763105805,-0.327069979320043,-0.00369606876904224,-0.214438933438443,-0.691672893496954,0.408321534485976,0.240098372532083,-0.860514451697781,0.816729879197326,-0.368961836167767,-0.368769597078406,-0.15056316141992,-0.0728119696208657,-0.208146073900903,0.008040388901674,0.074821169710056,-0.337114697442373,0.573254640157037,0.446096226230428,-0.536811354739718,-0.493022847663343,-0.411660830371538,-0.003978288008088,-0.983410343189219,0.920236573251436,0.48847244167839,-0.475916620994384,0.185788448261389,-0.87845808831902,-0.432284300951652,-0.391926470155279,-0.270890639840477,-0.106571991079944,0.0877376545918492,0.293783279216066
2006-08-01,0.00034088187361909,0.00123984657534247,-1.24560812232945,-1.03533794681108,-0.82854514325873,0.46612938629947,-0.607712983986239,-0.0716127419823893,-0.654329368844267,-0.0450834817333716,0.888701506550315,-0.503699771210547,-0.195448413134332,0.325955885974188,-0.590916090050327,0.529476278457028,-0.645485313736689,-1.00830673573978,-0.152183763105805,-0.112103050904683,0.154886385866226,0.131301464687769,-0.691672893496954,0.42977577945755,0.460170423865671,-0.680827900588064,0.816729879197326,-0.368961836167767,-0.368769597078406,-0.15056316141992,-0.0728119696208657,-0.208146073900903,0.008040388901674,0.074821169710056,-0.337114697442373,0.573254640157037,0.446096226230428,-0.536811354739718,-0.493022847663343,-0.411660830371538,-0.003978288008088,-0.983410343189219,0.920236573251436,0.48847244167839,-0.475916620994384,0.185788448261389,-0.87845808831902,-0.432284300951652,-0.391926470155279,-0.270890639840477,-0.106571991079944,0.0877376545918492,0.293783279216066
2006-09-01,0.000225408876712329,0.00139810191780822,0.285408475655719,-0.656816898210501,-0.309649525386269,0.551550554421317,-0.607712983986239,-0.0716127419823893,0.19215226692419,-0.0450834817333716,1.14867690452836,-0.226503261414688,-0.025592804028178,0.660836123853241,-0.464776757175826,0.427910936009589,0.13320985791142,-0.766307965511241,-0.152183763105805,-0.27514654224281,-0.150580019793327,-0.131351420921364,-0.639302970169271,0.435917912615444,0.383562374921146,-0.058971507833965,0.816729879197326,-0.368961836167767,-0.368769597078406,-0.15056316141992,-0.0728119696208657,-0.208146073900903,0.008040388901674,0.074821169710056,-0.337114697442373,0.573254640157037,0.446096226230428,-0.536811354739718,-0.493022847663343,-0.411660830371538,-0.003978288008088,-0.983410343189219,0.920236573251436,0.48847244167839,-0.475916620994384,0.185788448261389,-0.87845808831902,-0.432284300951652,-0.391926470155279,-0.270890639840477,-0.106571991079944,0.0877376545918492,0.293783279216066
2006-10-01,0.000159428722934158,0.00112827616438356,-0.868875851037418,-0.21266743213371,0.560390690069845,0.50402217234268,-0.607712983986239,-0.0716127419823893,-0.621999937558929,-0.0450834817333716,0.888701506550315,-0.755444973147148,0.0220627701819181,0.692181219942127,0.149424078404518,-0.509612649924331,0.949552098980402,-0.6516311139736,-0.152183763105805,-0.244742027986786,-0.193760554811933,-0.0813112259209582,0.384003574885498,0.432038848803262,0.156621887184028,0.0854419744419199,0.816729879197326,-0.368961836167767,-0.368769597078406,-0.15056316141992,-0.0728119696208657,-0.208146073900903,0.008040388901674,0.074821169710056,-0.337114697442373,0.573254640157037,0.446096226230428,-0.536811354739718,-0.493022847663343,-0.411660830371538,-0.003978288008088,-0.983410343189219,0.920236573251436,0.48847244167839,-0.475916620994384,0.185788448261389,-0.87845808831902,-0.432284300951652,-0.391926470155279,-0.270890639840477,-0.106571991079944,0.0877376545918492,0.293783279216066
2006-11-01,3.90417534246575e-05,0.00051482301369863,-1.29721002930527,0.0275777294854878,0.889694093112485,0.583394700389729,-0.607712983986239,-0.0716127419823893,-0.777954704539794,-0.0450834817333716,1.14867690452836,-0.930260389338295,0.263122683720719,1.05869100934975,1.70884080504642,-1.34925601601414,0.0973297024180541,-0.384360013284064,-0.152183763105805,-0.552841965320706,-0.563016081589299,-0.57803112769647,2.10068658719126,0.378414690525048,-0.26030748423546,0.767652498476067,0.816729879197326,-0.368961836167767,-0.368769597078406,-0.15056316141992,-0.0728119696208657,-0.208146073900903,0.008040388901674,0.074821169710056,-0.337114697442373,0.573254640157037,0.446096226230428,-0.536811354739718,-0.493022847663343,-0.411660830371538,-0.003978288008088,-0.983410343189219,0.920236573251436,0.48847244167839,-0.475916620994384,0.185788448261389,-0.87845808831902,-0.432284300951652,-0.391926470155279,-0.270890639840477,-0.106571991079944,0.0877376545918492,0.293783279216066
2006-12-01,9.23687140963324e-06,0.000180269589041096,-0.684295839112348,0.646438666230003,1.56578095893034,0.508623967537947,-0.0211086164947475,-0.0716127419823893,-0.775150595236335,-0.0450834817333716,0.888702144260712,-0.960100265684998,2.58139907942658,1.06947507120096,2.34790979465925,-1.64556792963342,0.300634329739418,-0.291126980657362,-0.152183763105805,-0.601893230737968,-0.598441334745401,-0.658437019826807,1.36835844478535,0.338665853449685,-0.751025757440952,0.867548825832104,0.816729879197326,-0.368961836167767,-0.368769597078406,-0.15056316141992,-0.0728119696208657,-0.208146073900903,0.008040388901674,0.074821169710056,-0.337114697442373,0.573254640157037,0.446096226230428,-0.536811354739718,-0.493022847663343,-0.411660830371538,-0.003978288008088,-0.983410343189219,0.920236573251436,0.48847244167839,-0.475916620994384,0.185788448261389,-0.87845808831902,-0.432284300951652,-0.391926470155279,-0.270890639840477,-0.106571991079944,0.0877376545918492,0.293783279216066
2007-01-01,1.5765550154662e-05,4.95254794520548e-05,-0.399613276886206,1.46184156275017,1.53754793756803,0.502417953978223,2.61318111805821,-0.0716127419823893,-0.770792164345307,-0.0450834817333716,1.17079780281635,-0.95805006191208,3.25842720490909,1.53087171199024,1.79835366367241,-1.04638174866816,0.785601816036047,-0.278555639684911,-0.152183763105805,-0.598106345769501,-0.60096851495199,-0.652559914162648,0.610272180968414,0.320980080490212,-1.1829135585151,1.38353624807192,0.816729879197326,-0.368961836167767,-0.368769597078406,-0.15056316141992,-0.0728119696208657,-0.208146073900903,0.008040388901674,0.074821169710056,-0.337114697442373,0.573254640157037,0.446096226230428,-0.536811354739718,-0.493022847663343,-0.411660830371538,-0.003978288008088,-0.983410343189219,0.920236573251436,0.48847244167839,-0.475916620994384,0.185788448261389,-0.87845808831902,-0.432284300951652,-0.391926470155279,-0.270890639840477,-0.106571991079944,0.0877376545918492,0.293783279216066
2007-02-01,1.94254403131116e-05,3.94520547945205e-06,-0.680467714829856,1.76038212074508,1.06861898052209,0.7564093143686,1.93526980166646,-0.0716127419823893,-0.790255619082976,-0.0450834817333716,2.03665611059978,-0.967927479035758,2.85900720726418,2.20429359358212,3.06675737515585,-1.42636764253565,0.218501338788505,0.0479632350782342,-0.152183763105805,-0.601264978717135,-0.600170428281727,-0.657493357700592,0.697691689658329,0.313026047391422,-1.5116629601382,2.47833250916138,0.816729879197326,-0.368961836167767,-0.368769597078406,-0.15056316141992,-0.0728119696208657,-0.208146073900903,0.008040388901674,0.074821169710056,-0.337114697442373,0.573254640157037,0.446096226230428,-0.536811354739718,-0.493022847663343,-0.411660830371538,-0.003978288008088,-0.983410343189219,0.920236573251436,0.48847244167839,-0.475916620994384,0.185788448261389,-0.87845808831902,-0.432284300951652,-0.391926470155279,-0.270890639840477,-0.106571991079944,0.0877376545918492,0.293783279216066
2007-03-01,0.000149958532920901,5.60219178082192e-06,-0.599089416155066,0.908514025759697,0.383021066458346,0.495699892169271,-0.268879646262656,-0.0716127419823893,-0.788358090288014,-0.0450834817333716,1.17079780281635,-0.962697874657178,1.92259534821539,1.36153732719089,1.34742894673212,-0.827134633183183,-0.231551218134228,-0.4235474185454,-0.152182641596954,-0.60518117716692,-0.600138887113039,-0.663574307977906,0.712641370719225,0.306632825707838,-1.71262353382784,1.05021833283892,0.816729879197326,-0.368961836167767,-0.368769597078406,-0.15056316141992,-0.0728119696208657,-0.208146073900903,0.008040388901674,0.074821169710056,-0.337114697442373,0.573254640157037,0.446096226230428,-0.536811354739718,-0.493022847663343,-0.411660830371538,-0.003978288008088,-0.983410343189219,0.920236573251436,0.48847244167839,-0.475916620994384,0.185788448261389,-0.87845808831902,-0.432284300951652,-0.391926470155279,-0.270890639840477,-0.106571991079944,0.0877376545918492,0.293783279216066
2007-04-01,3.58136986301371e-05,6.39123287671233e-06,-1.21157673305492,0.246018900963101,-0.466637772439026,0.575028284574677,1.97080257191923,-0.0716127419823893,-0.798890312785154,-0.0450834817333716,1.44017560290343,-0.963071717784776,0.522580119519047,1.26099720569615,0.115120352269065,-0.597647371028795,-0.825935637076224,-0.589174539126682,-0.152183763105805,-0.599309401392318,-0.59976731110324,-0.653767439620715,-0.269092074648471,0.302619923247805,-1.81814176149884,0.778695782010011,0.816729879197326,-0.368961836167767,-0.368769597078406,-0.15056316141992,-0.0728119696208657,-0.208146073900903,0.008040388901674,0.074821169710056,-0.337114697442373,0.573254640157037,0.446096226230428,-0.536811354739718,-0.493022847663343,-0.411660830371538,-0.003978288008088,-0.983410343189219,0.920236573251436,0.48847244167839,-0.475916620994384,0.185788448261389,-0.87845808831902,-0.432284300951652,-0.391926470155279,-0.270890639840477,-0.106571991079944,0.0877376545918492,0.293783279216066
2007-05-01,0.000630573645603183,0.00147776876712329,1.85826958180475,-0.132632982643828,-0.884745092736199,0.46615108008943,-0.273335199623783,-0.0716127419823893,-0.103803593517775,-0.0450834817333716,1.17079780281635,2.31083581445842,-0.291611328134243,0.765906570135777,-0.542988851893971,1.29147458161467,-0.992187359169065,-0.941024337262937,-0.152183763105805,-0.599847355095541,-0.568786544144635,-0.654639604285659,-0.67824201552955,0.372508637005692,-1.47654614428025,-0.130090292257503,0.816729879197326,-0.368961836167767,-0.368769597078406,-0.15056316141992,-0.0728119696208657,-0.208146073900903,0.008040388901674,0.074821169710056,-0.337114697442373,0.573254640157037,0.446096226230428,-0.536811354739718,-0.493022847663343,-0.411660830371538,-0.003978288008088,-0.983410343189219,0.920236573251436,0.48847244167839,-0.475916620994384,0.185788448261389,-0.87845808831902,-0.432284300951652,-0.391926470155279,-0.270890639840477,-0.106571991079944,0.0877376545918492,0.293783279216066
2007-06-01,0.000516702684931508,0.00165227835616438,-1.1560634817035,-1.4575267002882,-1.28591599701893,0.544319789809129,-0.607712983986239,-0.0716127419823893,-0.502890859456634,-0.0450834817333716,1.44017560290343,0.123211249283817,-0.2836425271945,0.720307596792755,-0.533961118738539,1.41092022390321,-1.34281521178381,-1.0617050335424,-0.152183763105805,-0.600244121129168,-0.597102842231219,-0.654679982005273,-0.691672893496954,0.433723116778965,-0.503196157024837,-0.295674395278908,0.816729879197326,-0.368961836167767,-0.368769597078406,-0.15056316141992,-0.0728119696208657,-0.208146073900903,0.008040388901674,0.074821169710056,-0.337114697442373,0.573254640157037,0.446096226230428,-0.536811354739718,-0.493022847663343,-0.411660830371538,-0.003978288008088,-0.983410343189219,0.920236573251436,0.48847244167839,-0.475916620994384,0.185788448261389,-0.87845808831902,-0.432284300951652,-0.391926470155279,-0.270890639840477,-0.106571991079944,0.0877376545918492,0.293783279216066
2007-07-01,0.00091295872735307,0.00164380931506849,-0.139729045573279,-1.43570136537482,-1.2481105427725,0.466118614210662,-0.607712983986239,-0.0716127419823893,0.106381118215782,-0.0450834817333716,1.17079780281635,0.602421467034926,-0.564008419138105,0.464714692015145,-0.561895667327494,1.29088929464196,-1.20931394950366,-1.20592563198657,-0.152183763015862,-0.586847415339616,-0.540053535402907,-0.634930587346485,-0.691672893496954,0.400127246343951,-0.021581425844423,-0.730335640732598,0.816729879197326,-0.368961836167767,-0.368769597078406,-0.15056316141992,-0.0728119696208657,-0.208146073900903,0.008040388901674,0.074821169710056,-0.337114697442373,0.573254640157037,0.446096226230428,-0.536811354739718,-0.493022847663343,-0.411660830371538,-0.003978288008088,-0.983410343189219,0.920236573251436,0.48847244167839,-0.475916620994384,0.185788448261389,-0.87845808831902,-0.432284300951652,-0.391926470155279,-0.270890639840477,-0.106571991079944,0.0877376545918492,0.293783279216066
2007-08-01,0.00128235383119753,0.00305061698630137,0.698241901631553,-0.977086725085853,-0.861955215222788,0.466118614210662,-0.607712983986239,-0.0716127419823893,1.41563396216807,-0.0450834817333716,1.17079780281635,1.1287131852814,-0.425421487775466,0.553815963186183,-0.573528261342347,0.78630039210954,-0.630647462735639,-1.12619855092033,-0.152183763105805,0.419487071629003,1.38147034603646,0.976444966925852,-0.691672893496954,0.509851239339305,0.746711847601263,-0.55133112104455,0.816729879197326,-0.368961836167767,-0.368769597078406,-0.15056316141992,-0.0728119696208657,-0.208146073900903,0.008040388901674,0.074821169710056,-0.337114697442373,0.573254640157037,0.446096226230428,-0.536811354739718,-0.493022847663343,-0.411660830371538,-0.003978288008088,-0.983410343189219,0.920236573251436,0.48847244167839,-0.475916620994384,0.185788448261389,-0.87845808831902,-0.432284300951652,-0.391926470155279,-0.270890639840477,-0.106571991079944,0.0877376545918492,0.293783279216066
2007-09-01,0.000230928657534247,0.00161024876712329,-0.248403804104788,-0.744178573971983,-0.369738162198591,0.544319789809129,-0.607712983986239,-0.0716127419823893,-0.167381358782996,-0.0450834817333716,1.44017560290343,-0.504331231577473,-7.60796959206992e-05,0.904609927652042,-0.545388266526029,-0.234142490499241,0.0663118109868731,-0.897783886569009,-0.152183763105805,-0.0617507082337788,-0.244845687833966,0.201869712039619,-0.691672893496954,0.520292797998459,0.603618727532194,0.0735447692972011,0.816729879197326,-0.368961836167767,-0.368769597078406,-0.15056316141992,-0.0728119696208657,-0.208146073900903,0.008040388901674,0.074821169710056,-0.337114697442373,0.573254640157037,0.446096226230428,-0.536811354739718,-0.493022847663343,-0.411660830371538,-0.003978288008088,-0.983410343189219,0.920236573251436,0.48847244167839,-0.475916620994384,0.185788448261389,-0.87845808831902,-0.432284300951652,-0.391926470155279,-0.270890639840477,-0.106571991079944,0.0877376545918492,0.293783279216066
2007-10-01,0.000282957772867873,0.00135373150684932,-0.742219896662335,-0.241801152844812,0.34997781195308,0.476935511915585,-0.607712983986239,-0.0716127419823893,-0.616202718955499,-0.0450834817333716,1.17079780281635,-0.642379124829647,0.0647841967280629,0.937444921091411,-0.387105477728597,-0.553431261299896,0.860813310517044,-0.789541983914644,-0.152183763105805,-0.100800696205264,0.145149375162292,0.147719892624421,0.432909026642578,0.515315941297323,0.361075181346145,0.212415213684672,0.816729879197326,-0.368961836167767,-0.368769597078406,-0.15056316141992,-0.0728119696208657,-0.208146073900903,0.008040388901674,0.074821169710056,-0.337114697442373,0.573254640157037,0.446096226230428,-0.536811354739718,-0.493022847663343,-0.411660830371538,-0.003978288008088,-0.983410343189219,0.920236573251436,0.48847244167839,-0.475916620994384,0.185788448261389,-0.87845808831902,-0.432284300951652,-0.391926470155279,-0.270890639840477,-0.106571991079944,0.0877376545918492,0.293783279216066
2007-11-01,0.000114955397260274,0.00084401095890411,-1.27565324221252,0.537209053370794,1.033262670878,0.576527400267086,-0.607712983986239,-0.0716127419823893,-0.731372485858132,-0.0450834817333716,1.44017560290343,-0.888937265530229,0.32574197874808,1.32137253466826,0.186596065627324,-1.51427246576606,0.40436187955696,-0.537268797040143,-0.152183763105805,-0.499277355541621,-0.536750063053476,-0.492203067525244,1.68219886787636,0.465224852485327,-0.163740619097922,0.897760149307019,0.816729879197326,-0.368961836167767,-0.368769597078406,-0.15056316141992,-0.0728119696208657,-0.208146073900903,0.008040388901674,0.074821169710056,-0.337114697442373,0.573254640157037,0.446096226230428,-0.536811354739718,-0.493022847663343,-0.411660830371538,-0.003978288008088,-0.983410343189219,0.920236573251436,0.48847244167839,-0.475916620994384,0.185788448261389,-0.87845808831902,-0.432284300951652,-0.391926470155279,-0.270890639840477,-0.106571991079944,0.0877376545918492,0.293783279216066
2007-12-01,5.06182589482986e-05,0.000501093698630137,0.171660433519967,1.14146993325247,1.38132524420276,0.495189714074349,-0.188297492591758,-0.0716127419823893,-0.523366574427782,-0.0450834817333716,1.17079780281635,-0.567723662829894,0.240924583028886,1.33266893187161,0.412450682328827,-1.11576343367558,0.79919212478061,-0.449266899434259,-0.152183763105805,-0.596855628125881,-0.598066705055037,-0.649529252264272,1.01674235460847,0.419259853455282,-0.590587511306156,0.992339901093717,0.816729879197326,-0.368961836167767,-0.368769597078406,-0.15056316141992,-0.0728119696208657,-0.208146073900903,0.008040388901674,0.074821169710056,-0.337114697442373,0.573254640157037,0.446096226230428,-0.536811354739718,-0.493022847663343,-0.411660830371538,-0.003978288008088,-0.983410343189219,0.920236573251436,0.48847244167839,-0.475916620994384,0.185788448261389,-0.87845808831902,-0.432284300951652,-0.391926470155279,-0.270890639840477,-0.106571991079944,0.0877376545918492,0.293783279216066
2008-01-01,1.90930976579761e-05,0.000269141917808219,-1.53535319533225,1.56374872497567,1.77804220705911,0.506514807510628,-0.0211086164947475,-0.0716127419823893,-0.804120901461283,-0.0450834817333716,1.60803756014377,-0.95427710369321,3.46099547745006,1.92220711322573,3.51160764845904,-1.83920534670103,0.0612261195833029,-0.455806160591927,-0.152183763105805,-0.607235829704075,-0.597644108337366,-0.667220260027641,2.88777802806716,0.396761757309487,-0.970804929482163,1.63072155218202,0.816729879197326,-0.368961836167767,-0.368769597078406,-0.15056316141992,-0.0728119696208657,-0.208146073900903,0.008040388901674,0.074821169710056,-0.337114697442373,0.573254640157037,0.446096226230428,-0.536811354739718,-0.493022847663343,-0.411660830371538,-0.003978288008088,-0.983410343189219,0.920236573251436,0.48847244167839,-0.475916620994384,0.185788448261389,-0.87845808831902,-0.432284300951652,-0.391926470155279,-0.270890639840477,-0.106571991079944,0.0877376545918492,0.293783279216066
2008-02-01,8.74366367501181e-05,9.68942465753425e-05,0.0871432022074648,0.988700771506694,0.837192125634515,0.654058387368133,2.3951331749305,-0.0716127419823893,-0.739648225079386,-0.0450834817333716,2.19552571351705,-0.947452143718034,1.42015017971072,2.39443379756962,1.60273722402021,-0.905682398112562,0.562427909021961,-0.251779340786348,-0.152183763105805,-0.597272445778243,-0.601203187518902,-0.651097343809529,0.889257763502343,0.37178324507619,-1.34800549471267,2.37142065803123,0.816729879197326,-0.368961836167767,-0.368769597078406,-0.15056316141992,-0.0728119696208657,-0.208146073900903,0.008040388901674,0.074821169710056,-0.337114697442373,0.573254640157037,0.446096226230428,-0.536811354739718,-0.493022847663343,-0.411660830371538,-0.003978288008088,-0.983410343189219,0.920236573251436,0.48847244167839,-0.475916620994384,0.185788448261389,-0.87845808831902,-0.432284300951652,-0.391926470155279,-0.270890639840477,-0.106571991079944,0.0877376545918492,0.293783279216066
2008-03-01,2.77258859920459e-05,2.35134246575342e-05,-0.809339729612831,0.952222469157024,0.426362284875295,0.499470871313699,2.19941655905191,-0.0716127419823893,-0.781304153807433,-0.0450834817333716,1.60803756014377,-0.957075411284264,2.67587406879854,1.7418276527882,1.40373248751765,-1.10788486293256,-0.169598454720483,-0.591721630308169,-0.152183763105805,-0.599334101164786,-0.600471649499189,-0.654485649017208,0.780924565140866,0.362067416892866,-1.59305951192531,1.29518228681288,0.816729879197326,-0.368961836167767,-0.368769597078406,-0.15056316141992,-0.0728119696208657,-0.208146073900903,0.008040388901674,0.074821169710056,-0.337114697442373,0.573254640157037,0.446096226230428,-0.536811354739718,-0.493022847663343,-0.411660830371538,-0.003978288008088,-0.983410343189219,0.920236573251436,0.48847244167839,-0.475916620994384,0.185788448261389,-0.87845808831902,-0.432284300951652,-0.391926470155279,-0.270890639840477,-0.106571991079944,0.0877376545918492,0.293783279216066
2008-04-01,8.64447123287671e-05,0.000112385753424658,-0.599078553553918,-0.045202700767285,-0.552832050809479,0.563002631335034,2.21001155464794,-0.0716127419823893,-0.748368477353857,-0.0450834817333716,1.89199023137856,-0.586505780785434,0.0682376520988696,1.63473040514779,-0.450247574922301,0.252187752396993,-0.755376369952994,-0.746976184838702,-0.152183763105805,-0.603720325900073,-0.601189405952484,-0.661524898084328,-0.59342253093005,0.370745939130953,-1.66900088027624,1.02813945875852,0.816729879197326,-0.368961836167767,-0.368769597078406,-0.15056316141992,-0.0728119696208657,-0.208146073900903,0.008040388901674,0.074821169710056,-0.337114697442373,0.573254640157037,0.446096226230428,-0.536811354739718,-0.493022847663343,-0.411660830371538,-0.003978288008088,-0.983410343189219,0.920236573251436,0.48847244167839,-0.475916620994384,0.185788448261389,-0.87845808831902,-0.432284300951652,-0.391926470155279,-0.270890639840477,-0.106571991079944,0.0877376545918492,0.293783279216066
2008-05-01,7.29998762704375e-05,0.00028852602739726,-1.02511697942182,-0.649475228546256,-1.08144594053711,0.474240806574776,-0.0211086164947475,-0.0716127419823893,-0.751874224919555,-0.0450834817333716,1.60803756014377,-0.535168741086521,-0.191845674615095,1.10734618816557,-0.45254392194243,0.390999308143584,-1.19725223635677,-1.07679059705846,-0.152183763105805,-0.598554242416427,-0.596031362329602,-0.653116537241302,-0.599836867661852,0.391527605400002,-1.57394729840374,0.107570131723396,0.816729879197326,-0.368961836167767,-0.368769597078406,-0.15056316141992,-0.0728119696208657,-0.208146073900903,0.008040388901674,0.074821169710056,-0.337114697442373,0.573254640157037,0.446096226230428,-0.536811354739718,-0.493022847663343,-0.411660830371538,-0.003978288008088,-0.983410343189219,0.920236573251436,0.48847244167839,-0.475916620994384,0.185788448261389,-0.87845808831902,-0.432284300951652,-0.391926470155279,-0.270890639840477,-0.106571991079944,0.0877376545918492,0.293783279216066
2008-06-01,0.000194924712328767,0.000499962739726027,-0.103031857271239,-0.846011946768126,-1.20030349101392,0.544359998126727,0.0848258021117663,-0.0716127419823893,-0.394899194205762,-0.0450834817333716,1.89199023137856,0.35376021420248,-0.165484987468865,1.05877282973375,-0.607745502758766,0.728065967138561,-1.31489525859361,-1.18991166640298,-0.15218376241868,-0.602398193616729,-0.586747611674661,-0.659161272914208,-0.633531369199911,0.403535730761917,-1.38160762913811,-0.052676240013086,0.816729879197326,-0.368961836167767,-0.368769597078406,-0.15056316141992,-0.0728119696208657,-0.208146073900903,0.008040388901674,0.074821169710056,-0.337114697442373,0.573254640157037,0.446096226230428,-0.536811354739718,-0.493022847663343,-0.411660830371538,-0.003978288008088,-0.983410343189219,0.920236573251436,0.48847244167839,-0.475916620994384,0.185788448261389,-0.87845808831902,-0.432284300951652,-0.391926470155279,-0.270890639840477,-0.106571991079944,0.0877376545918492,0.293783279216066
2008-07-01,0.000268794060980999,0.00156782465753425,-0.249928608075946,-1.61043161827693,-1.24384975958305,0.466118614210662,-0.106146259189903,-0.0716127419823893,-0.179583820806757,-0.0450834817333716,1.60803756014377,0.358793775122454,-0.304392595797977,0.786509979668747,-0.614272162981223,1.40936972921647,-1.23152602803403,-1.3251017435415,-0.152183763105805,-0.54451173603154,-0.395478073900274,-0.565361553120041,-0.691672893496954,0.464680921386976,-0.658080489476238,-0.4961558127767,0.816729879197326,-0.368961836167767,-0.368769597078406,-0.15056316141992,-0.0728119696208657,-0.208146073900903,0.008040388901674,0.074821169710056,-0.337114697442373,0.573254640157037,0.446096226230428,-0.536811354739718,-0.493022847663343,-0.411660830371538,-0.003978288008088,-0.983410343189219,0.920236573251436,0.48847244167839,-0.475916620994384,0.185788448261389,-0.87845808831902,-0.432284300951652,-0.391926470155279,-0.270890639840477,-0.106571991079944,0.0877376545918492,0.293783279216066
2008-08-01,0.000182825064074238,0.000984618082191781,-0.953022856175233,-1.4138805149019,-0.921896305347775,0.466118614210662,-0.189740697238408,-0.0716127419823893,-0.602841587881647,-0.0450834817333716,1.60803756014377,-0.496991563130451,-0.176109670017373,0.881422752108696,-0.568903388034008,0.967403139402409,-0.780071467669841,-1.25036850419093,-0.152183763105805,-0.272114765526335,-0.0927131818292112,-0.125683788217649,-0.691672893496954,0.455941460810069,-0.36775920582122,-0.316212508209689,0.816729879197326,-0.368961836167767,-0.368769597078406,-0.15056316141992,-0.0728119696208657,-0.208146073900903,0.008040388901674,0.074821169710056,-0.337114697442373,0.573254640157037,0.446096226230428,-0.536811354739718,-0.493022847663343,-0.411660830371538,-0.003978288008088,-0.983410343189219,0.920236573251436,0.48847244167839,-0.475916620994384,0.185788448261389,-0.87845808831902,-0.432284300951652,-0.391926470155279,-0.270890639840477,-0.106571991079944,0.0877376545918492,0.293783279216066
2008-09-01,0.000473261589041096,0.00192978410958904,0.960666275915567,-0.74417135227566,-0.310424393889875,0.544336995228752,-0.262189255249588,-0.0716127419823893,0.492596152665349,-0.0450834817333716,1.89199023137856,0.354660190237502,0.0905382133446595,1.25509734742854,-0.530224816022555,1.09144366448318,0.0860170522510015,-1.03626059924138,-0.152183763105805,0.0249413614369573,0.724645727820355,0.353804286811861,-0.691672893496954,0.500020643951204,-0.203287761632019,0.318549111455453,0.816729879197326,-0.368961836167767,-0.368769597078406,-0.15056316141992,-0.0728119696208657,-0.208146073900903,0.008040388901674,0.074821169710056,-0.337114697442373,0.573254640157037,0.446096226230428,-0.536811354739718,-0.493022847663343,-0.411660830371538,-0.003978288008088,-0.983410343189219,0.920236573251436,0.48847244167839,-0.475916620994384,0.185788448261389,-0.87845808831902,-0.432284300951652,-0.391926470155279,-0.270890639840477,-0.106571991079944,0.0877376545918492,0.293783279216066
2008-10-01,0.000179283711886876,0.00164457205479452,-1.28621644852788,-0.103437236879636,0.384095934139779,0.479651911046353,-0.607712983986239,-0.0716127419823893,-0.754028028356163,-0.0450834817333716,1.60803756014377,-0.83613298747968,0.179733810675519,1.29007364568328,-0.00097848523956753,-0.258030940284671,0.660772447784106,-0.934797099910726,-0.152183763105805,0.157080163976444,0.0919173417249806,0.567525594731256,0.220890413196288,0.525000058974706,-0.309730006299987,0.452014030105797,0.816729879197326,-0.368961836167767,-0.368769597078406,-0.15056316141992,-0.0728119696208657,-0.208146073900903,0.008040388901674,0.074821169710056,-0.337114697442373,0.573254640157037,0.446096226230428,-0.536811354739718,-0.493022847663343,-0.411660830371538,-0.003978288008088,-0.983410343189219,0.920236573251436,0.48847244167839,-0.475916620994384,0.185788448261389,-0.87845808831902,-0.432284300951652,-0.391926470155279,-0.270890639840477,-0.106571991079944,0.0877376545918492,0.293783279216066
2008-11-01,0.000156194191780822,0.00109826630136986,1.03932883452963,0.187765145820216,0.770094834877453,0.558981986590636,-0.116280538466637,-0.0716127419823893,0.0113674426930947,-0.0450834817333716,1.89199023137856,-0.357204604897874,0.400353204985421,1.6990434809751,0.0709988019074614,-0.150743847594297,0.943638588647167,-0.698319872813965,-0.152182641206457,-0.544058718115235,-0.607224956438199,-0.564916939020422,0.0430959987392375,0.486341679617883,-0.643873390870615,1.14798105819731,0.816729879197326,-0.368961836167767,-0.368769597078406,-0.15056316141992,-0.0728119696208657,-0.208146073900903,0.008040388901674,0.074821169710056,-0.337114697442373,0.573254640157037,0.446096226230428,-0.536811354739718,-0.493022847663343,-0.411660830371538,-0.003978288008088,-0.983410343189219,0.920236573251436,0.48847244167839,-0.475916620994384,0.185788448261389,-0.87845808831902,-0.432284300951652,-0.391926470155279,-0.270890639840477,-0.106571991079944,0.0877376545918492,0.293783279216066
2008-12-01,0.000548266478126382,0.00118208876712329,0.0288227943758963,0.471713218085526,1.10451120258694,0.473126849161873,0.732684691430624,-0.0716127419823893,-0.409942459663839,-0.0450834817333716,1.60803756014377,-0.259982261833891,0.605725630684329,1.71107558543291,-0.258132067388262,0.115717140939551,1.30257204948187,-0.615828037142044,-0.15218376176772,-0.595731051598656,-0.583466988028958,-0.649984758102665,-0.0621563998831251,0.451315450952247,-0.692189643581194,1.23699373150971,0.816729879197326,-0.368961836167767,-0.368769597078406,-0.15056316141992,-0.0728119696208657,-0.208146073900903,0.008040388901674,0.074821169710056,-0.337114697442373,0.573254640157037,0.446096226230428,-0.536811354739718,-0.493022847663343,-0.411660830371538,-0.003978288008088,-0.983410343189219,0.920236573251436,0.48847244167839,-0.475916620994384,0.185788448261389,-0.87845808831902,-0.432284300951652,-0.391926470155279,-0.270890639840477,-0.106571991079944,0.0877376545918492,0.293783279216066
2009-01-01,9.18308086610693e-05,0.000272429589041096,-1.49071899164627,1.28712805370042,1.67494811990156,0.507864984114036,-0.0211086164947475,-0.0716127419823893,-0.808202872569137,-0.0450834817333716,0.919374738986711,-0.945552614235533,3.22461753433028,1.46658117621361,3.09075136488631,-1.19252296501916,0.416491221046859,-0.685131560117922,-0.152183763105805,-0.599837713865559,-0.594057101134478,-0.656096362105524,2.91512535806164,0.398001739655686,-1.04270385224995,0.877267953895286,0.816729879197326,-0.368961836167767,-0.368769597078406,-0.15056316141992,-0.0728119696208657,-0.208146073900903,0.008040388901674,0.074821169710056,-0.337114697442373,0.573254640157037,0.446096226230428,-0.536811354739718,-0.493022847663343,-0.411660830371538,-0.003978288008088,-0.983410343189219,0.920236573251436,0.48847244167839,-0.475916620994384,0.185788448261389,-0.87845808831902,-0.432284300951652,-0.391926470155279,-0.270890639840477,-0.106571991079944,0.0877376545918492,0.293783279216066
2009-02-01,2.54353033268102e-05,5.32339726027397e-05,-0.4264417471579,1.23623460485745,0.902863690636305,0.764308172905384,2.40915185701332,-0.0716127419823893,-0.801142831762788,-0.0450834817333716,1.7582948841352,-0.968080659424374,1.24672507034684,2.13278573357516,1.94501987762348,-1.36904494590318,0.224923343244523,-0.405498884276868,-0.152183763105805,-0.598809444501346,-0.599585336954797,-0.653886796964961,0.323868145123,0.372624307000673,-1.43916650474376,1.91396893715482,0.816729879197326,-0.368961836167767,-0.368769597078406,-0.15056316141992,-0.0728119696208657,-0.208146073900903,0.008040388901674,0.074821169710056,-0.337114697442373,0.573254640157037,0.446096226230428,-0.536811354739718,-0.493022847663343,-0.411660830371538,-0.003978288008088,-0.983410343189219,0.920236573251436,0.48847244167839,-0.475916620994384,0.185788448261389,-0.87845808831902,-0.432284300951652,-0.391926470155279,-0.270890639840477,-0.106571991079944,0.0877376545918492,0.293783279216066
2009-03-01,9.63520989836499e-05,6.73841095890411e-05,-0.194469373477511,0.733793236774136,0.171417506446395,0.479844910970825,2.1174058695405,-0.0716127419823893,-0.751493141292653,-0.0450834817333716,0.919374738986711,-0.837093785754186,0.416519428298417,1.29906126549465,-0.227700908684533,-0.0575954666081542,-0.0708290664306226,-0.809306534985973,-0.152183763105805,-0.604798866153597,-0.600353265630103,-0.663744056836933,-0.407338095813259,0.372515069385901,-1.63558499647618,0.567809839345344,0.816729879197326,-0.368961836167767,-0.368769597078406,-0.15056316141992,-0.0728119696208657,-0.208146073900903,0.008040388901674,0.074821169710056,-0.337114697442373,0.573254640157037,0.446096226230428,-0.536811354739718,-0.493022847663343,-0.411660830371538,-0.003978288008088,-0.983410343189219,0.920236573251436,0.48847244167839,-0.475916620994384,0.185788448261389,-0.87845808831902,-0.432284300951652,-0.391926470155279,-0.270890639840477,-0.106571991079944,0.0877376545918492,0.293783279216066
2009-04-01,0.000130222465753425,0.000296284931506849,-0.103432337136728,-0.0743055545505594,-0.544342527398038,0.558970391633933,-0.0879360622565591,-0.0716127419823893,-0.703314937616244,-0.0450834817333716,1.18037174902246,-0.077866634912037,0.148432906269757,1.1995985584228,-0.270744711939088,0.546561853060373,-0.730420961254187,-0.951140413810986,-0.152183763105805,-0.598413740902858,-0.600651681288126,-0.653245421013836,-0.230471808697635,0.390026039591983,-1.64536456474061,0.322179720736402,0.816729879197326,-0.368961836167767,-0.368769597078406,-0.15056316141992,-0.0728119696208657,-0.208146073900903,0.008040388901674,0.074821169710056,-0.337114697442373,0.573254640157037,0.446096226230428,-0.536811354739718,-0.493022847663343,-0.411660830371538,-0.003978288008088,-0.983410343189219,0.920236573251436,0.48847244167839,-0.475916620994384,0.185788448261389,-0.87845808831902,-0.432284300951652,-0.391926470155279,-0.270890639840477,-0.106571991079944,0.0877376545918492,0.293783279216066
2009-05-01,0.000159740097216085,0.000449385205479452,-1.19764740414543,-0.62034849657353,-1.00641199175469,0.471497290206558,-0.104703054543253,-0.0716127419823893,-0.752061549298338,-0.0450834817333716,0.919374738986711,-0.541513788300604,-0.396698571835195,0.70981294919238,-0.542874118318675,1.04636496228871,-1.15562103358971,-1.25244210438336,-0.152183763105805,-0.606463993816617,-0.59710260006214,-0.666061140462872,-0.691672893496954,0.415703988536395,-1.39212111268126,-0.527392226833919,0.816729879197326,-0.368961836167767,-0.368769597078406,-0.15056316141992,-0.0728119696208657,-0.208146073900903,0.008040388901674,0.074821169710056,-0.337114697442373,0.573254640157037,0.446096226230428,-0.536811354739718,-0.493022847663343,-0.411660830371538,-0.003978288008088,-0.983410343189219,0.920236573251436,0.48847244167839,-0.475916620994384,0.185788448261389,-0.87845808831902,-0.432284300951652,-0.391926470155279,-0.270890639840477,-0.106571991079944,0.0877376545918492,0.293783279216066
2009-06-01,0.000966536767123287,0.00407289863013699,2.4197762876277,-1.16633407270233,-1.35728180226282,0.544313992330778,-0.434951119617913,-0.0716127419823893,1.12041792522924,-0.0450834817333716,1.18037174902246,4.22027281536273,-0.362597705182734,0.664701967946754,-0.592904393001502,1.66455973575756,-1.38291309284603,-1.3557800519165,-0.152183763105805,-0.597666961515222,-0.564893298124015,-0.656089315782521,-0.691672893496954,0.473869407241961,-0.438190543324108,-0.674506188122708,0.816729879197326,-0.368961836167767,-0.368769597078406,-0.15056316141992,-0.0728119696208657,-0.208146073900903,0.008040388901674,0.074821169710056,-0.337114697442373,0.573254640157037,0.446096226230428,-0.536811354739718,-0.493022847663343,-0.411660830371538,-0.003978288008088,-0.983410343189219,0.920236573251436,0.48847244167839,-0.475916620994384,0.185788448261389,-0.87845808831902,-0.432284300951652,-0.391926470155279,-0.270890639840477,-0.106571991079944,0.0877376545918492,0.293783279216066
2009-07-01,0.00125346389748122,0.00346502136986301,0.596656561386907,-1.34834682395043,-1.17983126394863,0.466118614210662,-0.607712983986239,-0.0716127419823893,1.00238776567135,-0.0450834817333716,0.919374738986711,1.37382281131111,-0.569469031961526,0.411849257131297,-0.618294822035605,1.28025748620081,-1.08697098873196,-1.4792869260687,-0.152183763105805,0.186261789564811,1.25195408188009,0.589973963681534,-0.691672893496954,0.538407396305178,0.850495611724199,-1.08411353699224,0.816729879197326,-0.368961836167767,-0.368769597078406,-0.15056316141992,-0.0728119696208657,-0.208146073900903,0.008040388901674,0.074821169710056,-0.337114697442373,0.573254640157037,0.446096226230428,-0.536811354739718,-0.493022847663343,-0.411660830371538,-0.003978288008088,-0.983410343189219,0.920236573251436,0.48847244167839,-0.475916620994384,0.185788448261389,-0.87845808831902,-0.432284300951652,-0.391926470155279,-0.270890639840477,-0.106571991079944,0.0877376545918492,0.293783279216066
2009-08-01,0.00380187149801149,0.00863792219178082,4.12151676999188,-0.889729999680721,-0.867055635937259,0.466118614210662,-0.607712983986239,-0.0716127419823893,4.82004322962441,-0.0450834817333716,0.919374101276314,3.28427107832138,-0.408063456016095,0.499994604752652,-0.608563231984309,1.05296674687477,-0.483017628114182,-1.41101614026018,-0.152183758097577,1.78258674324843,3.72736860413451,2.80751575140785,-0.691672893496954,0.609070139814848,1.85119252835072,-0.918194308203542,0.816729879197326,-0.368961836167767,-0.368769597078406,-0.15056316141992,-0.0728119696208657,-0.208146073900903,0.008040388901674,0.074821169710056,-0.337114697442373,0.573254640157037,0.446096226230428,-0.536811354739718,-0.493022847663343,-0.411660830371538,-0.003978288008088,-0.983410343189219,0.920236573251436,0.48847244167839,-0.475916620994384,0.185788448261389,-0.87845808831902,-0.432284300951652,-0.391926470155279,-0.270890639840477,-0.106571991079944,0.0877376545918492,0.293783279216066
2009-09-01,0.00221199693150685,0.00835310465753425,2.10131319039471,-0.656824178146309,-0.436498567105993,0.544313992330778,-0.607712983986239,-0.0716127419823893,2.8921673684168,-0.0450834817333716,1.18037174902246,1.0607143754888,-0.0856887369502678,0.847030466567286,-0.574626553072132,0.368809303601543,0.254461888115397,-1.21542252274305,-0.152183763105805,4.22337450687431,4.0800211950931,4.27083537416732,-0.691672893496954,0.6130866534357,2.3652548019723,-0.332210796901203,0.816729879197326,-0.368961836167767,-0.368769597078406,-0.15056316141992,-0.0728119696208657,-0.208146073900903,0.008040388901674,0.074821169710056,-0.337114697442373,0.573254640157037,0.446096226230428,-0.536811354739718,-0.493022847663343,-0.411660830371538,-0.003978288008088,-0.983410343189219,0.920236573251436,0.48847244167839,-0.475916620994384,0.185788448261389,-0.87845808831902,-0.432284300951652,-0.391926470155279,-0.270890639840477,-0.106571991079944,0.0877376545918492,0.293783279216066
2009-10-01,0.00101307955810871,0.00398644602739726,-0.574068626352212,-0.416514953091996,0.201717175011783,0.466118614210662,-0.607712983986239,-0.0716127419823893,-0.448440840209792,-0.0450834817333716,0.919374101276314,-0.289809117710657,0.0821783570325527,0.87951248281288,-0.568405243568697,-0.614077212476955,1.20923518384628,-1.12272899228649,-0.152183763105805,4.00898763853257,1.35187539418904,2.12313138129627,-0.691672893496954,0.550037478268861,2.08995955059588,-0.209776901086001,0.816729879197326,-0.368961836167767,-0.368769597078406,-0.15056316141992,-0.0728119696208657,-0.208146073900903,0.008040388901674,0.074821169710056,-0.337114697442373,0.573254640157037,0.446096226230428,-0.536811354739718,-0.493022847663343,-0.411660830371538,-0.003978288008088,-0.983410343189219,0.920236573251436,0.48847244167839,-0.475916620994384,0.185788448261389,-0.87845808831902,-0.432284300951652,-0.391926470155279,-0.270890639840477,-0.106571991079944,0.0877376545918492,0.293783279216066
2009-11-01,0.000188137205479452,0.00204777205479452,0.473506982843763,0.828379986747953,0.846519609904079,0.557511484259122,-0.607712983986239,-0.0716127419823893,0.22066151878503,-0.0450834817333716,1.18037174902246,-0.68390453788677,0.370430243290487,1.25932698794016,-0.223724208828116,-1.01910930316923,1.57181824965862,-0.906686722346652,-0.152183763105805,1.95762754360401,-0.619218042896165,0.21834638487311,0.455083669608162,0.488244874218233,1.04991795589751,0.432705593143235,0.816729879197326,-0.368961836167767,-0.368769597078406,-0.15056316141992,-0.0728119696208657,-0.208146073900903,0.008040388901674,0.074821169710056,-0.337114697442373,0.573254640157037,0.446096226230428,-0.536811354739718,-0.493022847663343,-0.411660830371538,-0.003978288008088,-0.983410343189219,0.920236573251436,0.48847244167839,-0.475916620994384,0.185788448261389,-0.87845808831902,-0.432284300951652,-0.391926470155279,-0.270890639840477,-0.106571991079944,0.0877376545918492,0.293783279216066
2009-12-01,0.000238125815289439,0.00156808767123288,-0.481930337711505,0.973990933211862,1.51147638823689,0.494021989725122,-0.607712983986239,-0.0716127419823893,-0.276565970949189,-0.0450834817333716,0.919374738986711,-0.585524835729552,0.289932809968226,1.27050257047182,0.16143798500188,-0.318917548651575,2.38538971662998,-0.831323729024422,-0.152183763105805,0.745515952383612,-0.639783901990926,-0.309431805353231,0.323652365843304,0.409242719041129,0.303087289088593,0.514160146658006,0.816729879197326,-0.368961836167767,-0.368769597078406,-0.15056316141992,-0.0728119696208657,-0.208146073900903,0.008040388901674,0.074821169710056,-0.337114697442373,0.573254640157037,0.446096226230428,-0.536811354739718,-0.493022847663343,-0.411660830371538,-0.003978288008088,-0.983410343189219,0.920236573251436,0.48847244167839,-0.475916620994384,0.185788448261389,-0.87845808831902,-0.432284300951652,-0.391926470155279,-0.270890639840477,-0.106571991079944,0.0877376545918492,0.293783279216066
2010-01-01,3.7421758727353e-05,0.000491125479452055,-1.21776979822253,1.42543955412778,1.76534176577385,0.510801388197468,2.02714204646667,-0.0716127419823893,-0.764588598301078,-0.0450834817333716,0.908239040015749,-0.949476488131508,1.92957249284871,1.5191006213194,4.14494763222256,-1.65551495774589,0.482793253345563,-0.837018677046477,-0.152183763105805,0.173567017701912,-0.603239345904538,-0.457117292489949,5.01312100145201,0.343169535234765,-0.477692110504333,0.772889980517832,0.816729879197326,-0.368961836167767,-0.368769597078406,-0.15056316141992,-0.0728119696208657,-0.208146073900903,0.008040388901674,0.074821169710056,-0.337114697442373,0.573254640157037,0.446096226230428,-0.536811354739718,-0.493022847663343,-0.411660830371538,-0.003978288008088,-0.983410343189219,0.920236573251436,0.48847244167839,-0.475916620994384,0.185788448261389,-0.87845808831902,-0.432284300951652,-0.391926470155279,-0.270890639840477,-0.106571991079944,0.0877376545918492,0.293783279216066
2010-02-01,0.000149349510763209,0.000376451506849315,0.637561346823137,1.61481718347548,1.05719032213103,0.750456987240607,0.320992712492503,-0.0716127419823893,-0.517270126221682,-0.0450834817333716,1.74596666671986,-0.845742623903682,1.39888361742623,2.19120075433893,1.89452050594117,-0.20531561401436,0.977744328455622,-0.574906354723532,-0.152183763105805,-0.138589190010043,-0.606964332950998,-0.539216822385925,0.951022658238891,0.319276289676332,-0.940095677152672,1.79738147142195,0.816729879197326,-0.368961836167767,-0.368769597078406,-0.15056316141992,-0.0728119696208657,-0.208146073900903,0.008040388901674,0.074821169710056,-0.337114697442373,0.573254640157037,0.446096226230428,-0.536811354739718,-0.493022847663343,-0.411660830371538,-0.003978288008088,-0.983410343189219,0.920236573251436,0.48847244167839,-0.475916620994384,0.185788448261389,-0.87845808831902,-0.432284300951652,-0.391926470155279,-0.270890639840477,-0.106571991079944,0.0877376545918492,0.293783279216066
2010-03-01,0.000135206858152894,0.00032142904109589,0.045397238483937,1.16329780158351,0.373530200314044,0.488208428046701,2.02437974299378,-0.0716127419823893,-0.572869517162919,-0.0450834817333716,0.908239040015749,-0.617745181113964,1.98722064458192,1.35009825146668,0.439943834709177,0.468996398386442,0.209804176340778,-0.953414512694502,-0.152183763105805,-0.32168077707926,-0.605037532552735,-0.580499606776039,0.0297204791989185,0.314046200322769,-1.16729382017347,0.470045911957657,0.816729879197326,-0.368961836167767,-0.368769597078406,-0.15056316141992,-0.0728119696208657,-0.208146073900903,0.008040388901674,0.074821169710056,-0.337114697442373,0.573254640157037,0.446096226230428,-0.536811354739718,-0.493022847663343,-0.411660830371538,-0.003978288008088,-0.983410343189219,0.920236573251436,0.48847244167839,-0.475916620994384,0.185788448261389,-0.87845808831902,-0.432284300951652,-0.391926470155279,-0.270890639840477,-0.106571991079944,0.0877376545918492,0.293783279216066
2010-04-01,0.000219371835616438,0.00104655780821918,0.127276832735703,0.42071348217975,-0.511733219126399,0.548655929585101,2.1156264725846,-0.0716127419823893,-0.357942853054478,-0.0450834817333716,1.16886617802062,0.424650548279257,0.440526991043975,1.24975535541546,-0.497956557780107,1.27288981994881,-0.536955638945493,-1.08636098574132,-0.152183763105805,-0.44226327894262,-0.605644415929195,-0.615984649725138,-0.668478017259381,0.344065441664186,-1.04064521008144,0.232823267045794,0.816729879197326,-0.368961836167767,-0.368769597078406,-0.15056316141992,-0.0728119696208657,-0.208146073900903,0.008040388901674,0.074821169710056,-0.337114697442373,0.573254640157037,0.446096226230428,-0.536811354739718,-0.493022847663343,-0.411660830371538,-0.003978288008088,-0.983410343189219,0.920236573251436,0.48847244167839,-0.475916620994384,0.185788448261389,-0.87845808831902,-0.432284300951652,-0.391926470155279,-0.270890639840477,-0.106571991079944,0.0877376545918492,0.293783279216066
2010-05-01,0.000222133733981441,0.00136443616438356,-0.15951783211213,-0.649470569387339,-1.03141239933084,0.470152836275329,-0.607712983986239,-0.0716127419823893,-0.199891417864742,-0.0450834817333716,0.908239040015749,0.613928226280134,-0.179791024250788,0.755635970639241,-0.552315828754046,1.60274083528211,-1.04230364970201,-1.36878199487066,-0.152183763105805,-0.517737854076131,-0.596244963121178,-0.631962389256831,-0.691672893496954,0.37462410015293,-0.624108944486042,-0.601471849815539,0.816729879197326,-0.368961836167767,-0.368769597078406,-0.15056316141992,-0.0728119696208657,-0.208146073900903,0.008040388901674,0.074821169710056,-0.337114697442373,0.573254640157037,0.446096226230428,-0.536811354739718,-0.493022847663343,-0.411660830371538,-0.003978288008088,-0.983410343189219,0.920236573251436,0.48847244167839,-0.475916620994384,0.185788448261389,-0.87845808831902,-0.432284300951652,-0.391926470155279,-0.270890639840477,-0.106571991079944,0.0877376545918492,0.293783279216066
2010-06-01,0.0013142277260274,0.00196505424657534,0.421145474817526,-1.24645133874197,-1.27067351136523,0.54432540027205,-0.607712983986239,-0.0716127419823893,0.855310795671366,-0.0450834817333716,1.16886617802062,1.35835669792976,-0.176142041193799,0.71012580509593,-0.578327419445698,1.65782798543023,-1.27678791884714,-1.46564347403975,-0.152183763105805,-0.585829572964705,-0.593097279826488,-0.656959904191386,-0.691672893496954,0.394099993239611,-0.0733715115019245,-0.742203997174251,0.816729879197326,-0.368961836167767,-0.368769597078406,-0.15056316141992,-0.0728119696208657,-0.208146073900903,0.008040388901674,0.074821169710056,-0.337114697442373,0.573254640157037,0.446096226230428,-0.536811354739718,-0.493022847663343,-0.411660830371538,-0.003978288008088,-0.983410343189219,0.920236573251436,0.48847244167839,-0.475916620994384,0.185788448261389,-0.87845808831902,-0.432284300951652,-0.391926470155279,-0.270890639840477,-0.106571991079944,0.0877376545918492,0.293783279216066
2010-07-01,0.000841473300927973,0.00225602630136986,-0.0676052342093391,-1.31922233419793,-1.24178988114635,0.46614565664194,-0.607712983986239,-0.0716127419823893,0.562381738120242,-0.0450834817333716,0.908239040015749,0.979016330806025,-0.410391145921003,0.455035994249679,-0.618984444890259,0.99040266423787,-1.1642655086946,-1.58141183826041,-0.152183763105805,-0.102511659459792,0.562436637950067,0.130448658053055,-0.691672893496954,0.482561245635568,0.930865712349768,-1.14603343163123,0.816729879197326,-0.368961836167767,-0.368769597078406,-0.15056316141992,-0.0728119696208657,-0.208146073900903,0.008040388901674,0.074821169710056,-0.337114697442373,0.573254640157037,0.446096226230428,-0.536811354739718,-0.493022847663343,-0.411660830371538,-0.003978288008088,-0.983410343189219,0.920236573251436,0.48847244167839,-0.475916620994384,0.185788448261389,-0.87845808831902,-0.432284300951652,-0.391926470155279,-0.270890639840477,-0.106571991079944,0.0877376545918492,0.293783279216066
2010-08-01,0.0023636404772426,0.00512103452054795,1.62606819576461,-1.32651429646048,-0.946002552675213,0.466118614210662,-0.607712983986239,-0.0716127419823893,2.2916361155213,-0.0450834817333716,0.908239040015749,1.56731928009457,-0.27255453218339,0.543961678425857,-0.612990441593868,0.500548551271609,-0.60102889911911,-1.5174195676102,-0.152183763105805,1.02083144697072,2.17105368845573,1.50784023356839,-0.691672893496954,0.564476591954567,1.5836168784905,-0.983788085178084,0.816729879197326,-0.368961836167767,-0.368769597078406,-0.15056316141992,-0.0728119696208657,-0.208146073900903,0.008040388901674,0.074821169710056,-0.337114697442373,0.573254640157037,0.446096226230428,-0.536811354739718,-0.493022847663343,-0.411660830371538,-0.003978288008088,-0.983410343189219,0.920236573251436,0.48847244167839,-0.475916620994384,0.185788448261389,-0.87845808831902,-0.432284300951652,-0.391926470155279,-0.270890639840477,-0.106571991079944,0.0877376545918492,0.293783279216066
2010-09-01,0.000837231342465753,0.0040327101369863,-0.278640437930267,-1.00624653708689,-0.372251237488896,0.544313992330778,-0.607712983986239,-0.0716127419823893,-0.0487392748839323,-0.0450834817333716,1.16886617802062,-0.27015137855595,0.0465376917871327,0.89406659354218,-0.579118982463472,-0.218702899772182,0.286553781148424,-1.33408346405006,-0.152183763105805,2.33588673180741,1.71100702983103,2.26296069654099,-0.691672893496954,0.561610458752094,1.62561562184167,-0.407454224645707,0.816729879197326,-0.368961836167767,-0.368769597078406,-0.15056316141992,-0.0728119696208657,-0.208146073900903,0.008040388901674,0.074821169710056,-0.337114697442373,0.573254640157037,0.446096226230428,-0.536811354739718,-0.493022847663343,-0.411660830371538,-0.003978288008088,-0.983410343189219,0.920236573251436,0.48847244167839,-0.475916620994384,0.185788448261389,-0.87845808831902,-0.432284300951652,-0.391926470155279,-0.270890639840477,-0.106571991079944,0.0877376545918492,0.293783279216066
2010-10-01,0.000236546884666372,0.00182768219178082,0.421961696054251,-0.212683884788637,0.208010699473631,0.468824278655709,-0.607712983986239,-0.0716127419823893,0.230307476248293,-0.0450834817333716,0.908239040015749,-0.468869509735718,0.111178017628433,0.926838249439116,-0.535556161281634,-0.580977075992473,0.99370456739378,-1.24719795886005,-0.152183763105805,0.665153155600816,-0.436773368617516,0.175164569177108,-0.691672893496954,0.517466049018668,1.04675907857154,-0.290816033276611,0.816729879197326,-0.368961836167767,-0.368769597078406,-0.15056316141992,-0.0728119696208657,-0.208146073900903,0.008040388901674,0.074821169710056,-0.337114697442373,0.573254640157037,0.446096226230428,-0.536811354739718,-0.493022847663343,-0.411660830371538,-0.003978288008088,-0.983410343189219,0.920236573251436,0.48847244167839,-0.475916620994384,0.185788448261389,-0.87845808831902,-0.432284300951652,-0.391926470155279,-0.270890639840477,-0.106571991079944,0.0877376545918492,0.293783279216066
2010-11-01,0.000431622136986301,0.00186652931506849,0.904902170296464,0.384296622488304,0.7545999487563,0.547185614269019,-0.607712983986239,-0.0716127419823893,0.621664517623532,-0.0450834817333716,1.16886617802062,0.0240842932057676,0.394950542348371,1.31001234912146,-0.529681824149077,0.15634816435893,1.87897983211276,-1.04469215809794,-0.152183763105805,0.0650054031691604,-0.257692399860475,-0.161792521279842,-0.649848243986323,0.515191243400294,0.694065200395205,0.340978978089836,0.816729879197326,-0.368961836167767,-0.368769597078406,-0.15056316141992,-0.0728119696208657,-0.208146073900903,0.008040388901674,0.074821169710056,-0.337114697442373,0.573254640157037,0.446096226230428,-0.536811354739718,-0.493022847663343,-0.411660830371538,-0.003978288008088,-0.983410343189219,0.920236573251436,0.48847244167839,-0.475916620994384,0.185788448261389,-0.87845808831902,-0.432284300951652,-0.391926470155279,-0.270890639840477,-0.106571991079944,0.0877376545918492,0.293783279216066
2010-12-01,0.000798570676093682,0.00231978082191781,0.86409622555333,0.733807505448322,1.18864162819915,0.476838450907057,-0.607712983986239,-0.0716127419823893,0.760314851207043,-0.0450834817333716,0.908239040015749,-0.0405234299447047,0.427537911988719,1.32128620627412,-0.52577045368752,0.341516837270414,2.27805919776001,-0.974051223941874,-0.152183763105805,0.106271564437665,0.271298492850333,0.243454575644706,-0.691672893496954,0.529604289018838,0.422041906205548,0.417580218125347,0.816729879197326,-0.368961836167767,-0.368769597078406,-0.15056316141992,-0.0728119696208657,-0.208146073900903,0.008040388901674,0.074821169710056,-0.337114697442373,0.573254640157037,0.446096226230428,-0.536811354739718,-0.493022847663343,-0.411660830371538,-0.003978288008088,-0.983410343189219,0.920236573251436,0.48847244167839,-0.475916620994384,0.185788448261389,-0.87845808831902,-0.432284300951652,-0.391926470155279,-0.270890639840477,-0.106571991079944,0.0877376545918492,0.293783279216066
2011-01-01,0.000983219867432611,0.00166056328767123,0.756477473445886,1.43273841776946,1.28377291374743,0.48013506541154,0.231117998802722,-0.0716127419823893,0.232177612193789,-0.0450834817333716,0.908239040015749,-0.0733112357989811,0.473659612687255,1.5191006213194,0.199148485620952,-0.317673406631203,1.39537854086891,-0.837018677046477,-0.152183763105805,-0.336772004201767,-0.514290694656191,-0.326564743879217,2.30216754459242,0.515079861658786,-0.00922162535511708,0.772889980517832,0.816729879197326,-0.368961836167767,-0.368769597078406,-0.15056316141992,-0.0728119696208657,-0.208146073900903,0.008040388901674,0.074821169710056,-0.337114697442373,0.573254640157037,0.446096226230428,-0.536811354739718,-0.493022847663343,-0.411660830371538,-0.003978288008088,-0.983410343189219,0.920236573251436,0.48847244167839,-0.475916620994384,0.185788448261389,-0.87845808831902,-0.432284300951652,-0.391926470155279,-0.270890639840477,-0.106571991079944,0.0877376545918492,0.293783279216066
2011-02-01,0.000298528062622309,0.00096244602739726,-0.13321040760132,1.09066413483664,0.766895319737904,0.727732443032807,-0.143360151831085,-0.0716127419823893,-0.491324000261215,-0.0450834817333716,1.74596666671986,-0.696640978558789,0.71660760399396,2.19120075433893,-0.106632965823649,-0.187543290932718,0.640806020332987,-0.574906354723532,-0.152183763105805,-0.532896460982691,-0.586295929301021,-0.587678338706599,0.538623737633449,0.453437233630919,-0.272901539100159,1.79738147142195,0.816729879197326,-0.368961836167767,-0.368769597078406,-0.15056316141992,-0.0728119696208657,-0.208146073900903,0.008040388901674,0.074821169710056,-0.337114697442373,0.573254640157037,0.446096226230428,-0.536811354739718,-0.493022847663343,-0.411660830371538,-0.003978288008088,-0.983410343189219,0.920236573251436,0.48847244167839,-0.475916620994384,0.185788448261389,-0.87845808831902,-0.432284300951652,-0.391926470155279,-0.270890639840477,-0.106571991079944,0.0877376545918492,0.293783279216066
2011-03-01,0.00281622935925762,0.00325695123287671,1.9660337670846,0.617330862090379,0.13711439201156,0.485228898204952,-0.188297492591758,-0.0716127419823893,1.60683862931754,-0.0450834817333716,0.908239040015749,2.28926024006367,0.857594915894285,1.35009825146668,0.0520251068369671,0.111456911447691,0.057589892739709,-0.953414512694502,-0.152183763105805,-0.586328120653515,-0.578295530180519,-0.649210658941451,0.735100761287197,0.440205940390369,-0.197261022049141,0.470045911957657,0.816729879197326,-0.368961836167767,-0.368769597078406,-0.15056316141992,-0.0728119696208657,-0.208146073900903,0.008040388901674,0.074821169710056,-0.337114697442373,0.573254640157037,0.446096226230428,-0.536811354739718,-0.493022847663343,-0.411660830371538,-0.003978288008088,-0.983410343189219,0.920236573251436,0.48847244167839,-0.475916620994384,0.185788448261389,-0.87845808831902,-0.432284300951652,-0.391926470155279,-0.270890639840477,-0.106571991079944,0.0877376545918492,0.293783279216066
2011-04-01,0.00204609052054795,0.00278058082191781,0.251639970306348,0.158623271581007,-0.581450146670175,0.544313992330778,-0.607712983986239,-0.0716127419823893,1.09435078315973,-0.0450834817333716,1.16886617802062,1.06914493162055,0.143368117786656,1.24975535541546,-0.540303127900549,0.600626244085263,-0.272445673306524,-1.08636098574132,-0.152183763105805,-0.55141415209766,-0.471725493897466,-0.584087973525347,-0.691672893496954,0.457620086346993,0.74498327107415,0.232823267045794,0.816729879197326,-0.368961836167767,-0.368769597078406,-0.15056316141992,-0.0728119696208657,-0.208146073900903,0.008040388901674,0.074821169710056,-0.337114697442373,0.573254640157037,0.446096226230428,-0.536811354739718,-0.493022847663343,-0.411660830371538,-0.003978288008088,-0.983410343189219,0.920236573251436,0.48847244167839,-0.475916620994384,0.185788448261389,-0.87845808831902,-0.432284300951652,-0.391926470155279,-0.270890639840477,-0.106571991079944,0.0877376545918492,0.293783279216066
2011-05-01,0.000318641095890411,0.00108348493150685,-0.926930080254063,-0.795064713759402,-1.08969452070492,0.466118614210662,-0.607712983986239,-0.0716127419823893,-0.307325104374516,-0.0450834817333716,0.908239040015749,-0.356363642503579,-0.0977305255525122,0.755635970639241,-0.591969174214686,-0.0576568864493302,-0.983235312010567,-1.36878199487066,-0.152183763105805,-0.456177410934253,-0.356209144281753,-0.436365057067825,-0.691672893496954,0.421310090010229,0.951494569644167,-0.601471849815539,0.816729879197326,-0.368961836167767,-0.368769597078406,-0.15056316141992,-0.0728119696208657,-0.208146073900903,0.008040388901674,0.074821169710056,-0.337114697442373,0.573254640157037,0.446096226230428,-0.536811354739718,-0.493022847663343,-0.411660830371538,-0.003978288008088,-0.983410343189219,0.920236573251436,0.48847244167839,-0.475916620994384,0.185788448261389,-0.87845808831902,-0.432284300951652,-0.391926470155279,-0.270890639840477,-0.106571991079944,0.0877376545918492,0.293783279216066
2011-06-01,0.00184409950684931,0.0036347704109589,1.46666948877341,-1.16634135263814,-1.26009178710516,0.544313992330778,-0.607712983986239,-0.0716127419823893,2.65839821609735,-0.0450834817333716,1.16886617802062,1.69658113028394,0.0537908585051635,0.71012580509593,-0.602843198748431,0.57956568594858,-1.20675117413304,-1.46564347403975,-0.152183763105805,0.180122002721651,1.15303184474982,0.409283632823883,-0.691672893496954,0.475659978764272,1.49021781932739,-0.742203997174251,0.816729879197326,-0.368961836167767,-0.368769597078406,-0.15056316141992,-0.0728119696208657,-0.208146073900903,0.008040388901674,0.074821169710056,-0.337114697442373,0.573254640157037,0.446096226230428,-0.536811354739718,-0.493022847663343,-0.411660830371538,-0.003978288008088,-0.983410343189219,0.920236573251436,0.48847244167839,-0.475916620994384,0.185788448261389,-0.87845808831902,-0.432284300951652,-0.391926470155279,-0.270890639840477,-0.106571991079944,0.0877376545918492,0.293783279216066
2011-07-01,0.000811104551480335,0.00369502684931507,-0.147375957687689,-1.34835154134884,-1.11443976441817,0.466118614210662,-0.607712983986239,-0.0716127419823893,-0.0890867889040333,-0.0450834817333716,0.908239040015749,-0.177316364620902,-0.184864772613078,0.455035994249679,-0.626495430558756,-0.178607620249204,-0.95529958012396,-1.58141183826041,-0.152183763105805,2.24639188077169,2.44357028307032,2.25210311899718,-0.691672893496954,0.556410387172839,1.90548705083833,-1.14603343163123,0.816729879197326,-0.368961836167767,-0.368769597078406,-0.15056316141992,-0.0728119696208657,-0.208146073900903,0.008040388901674,0.074821169710056,-0.337114697442373,0.573254640157037,0.446096226230428,-0.536811354739718,-0.493022847663343,-0.411660830371538,-0.003978288008088,-0.983410343189219,0.920236573251436,0.48847244167839,-0.475916620994384,0.185788448261389,-0.87845808831902,-0.432284300951652,-0.391926470155279,-0.270890639840477,-0.106571991079944,0.0877376545918492,0.293783279216066
2011-08-01,0.00577675991162175,0.00669056876712329,2.15352612317383,-0.715013724255363,-0.978570130570636,0.466118614210662,-0.607712983986239,-0.0716127419823893,4.17388250473576,-0.0450834817333716,0.908239040015749,1.39283273344877,-0.0480085430758065,0.543961678425857,-0.617410385422215,0.276867398324333,-0.653072303608948,-1.5174195676102,-0.152183763105805,3.02004479054733,3.03459592752695,2.14144293918636,-0.691672893496954,0.5700873202282,2.21342166342196,-0.983788085178084,0.816729879197326,-0.368961836167767,-0.368769597078406,-0.15056316141992,-0.0728119696208657,-0.208146073900903,0.008040388901674,0.074821169710056,-0.337114697442373,0.573254640157037,0.446096226230428,-0.536811354739718,-0.493022847663343,-0.411660830371538,-0.003978288008088,-0.983410343189219,0.920236573251436,0.48847244167839,-0.475916620994384,0.185788448261389,-0.87845808831902,-0.432284300951652,-0.391926470155279,-0.270890639840477,-0.106571991079944,0.0877376545918492,0.293783279216066
2011-09-01,0.000568712767123287,0.00308657095890411,-0.487603218944443,-0.5985774117418,-0.327445233187747,0.544313992330778,-0.607712983986239,-0.0716127419823893,-0.35418286108603,-0.0450834817333716,1.16886617802062,-0.675872233760273,0.166189652653059,0.89406659354218,-0.582256876065227,-0.787405836690426,0.35653405013219,-1.33408346405006,-0.152183763105805,4.00217587990927,0.74751103596871,1.79785355983102,-0.691672893496954,0.537501672032281,1.86854599436279,-0.407454224645707,0.816729879197326,-0.368961836167767,-0.368769597078406,-0.15056316141992,-0.0728119696208657,-0.208146073900903,0.008040388901674,0.074821169710056,-0.337114697442373,0.573254640157037,0.446096226230428,-0.536811354739718,-0.493022847663343,-0.411660830371538,-0.003978288008088,-0.983410343189219,0.920236573251436,0.48847244167839,-0.475916620994384,0.185788448261389,-0.87845808831902,-0.432284300951652,-0.391926470155279,-0.270890639840477,-0.106571991079944,0.0877376545918492,0.293783279216066
2011-10-01,0.00031011605832965,0.00205952876712329,-0.11971169554249,-0.0962003982910349,0.248288957955345,0.46746879081407,-0.607712983986239,-0.0716127419823893,-0.201465582534897,-0.0450834817333716,0.908239040015749,-0.3690950608914,0.182925261837125,0.926838249439116,-0.545275224123945,-0.649942463424453,1.20352197043576,-1.24719795886005,-0.152183763105805,1.89935260734818,-0.443640734485108,0.309168882319413,-0.691672893496954,0.504104979686187,1.31722893510741,-0.290816033276611,0.816729879197326,-0.368961836167767,-0.368769597078406,-0.15056316141992,-0.0728119696208657,-0.208146073900903,0.008040388901674,0.074821169710056,-0.337114697442373,0.573254640157037,0.446096226230428,-0.536811354739718,-0.493022847663343,-0.411660830371538,-0.003978288008088,-0.983410343189219,0.920236573251436,0.48847244167839,-0.475916620994384,0.185788448261389,-0.87845808831902,-0.432284300951652,-0.391926470155279,-0.270890639840477,-0.106571991079944,0.0877376545918492,0.293783279216066
2011-11-01,0.000262848876712329,0.00164299397260274,0.861590016989137,0.748339130914559,0.992582757525205,0.554410768418286,-0.607712983986239,-0.0716127419823893,0.378710480786552,-0.0450834817333716,1.16886490259982,-0.415631856115607,0.953679215180017,1.31001234912146,-0.353671734939168,-0.542051556008177,1.95765426284129,-1.04469215809794,-0.152183763105805,0.707311522600075,-0.601369907391054,-0.251710799440555,0.500796379645752,0.45690597929505,0.710033499435718,0.340978978089836,0.816729879197326,-0.368961836167767,-0.368769597078406,-0.15056316141992,-0.0728119696208657,-0.208146073900903,0.008040388901674,0.074821169710056,-0.337114697442373,0.573254640157037,0.446096226230428,-0.536811354739718,-0.493022847663343,-0.411660830371538,-0.003978288008088,-0.983410343189219,0.920236573251436,0.48847244167839,-0.475916620994384,0.185788448261389,-0.87845808831902,-0.432284300951652,-0.391926470155279,-0.270890639840477,-0.106571991079944,0.0877376545918492,0.293783279216066
2011-12-01,0.000268201855943437,0.000969968219178082,-0.650139960837716,0.937648037668232,1.3063012312242,0.484088104077745,-0.188297492591758,-0.0716127419823893,-0.562524498002282,-0.0450834817333716,0.908239040015749,-0.726401471110633,0.450965539328032,1.32128620627412,-0.0474796259250093,-0.625195221738206,1.64532434462283,-0.974051223941874,-0.152183763105805,0.116597880633672,-0.587977909788132,-0.451733852750628,1.27551995157891,0.411494729206833,0.135287077960435,0.417580218125347,0.816729879197326,-0.368961836167767,-0.368769597078406,-0.15056316141992,-0.0728119696208657,-0.208146073900903,0.008040388901674,0.074821169710056,-0.337114697442373,0.573254640157037,0.446096226230428,-0.536811354739718,-0.493022847663343,-0.411660830371538,-0.003978288008088,-0.983410343189219,0.920236573251436,0.48847244167839,-0.475916620994384,0.185788448261389,-0.87845808831902,-0.432284300951652,-0.391926470155279,-0.270890639840477,-0.106571991079944,0.0877376545918492,0.293783279216066
2012-01-01,6.93948917366329e-05,0.000328135890410959,-0.955988525835946,1.69481814526064,1.68813622286007,0.504110163102819,-0.188297492591758,-0.0716127419823893,-0.792850571905973,-0.0450834817333716,0.908239040015749,-0.947603979546777,4.33855783838336,1.5191006213194,3.20569571047385,-1.47599148084436,0.381102555692824,-0.837018677046477,-0.152183763105805,-0.19683645868414,-0.599678595424266,-0.556483724174642,3.43909173167833,0.366144868852537,-0.486708181209762,0.772889980517832,0.816729879197326,-0.368961836167767,-0.368769597078406,-0.15056316141992,-0.0728119696208657,-0.208146073900903,0.008040388901674,0.074821169710056,-0.337114697442373,0.573254640157037,0.446096226230428,-0.536811354739718,-0.493022847663343,-0.411660830371538,-0.003978288008088,-0.983410343189219,0.920236573251436,0.48847244167839,-0.475916620994384,0.185788448261389,-0.87845808831902,-0.432284300951652,-0.391926470155279,-0.270890639840477,-0.106571991079944,0.0877376545918492,0.293783279216066
2012-02-01,4.22363722248466e-05,0.000131454246575342,-0.742821020441603,1.70215311738394,0.946171003122577,0.756297198617901,2.21174446821595,-0.0716127419823893,-0.771004142746607,-0.0450834817333716,1.74596666671986,-0.950943517521534,4.19835205917104,2.19120075433893,0.81320815521504,-0.955032120688118,0.539341875753886,-0.574906354723532,-0.152183763105805,-0.353822335896862,-0.601993153273886,-0.590471898895885,0.764334785638723,0.346349162335831,-0.925310620265059,1.79738147142195,0.816729879197326,-0.368961836167767,-0.368769597078406,-0.15056316141992,-0.0728119696208657,-0.208146073900903,0.008040388901674,0.074821169710056,-0.337114697442373,0.573254640157037,0.446096226230428,-0.536811354739718,-0.493022847663343,-0.411660830371538,-0.003978288008088,-0.983410343189219,0.920236573251436,0.48847244167839,-0.475916620994384,0.185788448261389,-0.87845808831902,-0.432284300951652,-0.391926470155279,-0.270890639840477,-0.106571991079944,0.0877376545918492,0.293783279216066
2012-03-01,7.60033230225363e-05,0.000136556712328767,-0.359413932109697,0.901227101212733,0.224398938559431,0.485513816213608,2.03133455853867,-0.0716127419823893,-0.766777869742958,-0.0450834817333716,0.908239040015749,-0.700011457262885,3.83742211286798,1.35009825146668,-0.0364473670827661,-0.476853071189043,-0.0538214571294071,-0.953414512694502,-0.152183763105805,-0.454120289342104,-0.60154690386647,-0.620135199293253,0.355511160263928,0.350727469131229,-1.13147939233267,0.470045911957657,0.816729879197326,-0.368961836167767,-0.368769597078406,-0.15056316141992,-0.0728119696208657,-0.208146073900903,0.008040388901674,0.074821169710056,-0.337114697442373,0.573254640157037,0.446096226230428,-0.536811354739718,-0.493022847663343,-0.411660830371538,-0.003978288008088,-0.983410343189219,0.920236573251436,0.48847244167839,-0.475916620994384,0.185788448261389,-0.87845808831902,-0.432284300951652,-0.391926470155279,-0.270890639840477,-0.106571991079944,0.0877376545918492,0.293783279216066
2012-04-01,0.000105943671232877,0.000267853150684932,-0.257187069982337,0.391595777327426,-0.46602224938984,0.5615265185406,0.259078995104795,-0.0716127419823893,-0.748605314568128,-0.0450834817333716,1.16886617802062,-0.360381145611717,1.57192865449546,1.24975535541546,-0.344956900146172,-0.0884500801258014,-0.707711641237143,-1.08636098574132,-0.152183763105805,-0.517280822515968,-0.601056575343915,-0.640722139911365,-0.192943962653782,0.3691331044302,-1.14022431666474,0.232823267045794,0.816729879197326,-0.368961836167767,-0.368769597078406,-0.15056316141992,-0.0728119696208657,-0.208146073900903,0.008040388901674,0.074821169710056,-0.337114697442373,0.573254640157037,0.446096226230428,-0.536811354739718,-0.493022847663343,-0.411660830371538,-0.003978288008088,-0.983410343189219,0.920236573251436,0.48847244167839,-0.475916620994384,0.185788448261389,-0.87845808831902,-0.432284300951652,-0.391926470155279,-0.270890639840477,-0.106571991079944,0.0877376545918492,0.293783279216066
2012-05-01,0.000389377357490057,0.00278810301369863,1.61400352660453,-0.649477849323147,-1.05151315152929,0.466118614210662,-0.188297492591758,-0.0716127419823893,0.739864659799983,-0.0450834817333716,0.908239040015749,2.53241117525591,-0.0776336610447821,0.755635970639241,-0.564248731286305,1.46770812678046,-1.07699202600227,-1.36878199487066,-0.152183763105805,-0.553190604518156,-0.586879421392398,-0.646292472892251,-0.691672893496954,0.427181160409151,-0.52401241781955,-0.601471849815539,0.816729879197326,-0.368961836167767,-0.368769597078406,-0.15056316141992,-0.0728119696208657,-0.208146073900903,0.008040388901674,0.074821169710056,-0.337114697442373,0.573254640157037,0.446096226230428,-0.536811354739718,-0.493022847663343,-0.411660830371538,-0.003978288008088,-0.983410343189219,0.920236573251436,0.48847244167839,-0.475916620994384,0.185788448261389,-0.87845808831902,-0.432284300951652,-0.391926470155279,-0.270890639840477,-0.106571991079944,0.0877376545918492,0.293783279216066
2012-06-01,0.000900207342465753,0.0025077304109589,0.682147027898191,-1.2828009027068,-1.26047751364067,0.544313992330778,-0.607712983986239,-0.0716127419823893,1.01403281817988,-0.0450834817333716,1.16886617802062,1.31821794690712,-0.0604317046003237,0.71012580509593,-0.601531568649622,1.38340345638414,-1.20926363771733,-1.46564347403975,-0.152183763105805,-0.383968029148277,0.0450462316817291,-0.32439237433971,-0.691672893496954,0.466918486909404,0.612302328729343,-0.742203997174251,0.816729879197326,-0.368961836167767,-0.368769597078406,-0.15056316141992,-0.0728119696208657,-0.208146073900903,0.008040388901674,0.074821169710056,-0.337114697442373,0.573254640157037,0.446096226230428,-0.536811354739718,-0.493022847663343,-0.411660830371538,-0.003978288008088,-0.983410343189219,0.920236573251436,0.48847244167839,-0.475916620994384,0.185788448261389,-0.87845808831902,-0.432284300951652,-0.391926470155279,-0.270890639840477,-0.106571991079944,0.0877376545918492,0.293783279216066
2012-07-01,0.000538227839151568,0.00256851287671233,-0.737740285631613,-1.31924583383072,-1.23926531758283,0.466118614210662,-0.607712983986239,-0.0716127419823893,-0.348039899930147,-0.0450834817333716,0.908239040015749,-0.021909886363378,-0.302420410777037,0.455035994249679,-0.623773643862467,0.482878911305657,-1.14457373308501,-1.58141183826041,-0.152183763105805,0.587563203859559,1.352938766791,1.24527203934152,-0.691672893496954,0.537004008931923,1.19495084937036,-1.14603343163123,0.816729879197326,-0.368961836167767,-0.368769597078406,-0.15056316141992,-0.0728119696208657,-0.208146073900903,0.008040388901674,0.074821169710056,-0.337114697442373,0.573254640157037,0.446096226230428,-0.536811354739718,-0.493022847663343,-0.411660830371538,-0.003978288008088,-0.983410343189219,0.920236573251436,0.48847244167839,-0.475916620994384,0.185788448261389,-0.87845808831902,-0.432284300951652,-0.391926470155279,-0.270890639840477,-0.106571991079944,0.0877376545918492,0.293783279216066
2012-08-01,0.000384885762262482,0.00294241315068493,0.256306759216368,-1.15179586617412,-0.916600149297243,0.466118614210662,-0.607712983986239,-0.0716127419823893,0.0790081589402338,-0.0450834817333716,0.908239040015749,0.0539179223209068,-0.136750221365794,0.543961678425857,-0.613192787337007,0.358024997499477,-0.596387186724637,-1.5174195676102,-0.152183763105805,0.573403304428381,1.15151547802503,1.21509201618192,-0.691672893496954,0.544102535462954,1.26749562739511,-0.983788085178084,0.816729879197326,-0.368961836167767,-0.368769597078406,-0.15056316141992,-0.0728119696208657,-0.208146073900903,0.008040388901674,0.074821169710056,-0.337114697442373,0.573254640157037,0.446096226230428,-0.536811354739718,-0.493022847663343,-0.411660830371538,-0.003978288008088,-0.983410343189219,0.920236573251436,0.48847244167839,-0.475916620994384,0.185788448261389,-0.87845808831902,-0.432284300951652,-0.391926470155279,-0.270890639840477,-0.106571991079944,0.0877376545918492,0.293783279216066
2012-09-01,0.000773765260273973,0.00416687342465753,1.07751581511317,-0.598574790964909,-0.362293885353322,0.544313992330778,-0.607712983986239,-0.0716127419823893,1.07701026607718,-0.0450834817333716,1.16886617802062,0.288001544918509,0.261442417344339,0.89406659354218,-0.579666108315915,0.419949431514184,0.280634894555715,-1.33408346405006,-0.152183763105805,0.906176250456309,1.53440070719478,1.75033415044658,-0.691672893496954,0.558688239708153,1.28712589876048,-0.407454224645707,0.816729879197326,-0.368961836167767,-0.368769597078406,-0.15056316141992,-0.0728119696208657,-0.208146073900903,0.008040388901674,0.074821169710056,-0.337114697442373,0.573254640157037,0.446096226230428,-0.536811354739718,-0.493022847663343,-0.411660830371538,-0.003978288008088,-0.983410343189219,0.920236573251436,0.48847244167839,-0.475916620994384,0.185788448261389,-0.87845808831902,-0.432284300951652,-0.391926470155279,-0.270890639840477,-0.106571991079944,0.0877376545918492,0.293783279216066
2012-10-01,0.000479449368095448,0.00206918136986301,-0.468187262013612,-0.183563995955571,0.354566911361357,0.4795601799776,-0.607712983986239,-0.0716127419823893,-0.287083661829861,-0.0450834817333716,0.908239040015749,-0.63417331051161,0.313651488867016,0.926838249439116,-0.500169849404662,-0.323820820127016,1.17388227686921,-1.24719795886005,-0.152183763105805,0.140928567561394,-0.0117568249562381,0.525596414397296,-0.691672893496954,0.523936120718429,0.917227447143659,-0.290816033276611,0.816729879197326,-0.368961836167767,-0.368769597078406,-0.15056316141992,-0.0728119696208657,-0.208146073900903,0.008040388901674,0.074821169710056,-0.337114697442373,0.573254640157037,0.446096226230428,-0.536811354739718,-0.493022847663343,-0.411660830371538,-0.003978288008088,-0.983410343189219,0.920236573251436,0.48847244167839,-0.475916620994384,0.185788448261389,-0.87845808831902,-0.432284300951652,-0.391926470155279,-0.270890639840477,-0.106571991079944,0.0877376545918492,0.293783279216066
2012-11-01,0.000236198575342466,0.00131814575342466,-0.865540673390524,0.653666477698202,1.07855391500021,0.572133566230746,-0.607712983986239,-0.0716127419823893,-0.429385906439708,-0.0450834817333716,1.16886490259982,-0.587715452336751,0.646301455192964,1.31001234912146,0.208528546529103,-0.508658979639024,1.58529528186636,-1.04469215809794,-0.152183763105805,-0.537052227673659,-0.580287662074256,-0.554224630659703,0.434874239024021,0.461799102204696,0.303026701831293,0.340978978089836,0.816729879197326,-0.368961836167767,-0.368769597078406,-0.15056316141992,-0.0728119696208657,-0.208146073900903,0.008040388901674,0.074821169710056,-0.337114697442373,0.573254640157037,0.446096226230428,-0.536811354739718,-0.493022847663343,-0.411660830371538,-0.003978288008088,-0.983410343189219,0.920236573251436,0.48847244167839,-0.475916620994384,0.185788448261389,-0.87845808831902,-0.432284300951652,-0.391926470155279,-0.270890639840477,-0.106571991079944,0.0877376545918492,0.293783279216066
2012-12-01,4.85133009279718e-05,0.000526790136986301,-0.414634907671367,1.11237581539217,1.59747977497567,0.499212977034778,-0.104703054543253,-0.0716127419823893,-0.695240004266673,-0.0450834817333716,0.908239040015749,-0.911775537286075,0.64421857230978,1.32128620627412,1.02878889464727,-1.20557858363463,0.919881148091326,-0.974051223941874,-0.152183763105805,-0.598413779637472,-0.592166186719621,-0.65187832930532,1.65541006977779,0.379208017417456,-0.366475344668544,0.417580218125347,0.816729879197326,-0.368961836167767,-0.368769597078406,-0.15056316141992,-0.0728119696208657,-0.208146073900903,0.008040388901674,0.074821169710056,-0.337114697442373,0.573254640157037,0.446096226230428,-0.536811354739718,-0.493022847663343,-0.411660830371538,-0.003978288008088,-0.983410343189219,0.920236573251436,0.48847244167839,-0.475916620994384,0.185788448261389,-0.87845808831902,-0.432284300951652,-0.391926470155279,-0.270890639840477,-0.106571991079944,0.0877376545918492,0.293783279216066
2013-01-01,1.85585859478568e-05,0.000144841643835616,-0.49646997423578,1.60744289969881,1.79096974356137,0.509472830577848,2.19539743484202,-0.0716127419823893,-0.767236822813079,-0.0450834817333716,0.908239040015749,-0.963958212913761,3.42411112316748,1.5191006213194,3.50328081264635,-1.77387126316071,0.257584494635315,-0.837018677046477,-0.152183763105805,-0.599569787644251,-0.601263865689534,-0.655037221073356,2.50557352081142,0.338545443806129,-0.909409923848482,0.772889980517832,0.816729879197326,-0.368961836167767,-0.368769597078406,-0.15056316141992,-0.0728119696208657,-0.208146073900903,0.008040388901674,0.074821169710056,-0.337114697442373,0.573254640157037,0.446096226230428,-0.536811354739718,-0.493022847663343,-0.411660830371538,-0.003978288008088,-0.983410343189219,0.920236573251436,0.48847244167839,-0.475916620994384,0.185788448261389,-0.87845808831902,-0.432284300951652,-0.391926470155279,-0.270890639840477,-0.106571991079944,0.0877376545918492,0.293783279216066
2013-02-01,1.74810176125245e-05,4.07145205479452e-05,-0.969131375490203,1.7895304013278,1.20916899897587,0.759356864571701,-0.0508091530623396,-0.0716127419823893,-0.794960013019692,-0.0450834817333716,1.74596666671986,-0.95909566113103,3.37567907426569,2.19120075433893,2.50284960378482,-1.29037732744948,0.525046151754652,-0.574906354723532,-0.152183763105805,-0.605326890699537,-0.601497411454959,-0.664340991020803,0.817493797048862,0.322764896724967,-1.29442649056329,1.79738147142195,0.816729879197326,-0.368961836167767,-0.368769597078406,-0.15056316141992,-0.0728119696208657,-0.208146073900903,0.008040388901674,0.074821169710056,-0.337114697442373,0.573254640157037,0.446096226230428,-0.536811354739718,-0.493022847663343,-0.411660830371538,-0.003978288008088,-0.983410343189219,0.920236573251436,0.48847244167839,-0.475916620994384,0.185788448261389,-0.87845808831902,-0.432284300951652,-0.391926470155279,-0.270890639840477,-0.106571991079944,0.0877376545918492,0.293783279216066
2013-03-01,8.9738577110031e-05,0.000131164931506849,0.273515004680686,1.49091849996197,0.528912821462871,0.492736632669992,2.00039270641952,-0.0716127419823893,-0.694354367344089,-0.0450834817333716,0.908239040015749,-0.495566769205031,0.786470961345981,1.35009825146668,0.490358960911051,-0.54777737828478,0.0511697637230424,-0.953414512694502,-0.152183763105805,-0.598958814397114,-0.601421912281218,-0.653563347053968,-0.491994552240274,0.328904660058573,-1.49955728272,0.470045911957657,0.816729879197326,-0.368961836167767,-0.368769597078406,-0.15056316141992,-0.0728119696208657,-0.208146073900903,0.008040388901674,0.074821169710056,-0.337114697442373,0.573254640157037,0.446096226230428,-0.536811354739718,-0.493022847663343,-0.411660830371538,-0.003978288008088,-0.983410343189219,0.920236573251436,0.48847244167839,-0.475916620994384,0.185788448261389,-0.87845808831902,-0.432284300951652,-0.391926470155279,-0.270890639840477,-0.106571991079944,0.0877376545918492,0.293783279216066
2013-04-01,5.55879452054795e-05,0.000230215890410959,-1.0260847474106,0.187762525043325,-0.462277320717099,0.5615265185406,2.72252902575776,-0.0716127419823893,-0.757222432276917,-0.0450834817333716,1.16886617802062,-0.79351745413133,0.306945452836263,1.24975535541546,-0.596616721771289,0.508108960450606,-0.678158717997909,-1.08636098574132,-0.152183763105805,-0.597988294654004,-0.601988535201506,-0.652601562395334,-0.63860237389507,0.339017038839325,-1.53186564617416,0.232823267045794,0.816729879197326,-0.368961836167767,-0.368769597078406,-0.15056316141992,-0.0728119696208657,-0.208146073900903,0.008040388901674,0.074821169710056,-0.337114697442373,0.573254640157037,0.446096226230428,-0.536811354739718,-0.493022847663343,-0.411660830371538,-0.003978288008088,-0.983410343189219,0.920236573251436,0.48847244167839,-0.475916620994384,0.185788448261389,-0.87845808831902,-0.432284300951652,-0.391926470155279,-0.270890639840477,-0.106571991079944,0.0877376545918492,0.293783279216066
2013-05-01,0.00019529106495802,0.000964786849315069,0.040928041186547,-0.525709039864459,-1.05216189742263,0.470163496154878,-0.189740697238408,-0.0716127419823893,-0.553783825567975,-0.0450834817333716,0.908239040015749,0.684070405739487,-0.147420136852791,0.755635970639241,-0.639965922721901,1.29454720248693,-1.15026406613544,-1.36878199487066,-0.152183763105805,-0.596933517901983,-0.581303593293758,-0.650215249613785,-0.675697596462137,0.396071235651642,-1.22688371800766,-0.601471849815539,0.816729879197326,-0.368961836167767,-0.368769597078406,-0.15056316141992,-0.0728119696208657,-0.208146073900903,0.008040388901674,0.074821169710056,-0.337114697442373,0.573254640157037,0.446096226230428,-0.536811354739718,-0.493022847663343,-0.411660830371538,-0.003978288008088,-0.983410343189219,0.920236573251436,0.48847244167839,-0.475916620994384,0.185788448261389,-0.87845808831902,-0.432284300951652,-0.391926470155279,-0.270890639840477,-0.106571991079944,0.0877376545918492,0.293783279216066
2013-06-01,0.000355184219178082,0.00145638575342466,-0.631627125952799,-1.02074511164456,-1.2857905264458,0.544319789809129,-0.262189255249588,-0.0716127419823893,-0.42571210966052,-0.0450834817333716,1.16886617802062,0.525252593180441,-0.147617254194959,0.71012580509593,-0.579345991149301,1.4724572039143,-1.3368376239394,-1.46564347403975,-0.152183763105805,-0.606739499110815,-0.598311446542236,-0.665437360961226,-0.691672893496954,0.402275661333662,-0.727062638654707,-0.742203997174251,0.816729879197326,-0.368961836167767,-0.368769597078406,-0.15056316141992,-0.0728119696208657,-0.208146073900903,0.008040388901674,0.074821169710056,-0.337114697442373,0.573254640157037,0.446096226230428,-0.536811354739718,-0.493022847663343,-0.411660830371538,-0.003978288008088,-0.983410343189219,0.920236573251436,0.48847244167839,-0.475916620994384,0.185788448261389,-0.87845808831902,-0.432284300951652,-0.391926470155279,-0.270890639840477,-0.106571991079944,0.0877376545918492,0.293783279216066
2013-07-01,0.000741619726027397,0.00287860602739726,1.51883807341231,-1.05714697466824,-1.20895943914003,0.466118614210662,-0.607712983986239,-0.0716127419823893,1.57486940023004,-0.0450834817333716,0.908239040015749,2.45576495762,-0.372093153925012,0.455035994249679,-0.602165147903077,1.54939176483843,-1.17645870264294,-1.58141183826041,-0.152183763105805,-0.354826576888591,0.212583296750603,-0.260208291487007,-0.691672893496954,0.466696739065367,0.148740637884167,-1.14603343163123,0.816729879197326,-0.368961836167767,-0.368769597078406,-0.15056316141992,-0.0728119696208657,-0.208146073900903,0.008040388901674,0.074821169710056,-0.337114697442373,0.573254640157037,0.446096226230428,-0.536811354739718,-0.493022847663343,-0.411660830371538,-0.003978288008088,-0.983410343189219,0.920236573251436,0.48847244167839,-0.475916620994384,0.185788448261389,-0.87845808831902,-0.432284300951652,-0.391926470155279,-0.270890639840477,-0.106571991079944,0.0877376545918492,0.293783279216066
2013-08-01,0.00213392770658418,0.0069268602739726,2.75783120820184,-0.977096218122148,-0.877949251290405,0.466118614210662,-0.607712983986239,0.0247330062393422,2.90088215088877,-0.0450834817333716,0.908239040015749,2.12096500973759,-0.204130536068898,0.543961678425857,-0.612743686894875,1.15270374620477,-0.566480680653038,-1.5174195676102,-0.152183763105805,1.68734515103569,3.6448078515655,2.95308415326198,-0.691672893496954,0.594904233014849,1.40916384310119,-0.983788085178084,0.816729879197326,-0.368961836167767,-0.368769597078406,-0.15056316141992,-0.0728119696208657,-0.208146073900903,0.008040388901674,0.074821169710056,-0.337114697442373,0.573254640157037,0.446096226230428,-0.536811354739718,-0.493022847663343,-0.411660830371538,-0.003978288008088,-0.983410343189219,0.920236573251436,0.48847244167839,-0.475916620994384,0.185788448261389,-0.87845808831902,-0.432284300951652,-0.391926470155279,-0.270890639840477,-0.106571991079944,0.0877376545918492,0.293783279216066
2013-09-01,0.00121829260273973,0.00530780054794521,1.35696825932014,-0.307394539269915,-0.357039087086362,0.544313992330778,-0.607712983986239,-0.0716127419823893,1.15598080147787,-0.0450834817333716,1.16886617802062,0.369066832231263,0.198934687264305,0.89406659354218,-0.579617518404063,0.433948676065247,0.255842086448665,-1.33408346405006,-0.152183763105805,1.91293923448579,1.90005703690254,2.67120191138832,-0.691672893496954,0.576740996885849,1.4676305463962,-0.407454224645707,0.816729879197326,-0.368961836167767,-0.368769597078406,-0.15056316141992,-0.0728119696208657,-0.208146073900903,0.008040388901674,0.074821169710056,-0.337114697442373,0.573254640157037,0.446096226230428,-0.536811354739718,-0.493022847663343,-0.411660830371538,-0.003978288008088,-0.983410343189219,0.920236573251436,0.48847244167839,-0.475916620994384,0.185788448261389,-0.87845808831902,-0.432284300951652,-0.391926470155279,-0.270890639840477,-0.106571991079944,0.0877376545918492,0.293783279216066
2013-10-01,0.00144124040653999,0.00440227068493151,0.0663463483273048,-0.125308202430659,0.318684687199146,0.466161739968979,-0.607712983986239,-0.0716127419823893,0.0687417452907367,-0.0450834817333716,0.908239040015749,-0.0415600956945728,0.278923864213836,0.926838249439116,-0.572370762891094,0.139454450408629,1.3223011713404,-1.24719795886005,-0.152183763105805,1.98192466053256,1.81567567354385,2.13222253858158,-0.691672893496954,0.558268555111728,1.49373433317621,-0.290816033276611,0.816729879197326,-0.368961836167767,-0.368769597078406,-0.15056316141992,-0.0728119696208657,-0.208146073900903,0.008040388901674,0.074821169710056,-0.337114697442373,0.573254640157037,0.446096226230428,-0.536811354739718,-0.493022847663343,-0.411660830371538,-0.003978288008088,-0.983410343189219,0.920236573251436,0.48847244167839,-0.475916620994384,0.185788448261389,-0.87845808831902,-0.432284300951652,-0.391926470155279,-0.270890639840477,-0.106571991079944,0.0877376545918492,0.293783279216066
2013-11-01,0.00177077216438356,0.00464074520547945,2.6755498772547,0.216867708406058,0.552211971022929,0.548621331730424,-0.607712983986239,-0.0716127419823893,3.00952211205035,-0.0450834817333716,1.16886490259982,1.68243608660845,0.531731046455074,1.31001234912146,-0.534776138955138,0.544238079179862,1.74967554053933,-1.04469215809794,-0.152183763105805,0.393653112760315,-0.420094215956422,0.132572177033923,-0.691672893496954,0.535688305057302,1.16071340726715,0.340978978089836,0.816729879197326,-0.368961836167767,-0.368769597078406,-0.15056316141992,-0.0728119696208657,-0.208146073900903,0.008040388901674,0.074821169710056,-0.337114697442373,0.573254640157037,0.446096226230428,-0.536811354739718,-0.493022847663343,-0.411660830371538,-0.003978288008088,-0.983410343189219,0.920236573251436,0.48847244167839,-0.475916620994384,0.185788448261389,-0.87845808831902,-0.432284300951652,-0.391926470155279,-0.270890639840477,-0.106571991079944,0.0877376545918492,0.293783279216066
2013-12-01,0.000460678674326116,0.00163536657534247,-0.61477043376202,0.966779428799875,1.29384583170166,0.478741800452902,-0.607712983986239,-0.0716127419823893,-0.256915705444575,-0.0450834817333716,0.908239040015749,-0.495499973545746,0.532380926724669,1.32128620627412,-0.333540885915667,-0.626541979007039,2.30855046582135,-0.974051223941874,-0.152183763105805,-0.206330644691867,-0.544041344872681,-0.361580459925693,-0.644620096436491,0.472639355588014,0.837370253218556,0.417580218125347,0.816729879197326,-0.368961836167767,-0.368769597078406,-0.15056316141992,-0.0728119696208657,-0.208146073900903,0.008040388901674,0.074821169710056,-0.337114697442373,0.573254640157037,0.446096226230428,-0.536811354739718,-0.493022847663343,-0.411660830371538,-0.003978288008088,-0.983410343189219,0.920236573251436,0.48847244167839,-0.475916620994384,0.185788448261389,-0.87845808831902,-0.432284300951652,-0.391926470155279,-0.270890639840477,-0.106571991079944,0.0877376545918492,0.293783279216066
2014-01-01,7.54688113124171e-05,0.000623079452054795,-1.16281975029728,1.65116532057289,1.81879800511389,0.505682214813197,-0.188297492591758,-0.0716127419823893,-0.733008918602993,-0.0450834817333716,0.908239040015749,-0.915260487321479,0.815108902948133,1.5191006213194,1.72330738257304,-1.7426646901996,0.795238698628066,-0.837018677046477,-0.152183763105805,-0.499204244879137,-0.604468423976318,-0.612754799389232,3.7794094880902,0.383626498376965,-0.0793659705865806,0.772889980517832,0.816729879197326,-0.368961836167767,-0.368769597078406,-0.15056316141992,-0.0728119696208657,-0.208146073900903,0.008040388901674,0.074821169710056,-0.337114697442373,0.573254640157037,0.446096226230428,-0.536811354739718,-0.493022847663343,-0.411660830371538,-0.003978288008088,-0.983410343189219,0.920236573251436,0.48847244167839,-0.475916620994384,0.185788448261389,-0.87845808831902,-0.432284300951652,-0.391926470155279,-0.270890639840477,-0.106571991079944,0.0877376545918492,0.293783279216066
2014-02-01,2.57443444227006e-05,0.000192157808219178,-1.0476421629183,1.61480640917048,1.17602067334478,0.765974031555796,2.30956095719036,-0.0716127419823893,-0.779075618866939,-0.0450834817333716,1.74596666671986,-0.960348749860881,4.18193524826911,2.19120075433893,4.10139945221622,-1.85834709470559,-0.038061390084677,-0.574906354723532,-0.152183763105805,-0.559405527290782,-0.603130155749533,-0.647079351200185,2.34523858410197,0.33597565148836,-0.673219454440099,1.79738147142195,0.816729879197326,-0.368961836167767,-0.368769597078406,-0.15056316141992,-0.0728119696208657,-0.208146073900903,0.008040388901674,0.074821169710056,-0.337114697442373,0.573254640157037,0.446096226230428,-0.536811354739718,-0.493022847663343,-0.411660830371538,-0.003978288008088,-0.983410343189219,0.920236573251436,0.48847244167839,-0.475916620994384,0.185788448261389,-0.87845808831902,-0.432284300951652,-0.391926470155279,-0.270890639840477,-0.106571991079944,0.0877376545918492,0.293783279216066
2014-03-01,3.0138824569156e-05,7.15134246575343e-05,-0.377060721430306,1.14147692199085,0.213484458018177,0.49382880278522,-0.188297492591758,-0.0716127419823893,-0.72128688320417,-0.0450834817333716,0.908239040015749,-0.952443901507766,2.06264490759861,1.35009825146668,1.16226270481567,-1.36807607335884,-0.491858949333379,-0.953414512694502,-0.152183763105805,-0.581684524694903,-0.603390219029149,-0.653841085538664,0.644100742726888,0.318972275074889,-0.995689612339979,0.470045911957657,0.816729879197326,-0.368961836167767,-0.368769597078406,-0.15056316141992,-0.0728119696208657,-0.208146073900903,0.008040388901674,0.074821169710056,-0.337114697442373,0.573254640157037,0.446096226230428,-0.536811354739718,-0.493022847663343,-0.411660830371538,-0.003978288008088,-0.983410343189219,0.920236573251436,0.48847244167839,-0.475916620994384,0.185788448261389,-0.87845808831902,-0.432284300951652,-0.391926470155279,-0.270890639840477,-0.106571991079944,0.0877376545918492,0.293783279216066
2014-04-01,7.23129863013699e-05,0.000283528767123288,0.135158772038602,0.304241497980726,-0.547793790967913,0.548655929585101,2.11349048853196,-0.0716127419823893,-0.567528032559236,-0.0450834817333716,1.16886617802062,0.288190691202891,0.351789214636861,1.24975535541546,-0.590595080320073,0.145340710811795,-0.673619654650598,-1.08636098574132,-0.152183763105805,-0.591848089108107,-0.599501919746244,-0.649783793281184,-0.661751243502263,0.338560904088385,-1.07822196670281,0.232823267045794,0.816729879197326,-0.368961836167767,-0.368769597078406,-0.15056316141992,-0.0728119696208657,-0.208146073900903,0.008040388901674,0.074821169710056,-0.337114697442373,0.573254640157037,0.446096226230428,-0.536811354739718,-0.493022847663343,-0.411660830371538,-0.003978288008088,-0.983410343189219,0.920236573251436,0.48847244167839,-0.475916620994384,0.185788448261389,-0.87845808831902,-0.432284300951652,-0.391926470155279,-0.270890639840477,-0.106571991079944,0.0877376545918492,0.293783279216066
2014-05-01,0.000181193530711445,0.000993744657534247,-0.267438941580473,-0.329158344165837,-1.06547879323869,0.466118614210662,0.144637087124048,-0.0716127419823893,-0.272035979964257,-0.0450834817333716,0.908239040015749,0.165879444560526,0.0461161439226875,0.755635970639241,-0.612975737782321,1.43139033715787,-1.12231983225711,-1.36878199487066,-0.152183763105805,-0.599901343770035,-0.591284047019247,-0.654683584022281,-0.691672893496954,0.409341574568547,-0.698878280553139,-0.601471849815539,0.816729879197326,-0.368961836167767,-0.368769597078406,-0.15056316141992,-0.0728119696208657,-0.208146073900903,0.008040388901674,0.074821169710056,-0.337114697442373,0.573254640157037,0.446096226230428,-0.536811354739718,-0.493022847663343,-0.411660830371538,-0.003978288008088,-0.983410343189219,0.920236573251436,0.48847244167839,-0.475916620994384,0.185788448261389,-0.87845808831902,-0.432284300951652,-0.391926470155279,-0.270890639840477,-0.106571991079944,0.0877376545918492,0.293783279216066
2014-06-01,0.000278822575342467,0.00173917808219178,-0.0915620277410033,-0.875131835601193,-1.29220023771405,0.544313992330778,-0.607712983986239,-0.0716127419823893,0.309548426646097,-0.0450834817333716,1.16886617802062,0.84689098601042,0.0618616864563207,0.71012580509593,-0.597173650164764,1.55425472318055,-1.32642951067441,-1.46564347403975,-0.152183763105805,-0.582626303354105,-0.469555388166607,-0.626375468152099,-0.691672893496954,0.418930673576882,-0.163709810354938,-0.742203997174251,0.816729879197326,-0.368961836167767,-0.368769597078406,-0.15056316141992,-0.0728119696208657,-0.208146073900903,0.008040388901674,0.074821169710056,-0.337114697442373,0.573254640157037,0.446096226230428,-0.536811354739718,-0.493022847663343,-0.411660830371538,-0.003978288008088,-0.983410343189219,0.920236573251436,0.48847244167839,-0.475916620994384,0.185788448261389,-0.87845808831902,-0.432284300951652,-0.391926470155279,-0.270890639840477,-0.106571991079944,0.0877376545918492,0.293783279216066
2014-07-01,0.000603697039328324,0.00349027068493151,1.75051796482375,-1.14450632085026,-1.22032690539906,0.466124149867411,-0.607712983986239,-0.0716127419823893,2.11948880298753,-0.0450834817333716,0.908239040015749,2.04476125029568,-0.138140736810323,0.455035994249679,-0.623702395361362,1.22137044996712,-1.15799925322524,-1.58141183826041,-0.152183763105805,0.233006168907069,1.10052892416727,0.684087667879266,-0.691672893496954,0.498885723815081,0.711674997111244,-1.14603343163123,0.816729879197326,-0.368961836167767,-0.368769597078406,-0.15056316141992,-0.0728119696208657,-0.208146073900903,0.008040388901674,0.074821169710056,-0.337114697442373,0.573254640157037,0.446096226230428,-0.536811354739718,-0.493022847663343,-0.411660830371538,-0.003978288008088,-0.983410343189219,0.920236573251436,0.48847244167839,-0.475916620994384,0.185788448261389,-0.87845808831902,-0.432284300951652,-0.391926470155279,-0.270890639840477,-0.106571991079944,0.0877376545918492,0.293783279216066
2014-08-01,0.00103034598320813,0.0040740295890411,-1.15145448003612,-1.07903675157339,-0.913021086450207,0.466118614210662,-0.607712983986239,-0.0716127419823893,-0.624452587842889,-0.0450834817333716,0.908239040015749,-0.109146998921584,-0.0720045446869273,0.543961678425857,-0.613776978069036,0.258622922938757,-0.650846644713184,-1.5174195676102,-0.152183763105805,0.982718246426695,1.53571135792841,1.8499840520163,-0.691672893496954,0.556655269015872,1.28253672063564,-0.983788085178084,0.816729879197326,-0.368961836167767,-0.368769597078406,-0.15056316141992,-0.0728119696208657,-0.208146073900903,0.008040388901674,0.074821169710056,-0.337114697442373,0.573254640157037,0.446096226230428,-0.536811354739718,-0.493022847663343,-0.411660830371538,-0.003978288008088,-0.983410343189219,0.920236573251436,0.48847244167839,-0.475916620994384,0.185788448261389,-0.87845808831902,-0.432284300951652,-0.391926470155279,-0.270890639840477,-0.106571991079944,0.0877376545918492,0.293783279216066
2014-09-01,0.000258054136986301,0.00180711452054795,-0.285652022537825,-0.387511980028015,-0.226551553992758,0.544354387663807,-0.607712983986239,-0.0716127419823893,-0.129924426017151,-0.0450834817333716,1.16886617802062,-0.578366437875909,0.28778200542022,0.89406659354218,-0.57935767277168,-0.314143428510672,0.245124075585265,-1.33408346405006,-0.152183763105805,0.0947260854750083,0.133026156033009,0.442915363579667,-0.655642509790491,0.521270745487734,1.00394032226023,-0.407454224645707,0.816729879197326,-0.368961836167767,-0.368769597078406,-0.15056316141992,-0.0728119696208657,-0.208146073900903,0.008040388901674,0.074821169710056,-0.337114697442373,0.573254640157037,0.446096226230428,-0.536811354739718,-0.493022847663343,-0.411660830371538,-0.003978288008088,-0.983410343189219,0.920236573251436,0.48847244167839,-0.475916620994384,0.185788448261389,-0.87845808831902,-0.432284300951652,-0.391926470155279,-0.270890639840477,-0.106571991079944,0.0877376545918492,0.293783279216066
2014-10-01,0.000202044577993814,0.00144970520547945,-0.0139175013337695,0.107623826872664,0.310307873062753,0.478264069535205,-0.607712983986239,-0.0716127419823893,-0.0496503961136489,-0.0450834817333716,0.908239040015749,-0.35609635178285,0.313776493633127,0.926838249439116,-0.495413064585704,-0.403460975955364,0.938891601590442,-1.24719795886005,-0.152183763105805,-0.311056813038942,-0.259749048866747,-0.192671767878427,-0.575548033826841,0.507818494344576,0.630773592844732,-0.290816033276611,0.816729879197326,-0.368961836167767,-0.368769597078406,-0.15056316141992,-0.0728119696208657,-0.208146073900903,0.008040388901674,0.074821169710056,-0.337114697442373,0.573254640157037,0.446096226230428,-0.536811354739718,-0.493022847663343,-0.411660830371538,-0.003978288008088,-0.983410343189219,0.920236573251436,0.48847244167839,-0.475916620994384,0.185788448261389,-0.87845808831902,-0.432284300951652,-0.391926470155279,-0.270890639840477,-0.106571991079944,0.0877376545918492,0.293783279216066
2014-11-01,7.45547397260273e-05,0.00094848,-1.16389404359617,0.537206723791336,1.00545229377242,0.585073163880169,-0.607712983986239,-0.0716127419823893,-0.72289384051806,-0.0450834817333716,1.16886490259982,-0.813989603144789,0.666912501154823,1.31001234912146,0.569681874567967,-1.24334465989888,0.896907016037878,-1.04469215809794,-0.152183763105805,-0.49163939312605,-0.483652208656909,-0.480005629612591,1.64435047855546,0.455017567884302,0.146835450728486,0.340978978089836,0.816729879197326,-0.368961836167767,-0.368769597078406,-0.15056316141992,-0.0728119696208657,-0.208146073900903,0.008040388901674,0.074821169710056,-0.337114697442373,0.573254640157037,0.446096226230428,-0.536811354739718,-0.493022847663343,-0.411660830371538,-0.003978288008088,-0.983410343189219,0.920236573251436,0.48847244167839,-0.475916620994384,0.185788448261389,-0.87845808831902,-0.432284300951652,-0.391926470155279,-0.270890639840477,-0.106571991079944,0.0877376545918492,0.293783279216066
2014-12-01,8.16776314626603e-05,0.000494386849315069,-0.00175731310243293,1.01770374457067,1.15707278488807,0.491364967993598,-0.104703054543253,-0.0716127419823893,-0.630656534679589,-0.0450834817333716,0.908239040015749,-0.854411064813813,0.904395977755234,1.32128620627412,0.470875862546171,-0.9060228201273,0.899585393490118,-0.974051223941874,-0.152183763105805,-0.589159549032622,-0.593361464067695,-0.637274227058454,0.55005942689423,0.396734786452121,-0.34671472484759,0.417580218125347,0.816729879197326,-0.368961836167767,-0.368769597078406,-0.15056316141992,-0.0728119696208657,-0.208146073900903,0.008040388901674,0.074821169710056,-0.337114697442373,0.573254640157037,0.446096226230428,-0.536811354739718,-0.493022847663343,-0.411660830371538,-0.003978288008088,-0.983410343189219,0.920236573251436,0.48847244167839,-0.475916620994384,0.185788448261389,-0.87845808831902,-0.432284300951652,-0.391926470155279,-0.270890639840477,-0.106571991079944,0.0877376545918492,0.293783279216066
2015-01-01,0.000109081961997349,0.000362985205479452,0.0823035991882618,1.49096858592033,1.3651716763844,0.494618381933592,0.565495750996744,-0.0716127419823893,-0.678715135497363,-0.0450834817333716,0.908239040015749,-0.723882060616597,1.02606058761263,1.5191006213194,1.43264982696954,-0.323594415055013,1.05078068837698,-0.837018677046477,-0.152183763105805,-0.607270047493561,-0.602344216183219,-0.667175939248075,1.49775580344726,0.36810866324538,-0.743021616578712,0.772889980517832,0.816729879197326,-0.368961836167767,-0.368769597078406,-0.15056316141992,-0.0728119696208657,-0.208146073900903,0.008040388901674,0.074821169710056,-0.337114697442373,0.573254640157037,0.446096226230428,-0.536811354739718,-0.493022847663343,-0.411660830371538,-0.003978288008088,-0.983410343189219,0.920236573251436,0.48847244167839,-0.475916620994384,0.185788448261389,-0.87845808831902,-0.432284300951652,-0.391926470155279,-0.270890639840477,-0.106571991079944,0.0877376545918492,0.293783279216066
2015-02-01,0.000406591937377691,0.000105915616438356,-0.453030611789381,1.64391042774349,1.07168852292739,0.746243342571736,2.59151406898209,-0.0716127419823893,-0.643018497714718,-0.0450834817333716,1.74596666671986,-0.934064906524645,3.50491391495308,2.19120075433893,2.87786068699361,-0.502547196437815,0.539291864037851,-0.574906354723532,-0.152183763105805,-0.596009960189858,-0.601907761595434,-0.649476759264503,1.81206711479023,0.349812491258733,-1.07163772623575,1.79738147142195,0.816729879197326,-0.368961836167767,-0.368769597078406,-0.15056316141992,-0.0728119696208657,-0.208146073900903,0.008040388901674,0.074821169710056,-0.337114697442373,0.573254640157037,0.446096226230428,-0.536811354739718,-0.493022847663343,-0.411660830371538,-0.003978288008088,-0.983410343189219,0.920236573251436,0.48847244167839,-0.475916620994384,0.185788448261389,-0.87845808831902,-0.432284300951652,-0.391926470155279,-0.270890639840477,-0.106571991079944,0.0877376545918492,0.293783279216066
2015-03-01,0.00010126281926646,0.000134347397260274,-0.389465452847833,0.646441287006895,0.201874098614011,0.486842280325513,2.28015096592342,-0.0716127419823893,-0.720342458990293,-0.0450834817333716,0.908239040015749,-0.820657978818788,1.83467812332501,1.35009825146668,0.0778295914460653,-0.041993401737698,-0.173129156843244,-0.953414512694502,-0.152183763105805,-0.598919896438843,-0.601782104198485,-0.653936560482467,0.23580874359171,0.344609937006415,-1.30576356833767,0.470045911957657,0.816729879197326,-0.368961836167767,-0.368769597078406,-0.15056316141992,-0.0728119696208657,-0.208146073900903,0.008040388901674,0.074821169710056,-0.337114697442373,0.573254640157037,0.446096226230428,-0.536811354739718,-0.493022847663343,-0.411660830371538,-0.003978288008088,-0.983410343189219,0.920236573251436,0.48847244167839,-0.475916620994384,0.185788448261389,-0.87845808831902,-0.432284300951652,-0.391926470155279,-0.270890639840477,-0.106571991079944,0.0877376545918492,0.293783279216066
2015-04-01,8.39793972602741e-05,0.000196734246575343,-1.04973362659781,-0.0233672613030076,-0.585478990938242,0.555771679707416,2.37632911652734,-0.0716127419823893,-0.718769439314682,-0.0450834817333716,1.16886617802062,-0.773118650642774,0.704731862185081,1.24975535541546,-0.470952530274598,0.839379079517592,-0.746407531360838,-1.08636098574132,-0.152183763105805,-0.602496032457065,-0.602682537116098,-0.659775921688477,-0.361260125392111,0.344806970968598,-1.35728638324393,0.232823267045794,0.816729879197326,-0.368961836167767,-0.368769597078406,-0.15056316141992,-0.0728119696208657,-0.208146073900903,0.008040388901674,0.074821169710056,-0.337114697442373,0.573254640157037,0.446096226230428,-0.536811354739718,-0.493022847663343,-0.411660830371538,-0.003978288008088,-0.983410343189219,0.920236573251436,0.48847244167839,-0.475916620994384,0.185788448261389,-0.87845808831902,-0.432284300951652,-0.391926470155279,-0.270890639840477,-0.106571991079944,0.0877376545918492,0.293783279216066
2015-05-01,0.000279935660627486,0.00126459616438356,0.608862893229734,-0.736832245148821,-1.00238240230134,0.466134903254675,0.480458076133154,-0.0716127419823893,-0.286072147478541,-0.0450834817333716,0.908239040015749,1.14899254919624,-0.130632502563754,0.755635970639241,-0.553957910966882,1.57862964525498,-1.04017620131361,-1.36878199487066,-0.152183763105805,-0.594448590016258,-0.5927833032724,-0.64650069128153,-0.691672893496954,0.416622803267261,-0.835148343338519,-0.601471849815539,0.816729879197326,-0.368961836167767,-0.368769597078406,-0.15056316141992,-0.0728119696208657,-0.208146073900903,0.008040388901674,0.074821169710056,-0.337114697442373,0.573254640157037,0.446096226230428,-0.536811354739718,-0.493022847663343,-0.411660830371538,-0.003978288008088,-0.983410343189219,0.920236573251436,0.48847244167839,-0.475916620994384,0.185788448261389,-0.87845808831902,-0.432284300951652,-0.391926470155279,-0.270890639840477,-0.106571991079944,0.0877376545918492,0.293783279216066
2015-06-01,0.000386040109589042,0.00148392328767123,-0.482894595553967,-1.22458083910684,-1.27546116539392,0.545755507270534,-0.175808290896991,-0.0716127419823893,-0.156113035650696,-0.0450834817333716,1.16886617802062,0.63982588334267,-0.317387599934633,0.71012580509593,-0.541753152340626,1.63055757594814,-1.33452205648114,-1.46564347403975,-0.152183763105805,-0.598616446518191,-0.570637663640166,-0.652318714814041,-0.691672893496954,0.433385473242395,-0.27290865258381,-0.742203997174251,0.816729879197326,-0.368961836167767,-0.368769597078406,-0.15056316141992,-0.0728119696208657,-0.208146073900903,0.008040388901674,0.074821169710056,-0.337114697442373,0.573254640157037,0.446096226230428,-0.536811354739718,-0.493022847663343,-0.411660830371538,-0.003978288008088,-0.983410343189219,0.920236573251436,0.48847244167839,-0.475916620994384,0.185788448261389,-0.87845808831902,-0.432284300951652,-0.391926470155279,-0.270890639840477,-0.106571991079944,0.0877376545918492,0.293783279216066
2015-07-01,0.000259632699955811,0.00154586301369863,0.232398802503091,-1.49395261621979,-1.19715707032626,0.466118614210662,-0.607712983986239,-0.0716127419823893,0.318876599052254,-0.0450834817333716,0.908239040015749,0.412731810412733,-0.715396416607202,0.455035994249679,-0.61744743464279,1.3514149172241,-1.16195171665225,-1.58141183826041,-0.152183763105805,-0.316989425030066,0.121247644662894,-0.198080771604729,-0.691672893496954,0.439109727384273,0.265810672418773,-1.14603343163123,0.816729879197326,-0.368961836167767,-0.368769597078406,-0.15056316141992,-0.0728119696208657,-0.208146073900903,0.008040388901674,0.074821169710056,-0.337114697442373,0.573254640157037,0.446096226230428,-0.536811354739718,-0.493022847663343,-0.411660830371538,-0.003978288008088,-0.983410343189219,0.920236573251436,0.48847244167839,-0.475916620994384,0.185788448261389,-0.87845808831902,-0.432284300951652,-0.391926470155279,-0.270890639840477,-0.106571991079944,0.0877376545918492,0.293783279216066
2015-08-01,0.000444183473265576,0.00242993095890411,-0.451221584717093,-1.41388523230031,-0.950205646103491,0.46614565664194,-0.607712983986239,2.36802533210724,-0.357156313773955,-0.0450834817333716,0.908239040015749,-0.10646249074218,-0.534612789687723,0.543961678425857,-0.608764325006549,0.861264224472272,-0.738860063247175,-1.5174195676102,-0.152183763105805,0.663088065745127,1.50495205306017,1.38128033562802,-0.691672893496954,0.529393261808482,0.684038622543318,-0.983788085178084,0.816729879197326,-0.368961836167767,-0.368769597078406,-0.15056316141992,-0.0728119696208657,-0.208146073900903,0.008040388901674,0.074821169710056,-0.337114697442373,0.573254640157037,0.446096226230428,-0.536811354739718,-0.493022847663343,-0.411660830371538,-0.003978288008088,-0.983410343189219,0.920236573251436,0.48847244167839,-0.475916620994384,0.185788448261389,-0.87845808831902,-0.432284300951652,-0.391926470155279,-0.270890639840477,-0.106571991079944,0.0877376545918492,0.293783279216066
2015-09-01,0.000298722191780823,0.00208375232876712,-0.546383357193221,-0.627701814135068,-0.390242494330112,0.545772899705588,-0.607712983986239,-0.0716127419823893,-0.245006846193155,-0.0450834817333716,1.16886617802062,-0.567323627445392,-0.0463544337660918,0.89406659354218,-0.495857498642489,0.260125299760978,0.0355756105462577,-1.33408346405006,-0.152183763105805,0.194274007669508,0.167155187441004,0.624940829169371,-0.609254810187078,0.528501756481309,0.537347306209709,-0.407454224645707,0.816729879197326,-0.368961836167767,-0.368769597078406,-0.15056316141992,-0.0728119696208657,-0.208146073900903,0.008040388901674,0.074821169710056,-0.337114697442373,0.573254640157037,0.446096226230428,-0.536811354739718,-0.493022847663343,-0.411660830371538,-0.003978288008088,-0.983410343189219,0.920236573251436,0.48847244167839,-0.475916620994384,0.185788448261389,-0.87845808831902,-0.432284300951652,-0.391926470155279,-0.270890639840477,-0.106571991079944,0.0877376545918492,0.293783279216066
2015-10-01,9.23025364560318e-05,0.0010173895890411,-1.42955686451272,0.340598371001109,0.563935784887432,0.498939092936532,-0.607712983986239,-0.0716127419823893,-0.779730632297071,-0.0450834817333716,0.908239040015749,-0.869353138506617,0.157998299875385,0.926838249439116,0.444851368829264,-0.995782997631825,0.575141012267276,-1.24719795886005,-0.152183763105805,-0.434203018848997,-0.497598347867513,-0.387293475271216,1.20509498524147,0.47384153359439,0.105700382409527,-0.290816033276611,0.816729879197326,-0.368961836167767,-0.368769597078406,-0.15056316141992,-0.0728119696208657,-0.208146073900903,0.008040388901674,0.074821169710056,-0.337114697442373,0.573254640157037,0.446096226230428,-0.536811354739718,-0.493022847663343,-0.411660830371538,-0.003978288008088,-0.983410343189219,0.920236573251436,0.48847244167839,-0.475916620994384,0.185788448261389,-0.87845808831902,-0.432284300951652,-0.391926470155279,-0.270890639840477,-0.106571991079944,0.0877376545918492,0.293783279216066
2015-11-01,0.000107957479452055,0.00057678904109589,-0.525322209942965,0.697322214360275,1.05498165503152,0.575630474261498,-0.0879360622565591,-0.0716127419823893,-0.627536058149411,-0.0450834817333716,1.16886490259982,-0.90051382876134,0.567418100752426,1.31001234912146,1.0114044169677,-1.1838413892366,0.627820103176703,-1.04469215809794,-0.152183763105805,-0.584533348604899,-0.583494592749479,-0.629465932130041,1.36880797186242,0.401274692694166,-0.342843763278928,0.340978978089836,0.816729879197326,-0.368961836167767,-0.368769597078406,-0.15056316141992,-0.0728119696208657,-0.208146073900903,0.008040388901674,0.074821169710056,-0.337114697442373,0.573254640157037,0.446096226230428,-0.536811354739718,-0.493022847663343,-0.411660830371538,-0.003978288008088,-0.983410343189219,0.920236573251436,0.48847244167839,-0.475916620994384,0.185788448261389,-0.87845808831902,-0.432284300951652,-0.391926470155279,-0.270890639840477,-0.106571991079944,0.0877376545918492,0.293783279216066
2015-12-01,1.9384958020327e-05,0.000180164383561644,-0.930547505983696,1.37443690624768,1.69738800872397,0.507010772432817,-0.0211086164947475,-0.0716127419823893,-0.786859316638603,-0.0450834817333716,0.908239040015749,-0.953542047365909,1.4888171041626,1.32128620627412,1.86843917001349,-1.53581169146055,0.489670614476077,-0.974051223941874,-0.152183763105805,-0.60531298626411,-0.600745720931692,-0.664414835358562,2.26210418991829,0.362220778378895,-0.800454411818971,0.417580218125347,0.816729879197326,-0.368961836167767,-0.368769597078406,-0.15056316141992,-0.0728119696208657,-0.208146073900903,0.008040388901674,0.074821169710056,-0.337114697442373,0.573254640157037,0.446096226230428,-0.536811354739718,-0.493022847663343,-0.411660830371538,-0.003978288008088,-0.983410343189219,0.920236573251436,0.48847244167839,-0.475916620994384,0.185788448261389,-0.87845808831902,-0.432284300951652,-0.391926470155279,-0.270890639840477,-0.106571991079944,0.0877376545918492,0.293783279216066
2016-01-01,4.24784091913389e-05,0.000676497534246575,2.23221417747984,1.76757032936248,1.46973918115575,0.50381467872233,2.2810481435624,-0.0716127419823893,-0.150526999840929,-0.0450834817333716,0.908239040015749,0.905975241350438,3.26934741895667,1.5191006213194,3.14677460937079,-1.15694506391425,0.422803574815471,-0.837018677046477,-0.152183763105805,-0.596993502141438,-0.593647836412167,-0.650739539088416,1.15021278670253,0.35332152393575,-1.23483364921863,0.772889980517832,0.816729879197326,-0.368961836167767,-0.368769597078406,-0.15056316141992,-0.0728119696208657,-0.208146073900903,0.008040388901674,0.074821169710056,-0.337114697442373,0.573254640157037,0.446096226230428,-0.536811354739718,-0.493022847663343,-0.411660830371538,-0.003978288008088,-0.983410343189219,0.920236573251436,0.48847244167839,-0.475916620994384,0.185788448261389,-0.87845808831902,-0.432284300951652,-0.391926470155279,-0.270890639840477,-0.106571991079944,0.0877376545918492,0.293783279216066
2016-02-01,0.00108724512045347,0.00122293479452055,-0.936634243343042,1.73126791026194,1.13087734850255,0.735348104102898,-0.159372279633152,-0.0716127419823893,-0.674026945523431,-0.0450834817333716,1.74596666671986,-0.64373593417628,0.774874709962141,2.19120075433893,-0.0536239713882391,0.180302377488116,1.34199103400185,-0.574906354723532,-0.152183763105805,-0.595083754874612,-0.589463987751765,-0.651579902495169,0.587926664310603,0.388595229966258,-0.838934826156516,1.79738147142195,0.816729879197326,-0.368961836167767,-0.368769597078406,-0.15056316141992,-0.0728119696208657,-0.208146073900903,0.008040388901674,0.074821169710056,-0.337114697442373,0.573254640157037,0.446096226230428,-0.536811354739718,-0.493022847663343,-0.411660830371538,-0.003978288008088,-0.983410343189219,0.920236573251436,0.48847244167839,-0.475916620994384,0.185788448261389,-0.87845808831902,-0.432284300951652,-0.391926470155279,-0.270890639840477,-0.106571991079944,0.0877376545918492,0.293783279216066
2016-03-01,9.698587715422e-05,0.000217012602739726,-0.757795071238261,1.25795822450771,0.2095778241376,0.480178172468314,2.44911470322706,-0.0716127419823893,-0.673835829577002,-0.0450834817333716,0.908239040015749,-0.915909558108178,0.683258066565787,1.35009825146668,0.429398899955483,-0.227523603371772,-0.0455576462011207,-0.953414512694502,-0.152183763105805,-0.596988871510508,-0.603106718482979,-0.653661852952886,0.814201820106697,0.356004503575438,-1.10376501473713,0.470045911957657,0.816729879197326,-0.368961836167767,-0.368769597078406,-0.15056316141992,-0.0728119696208657,-0.208146073900903,0.008040388901674,0.074821169710056,-0.337114697442373,0.573254640157037,0.446096226230428,-0.536811354739718,-0.493022847663343,-0.411660830371538,-0.003978288008088,-0.983410343189219,0.920236573251436,0.48847244167839,-0.475916620994384,0.185788448261389,-0.87845808831902,-0.432284300951652,-0.391926470155279,-0.270890639840477,-0.106571991079944,0.0877376545918492,0.293783279216066
2016-04-01,3.49063013698631e-05,5.78367123287671e-05,-0.970160270298177,0.624565953494386,-0.3786015202303,0.577100883085296,2.37603734882617,-0.0716127419823893,-0.781614404800441,-0.0450834817333716,1.16886617802062,-0.858842672187224,1.49947357983081,1.24975535541546,1.0462527635138,-0.697995514745306,-0.839013150690426,-1.08636098574132,-0.152183763105805,-0.601819741029614,-0.601431735353908,-0.660382176479226,0.821924041890253,0.343222574159293,-1.24509448144591,0.232823267045794,0.816729879197326,-0.368961836167767,-0.368769597078406,-0.15056316141992,-0.0728119696208657,-0.208146073900903,0.008040388901674,0.074821169710056,-0.337114697442373,0.573254640157037,0.446096226230428,-0.536811354739718,-0.493022847663343,-0.411660830371538,-0.003978288008088,-0.983410343189219,0.920236573251436,0.48847244167839,-0.475916620994384,0.185788448261389,-0.87845808831902,-0.432284300951652,-0.391926470155279,-0.270890639840477,-0.106571991079944,0.0877376545918492,0.293783279216066
2016-05-01,0.00041210428634556,0.00219855780821918,1.66370064504819,-0.358285076138563,-0.916579532504232,0.466118614210662,-0.189740697238408,-0.0716127419823893,0.375515880581019,-0.0450834817333716,0.908239040015749,2.28855495860404,-0.454130819382773,0.755635970639241,-0.563083231080312,1.67127859131161,-0.911759317629492,-1.36878199487066,-0.152183763105805,-0.591840275783025,-0.583063657215448,-0.642630531394223,-0.691672893496954,0.442873234050249,-0.66971962048397,-0.601471849815539,0.816729879197326,-0.368961836167767,-0.368769597078406,-0.15056316141992,-0.0728119696208657,-0.208146073900903,0.008040388901674,0.074821169710056,-0.337114697442373,0.573254640157037,0.446096226230428,-0.536811354739718,-0.493022847663343,-0.411660830371538,-0.003978288008088,-0.983410343189219,0.920236573251436,0.48847244167839,-0.475916620994384,0.185788448261389,-0.87845808831902,-0.432284300951652,-0.391926470155279,-0.270890639840477,-0.106571991079944,0.0877376545918492,0.293783279216066
2016-06-01,0.00457604909589041,0.00892216109589041,4.62464974248671,-1.04984790718835,-1.29323113946339,0.544313992330778,-0.607712983986239,-0.0716127419823893,6.94216133036387,-0.0450834817333716,1.16886617802062,5.39120936930927,-0.415318645932653,0.71012580509593,-0.597061281100164,1.06518624124351,-1.2438636183095,-1.46564347403975,-0.152183763105805,0.736540146187283,2.17378600962963,0.89555442003375,-0.691672893496954,0.579842306936655,1.55208108841931,-0.742203997174251,0.816729879197326,-0.368961836167767,-0.368769597078406,-0.15056316141992,-0.0728119696208657,-0.208146073900903,0.008040388901674,0.074821169710056,-0.337114697442373,0.573254640157037,0.446096226230428,-0.536811354739718,-0.493022847663343,-0.411660830371538,-0.003978288008088,-0.983410343189219,0.920236573251436,0.48847244167839,-0.475916620994384,0.185788448261389,-0.87845808831902,-0.432284300951652,-0.391926470155279,-0.270890639840477,-0.106571991079944,0.0877376545918492,0.293783279216066
2016-07-01,0.00179886776844896,0.00650238246575342,1.45551341784661,-1.15909228375738,-1.11682690339454,0.466118614210662,-0.607712983986239,1.57637492385792,1.36467817184182,-0.0450834817333716,0.908239040015749,1.1710354770388,-0.613190785664917,0.455035994249679,-0.621854256219724,0.238866094248471,-0.959508691174732,-1.58141183826041,-0.152183763105805,4.09281284871903,4.59445729186479,3.48367096593319,-0.691672893496954,0.586787359132881,2.46009004895524,-1.14603343163123,0.816729879197326,-0.368961836167767,-0.368769597078406,-0.15056316141992,-0.0728119696208657,-0.208146073900903,0.008040388901674,0.074821169710056,-0.337114697442373,0.573254640157037,0.446096226230428,-0.536811354739718,-0.493022847663343,-0.411660830371538,-0.003978288008088,-0.983410343189219,0.920236573251436,0.48847244167839,-0.475916620994384,0.185788448261389,-0.87845808831902,-0.432284300951652,-0.391926470155279,-0.270890639840477,-0.106571991079944,0.0877376545918492,0.293783279216066
2016-08-01,0.000937423243482103,0.00546802849315069,-0.231992299013977,-1.06444365432919,-0.887785697112746,0.466118614210662,-0.607712983986239,-0.0716127419823893,-0.27999994044264,-0.0450834817333716,0.908239040015749,-0.248753637696384,-0.265482875276036,0.543961678425857,-0.615053923457966,-0.573497496681807,-0.535170345712344,-1.5174195676102,-0.152183763105805,5.20487680432867,2.87564590212344,3.78804239942676,-0.691672893496954,0.576029372506969,2.3722831691117,-0.983788085178084,0.816729879197326,-0.368961836167767,-0.368769597078406,-0.15056316141992,-0.0728119696208657,-0.208146073900903,0.008040388901674,0.074821169710056,-0.337114697442373,0.573254640157037,0.446096226230428,-0.536811354739718,-0.493022847663343,-0.411660830371538,-0.003978288008088,-0.983410343189219,0.920236573251436,0.48847244167839,-0.475916620994384,0.185788448261389,-0.87845808831902,-0.432284300951652,-0.391926470155279,-0.270890639840477,-0.106571991079944,0.0877376545918492,0.293783279216066
2016-09-01,0.00067838597260274,0.00502932164383562,2.11948820736126,-0.518517336877872,-0.530551072750072,0.544313992330778,-0.607712983986239,-0.0716127419823893,3.35098827345336,-0.0450834817333716,1.16886617802062,0.696502072301391,0.166189652653059,0.89406659354218,-0.582256876065227,-0.246049795620023,0.115429442568178,-1.33408346405006,-0.152183763105805,3.16934883747139,0.815392331722303,1.75129123423531,-0.691672893496954,0.552046299323165,2.10501487080371,-0.407454224645707,0.816729879197326,-0.368961836167767,-0.368769597078406,-0.15056316141992,-0.0728119696208657,-0.208146073900903,0.008040388901674,0.074821169710056,-0.337114697442373,0.573254640157037,0.446096226230428,-0.536811354739718,-0.493022847663343,-0.411660830371538,-0.003978288008088,-0.983410343189219,0.920236573251436,0.48847244167839,-0.475916620994384,0.185788448261389,-0.87845808831902,-0.432284300951652,-0.391926470155279,-0.270890639840477,-0.106571991079944,0.0877376545918492,0.293783279216066
2016-10-01,0.00195673707467963,0.00633823561643836,1.27660556896597,-0.234554704740944,0.264814621628297,0.466118614210662,-0.607712983986239,-0.0716127419823893,1.22389154015257,-0.0450834817333716,0.908239040015749,1.25051978963703,0.182925261837125,0.926838249439116,-0.574775485927959,-0.0284416736868706,1.47585501875546,-1.24719795886005,-0.152183763105805,3.35353893820584,2.38663372689556,2.63002851979639,-0.691672893496954,0.57217276560113,2.39130486968613,-0.290816033276611,0.816729879197326,-0.368961836167767,-0.368769597078406,-0.15056316141992,-0.0728119696208657,-0.208146073900903,0.008040388901674,0.074821169710056,-0.337114697442373,0.573254640157037,0.446096226230428,-0.536811354739718,-0.493022847663343,-0.411660830371538,-0.003978288008088,-0.983410343189219,0.920236573251436,0.48847244167839,-0.475916620994384,0.185788448261389,-0.87845808831902,-0.432284300951652,-0.391926470155279,-0.270890639840477,-0.106571991079944,0.0877376545918492,0.293783279216066
2016-11-01,0.0017231754520548,0.00397989698630137,0.918322150940357,0.355186779966654,0.809534201019432,0.544319789809129,-0.607712983986239,-0.0716127419823893,1.85924790024091,-0.0450834817333716,1.16886490259982,0.249671716903977,0.391710967964666,1.31001234912146,-0.535950877977758,-0.493269542793323,2.19733316141045,-1.04469215809794,-0.152183763105805,1.59182042723653,-0.1543794942679,0.894115947581498,-0.691672893496954,0.536547874180982,1.77626816739854,0.340978978089836,0.816729879197326,-0.368961836167767,-0.368769597078406,-0.15056316141992,-0.0728119696208657,-0.208146073900903,0.008040388901674,0.074821169710056,-0.337114697442373,0.573254640157037,0.446096226230428,-0.536811354739718,-0.493022847663343,-0.411660830371538,-0.003978288008088,-0.983410343189219,0.920236573251436,0.48847244167839,-0.475916620994384,0.185788448261389,-0.87845808831902,-0.432284300951652,-0.391926470155279,-0.270890639840477,-0.106571991079944,0.0877376545918492,0.293783279216066
2016-12-01,0.000346827680070702,0.00160059616438356,0.211319341445939,1.11236649707433,1.41166130264979,0.485475945588893,-0.607712983986239,-0.0716127419823893,-0.111094303747215,-0.0450834817333716,0.908239040015749,-0.699298465840424,0.39490762163677,1.32128620627412,-0.203597055331267,-1.01328805957032,1.95677343149263,-0.974051223941874,-0.152183763105805,0.24583260156892,-0.61907759121645,-0.291316873808436,0.43579006798315,0.461294329631476,0.821642586159468,0.417580218125347,0.816729879197326,-0.368961836167767,-0.368769597078406,-0.15056316141992,-0.0728119696208657,-0.208146073900903,0.008040388901674,0.074821169710056,-0.337114697442373,0.573254640157037,0.446096226230428,-0.536811354739718,-0.493022847663343,-0.411660830371538,-0.003978288008088,-0.983410343189219,0.920236573251436,0.48847244167839,-0.475916620994384,0.185788448261389,-0.87845808831902,-0.432284300951652,-0.391926470155279,-0.270890639840477,-0.106571991079944,0.0877376545918492,0.293783279216066
2017-01-01,0.000208812514361467,0.00092788602739726,-0.444773418992255,1.66569898442116,1.64047646939374,0.489800303392732,-0.188297492591758,-0.0716127419823893,-0.506548855311117,-0.0450834817333716,0.908239040015749,-0.765859475648811,0.558376282022659,1.5191006213194,0.386829564741255,-0.519551737571144,2.07245015559306,-0.837018677046477,-0.152183763105805,-0.220567718231034,-0.620604542620351,-0.559079038206987,2.00415229659711,0.37747262894641,-0.0411476758569358,0.772889980517832,0.816729879197326,-0.368961836167767,-0.368769597078406,-0.15056316141992,-0.0728119696208657,-0.208146073900903,0.008040388901674,0.074821169710056,-0.337114697442373,0.573254640157037,0.446096226230428,-0.536811354739718,-0.493022847663343,-0.411660830371538,-0.003978288008088,-0.983410343189219,0.920236573251436,0.48847244167839,-0.475916620994384,0.185788448261389,-0.87845808831902,-0.432284300951652,-0.391926470155279,-0.270890639840477,-0.106571991079944,0.0877376545918492,0.293783279216066
2017-02-01,6.1306614481409e-05,0.000273955068493151,-1.46771169718328,1.32358335145294,1.05273305842024,0.762673209204122,2.30853446244458,-0.0716127419823893,-0.807945094386084,-0.0450834817333716,1.74596666671986,-0.955855665621702,2.10966982192512,2.19120075433893,2.50332234933392,-1.64026783847693,-0.0364113785434018,-0.574906354723532,-0.152183763105805,-0.383203444749542,-0.602004499968155,-0.596885308254525,3.18021596754396,0.327483442578774,-0.606485043448972,1.79738147142195,0.816729879197326,-0.368961836167767,-0.368769597078406,-0.15056316141992,-0.0728119696208657,-0.208146073900903,0.008040388901674,0.074821169710056,-0.337114697442373,0.573254640157037,0.446096226230428,-0.536811354739718,-0.493022847663343,-0.411660830371538,-0.003978288008088,-0.983410343189219,0.920236573251436,0.48847244167839,-0.475916620994384,0.185788448261389,-0.87845808831902,-0.432284300951652,-0.391926470155279,-0.270890639840477,-0.106571991079944,0.0877376545918492,0.293783279216066
2017-03-01,3.26476358815733e-05,8.79780821917808e-05,-0.88990360252216,1.432669403978,0.368122576963948,0.501352620577299,-0.188297492591758,-0.0716127419823893,-0.795318327612237,-0.0450834817333716,0.908239040015749,-0.965950719504091,1.68512617851884,1.35009825146668,1.9483669912743,-1.66877947168859,-0.375841145329596,-0.953414512694502,-0.152183763105805,-0.478524516702079,-0.601319780946152,-0.629576563272806,0.942046252768937,0.306831213855328,-0.97067786794661,0.470045911957657,0.816729879197326,-0.368961836167767,-0.368769597078406,-0.15056316141992,-0.0728119696208657,-0.208146073900903,0.008040388901674,0.074821169710056,-0.337114697442373,0.573254640157037,0.446096226230428,-0.536811354739718,-0.493022847663343,-0.411660830371538,-0.003978288008088,-0.983410343189219,0.920236573251436,0.48847244167839,-0.475916620994384,0.185788448261389,-0.87845808831902,-0.432284300951652,-0.391926470155279,-0.270890639840477,-0.106571991079944,0.0877376545918492,0.293783279216066
2017-04-01,4.1442191780822e-05,0.000145972602739726,-0.108983395644387,0.340583811129492,-0.525088678281192,0.561561116395278,2.54456327373589,-0.0716127419823893,-0.710292416595449,-0.0450834817333716,1.16886617802062,-0.497064987916655,0.836451479691556,1.24975535541546,-0.4541585852266,-0.342378706370659,-0.785073601998846,-1.08636098574132,-0.152183763105805,-0.526602953055409,-0.60279634406622,-0.63229534737679,-0.255668853719855,0.312683212811175,-1.10094022585019,0.232823267045794,0.816729879197326,-0.368961836167767,-0.368769597078406,-0.15056316141992,-0.0728119696208657,-0.208146073900903,0.008040388901674,0.074821169710056,-0.337114697442373,0.573254640157037,0.446096226230428,-0.536811354739718,-0.493022847663343,-0.411660830371538,-0.003978288008088,-0.983410343189219,0.920236573251436,0.48847244167839,-0.475916620994384,0.185788448261389,-0.87845808831902,-0.432284300951652,-0.391926470155279,-0.270890639840477,-0.106571991079944,0.0877376545918492,0.293783279216066
2017-05-01,0.000281346601855943,0.00138350465753425,0.686741369542699,-0.627645030635761,-1.10153992396917,0.466118614210662,-0.188297492591758,-0.0716127419823893,-0.135066760084121,-0.0450834817333716,0.908239040015749,1.53774184511814,0.0653762713254681,0.755635970639241,-0.587040202908222,1.3487735247174,-1.14981421074971,-1.36878199487066,-0.152183763105805,-0.564335254001682,-0.587074785166311,-0.645179497178012,-0.691672893496954,0.379056687209388,-0.807005930261237,-0.601471849815539,0.816729879197326,-0.368961836167767,-0.368769597078406,-0.15056316141992,-0.0728119696208657,-0.208146073900903,0.008040388901674,0.074821169710056,-0.337114697442373,0.573254640157037,0.446096226230428,-0.536811354739718,-0.493022847663343,-0.411660830371538,-0.003978288008088,-0.983410343189219,0.920236573251436,0.48847244167839,-0.475916620994384,0.185788448261389,-0.87845808831902,-0.432284300951652,-0.391926470155279,-0.270890639840477,-0.106571991079944,0.0877376545918492,0.293783279216066
2017-06-01,0.000224885479452055,0.00107320109589041,-1.40630196558503,-1.10809691581309,-1.26220168610442,0.544313992330778,-0.607712983986239,-0.0716127419823893,-0.617790734788222,-0.0450834817333716,1.16886617802062,-0.32830651131922,0.0607070181543271,0.71012580509593,-0.596914415233819,1.32031951078215,-1.34569104799388,-1.46564347403975,-0.152183763105805,-0.60073304603305,-0.598739179083649,-0.661022729714066,-0.691672893496954,0.402640388576374,-0.242094513164352,-0.742203997174251,0.816729879197326,-0.368961836167767,-0.368769597078406,-0.15056316141992,-0.0728119696208657,-0.208146073900903,0.008040388901674,0.074821169710056,-0.337114697442373,0.573254640157037,0.446096226230428,-0.536811354739718,-0.493022847663343,-0.411660830371538,-0.003978288008088,-0.983410343189219,0.920236573251436,0.48847244167839,-0.475916620994384,0.185788448261389,-0.87845808831902,-0.432284300951652,-0.391926470155279,-0.270890639840477,-0.106571991079944,0.0877376545918492,0.293783279216066
2017-07-01,0.000192365673884224,0.00140809643835616,0.20538539869118,-1.46481639121077,-1.2444372760851,0.46612938629947,-0.607712983986239,-0.0716127419823893,0.351759795498767,-0.0450834817333716,0.908239040015749,0.556363374035591,-0.197122176372591,0.455035994249679,-0.622383295914195,1.31650740859558,-1.2189464435676,-1.58141183826041,-0.152183763105805,-0.417115673463057,0.00626625114164001,-0.359906844341528,-0.691672893496954,0.406059480779245,0.143905431342029,-1.14603343163123,0.816729879197326,-0.368961836167767,-0.368769597078406,-0.15056316141992,-0.0728119696208657,-0.208146073900903,0.008040388901674,0.074821169710056,-0.337114697442373,0.573254640157037,0.446096226230428,-0.536811354739718,-0.493022847663343,-0.411660830371538,-0.003978288008088,-0.983410343189219,0.920236573251436,0.48847244167839,-0.475916620994384,0.185788448261389,-0.87845808831902,-0.432284300951652,-0.391926470155279,-0.270890639840477,-0.106571991079944,0.0877376545918492,0.293783279216066
2017-08-01,0.000526491489173663,0.00273294904109589,-0.050855731653035,-1.26827483911152,-0.929466704803304,0.466124149867411,-0.607712983986239,-0.0716127419823893,-0.00995327170857055,-0.0450834817333716,0.908239040015749,0.173661967508048,-0.0548351039330758,0.543961678425857,-0.613963007122472,1.05661298155655,-0.716679654635985,-1.5174195676102,-0.152183763105805,0.770472000438777,1.73896223134045,1.55311083766162,-0.691672893496954,0.523446695578689,0.676414930410119,-0.983788085178084,0.816729879197326,-0.368961836167767,-0.368769597078406,-0.15056316141992,-0.0728119696208657,-0.208146073900903,0.008040388901674,0.074821169710056,-0.337114697442373,0.573254640157037,0.446096226230428,-0.536811354739718,-0.493022847663343,-0.411660830371538,-0.003978288008088,-0.983410343189219,0.920236573251436,0.48847244167839,-0.475916620994384,0.185788448261389,-0.87845808831902,-0.432284300951652,-0.391926470155279,-0.270890639840477,-0.106571991079944,0.0877376545918492,0.293783279216066
2017-09-01,0.000235556821917808,0.00244066191780822,-0.0476375289590061,-0.831552421786137,-0.38540332315841,0.547295018295972,-0.607712983986239,-0.0716127419823893,-0.20884278892359,-0.0450834817333716,1.16886617802062,-0.435280588304391,0.23979968464807,0.89406659354218,-0.4002580449867,0.554268855451458,0.0461019515079545,-1.33408346405006,-0.152183763105805,0.418364099821519,0.584018296706233,0.985391821482869,-0.59389041919347,0.534392462567185,0.557079619271584,-0.407454224645707,0.816729879197326,-0.368961836167767,-0.368769597078406,-0.15056316141992,-0.0728119696208657,-0.208146073900903,0.008040388901674,0.074821169710056,-0.337114697442373,0.573254640157037,0.446096226230428,-0.536811354739718,-0.493022847663343,-0.411660830371538,-0.003978288008088,-0.983410343189219,0.920236573251436,0.48847244167839,-0.475916620994384,0.185788448261389,-0.87845808831902,-0.432284300951652,-0.391926470155279,-0.270890639840477,-0.106571991079944,0.0877376545918492,0.293783279216066
2017-10-01,0.000166594573574901,0.00168967890410959,-0.382810448833354,0.19499499567044,0.380043802831413,0.474251466454325,-0.607712983986239,-0.0716127419823893,-0.38236324434258,-0.0450834817333716,0.908239040015749,-0.58316527726393,0.314552390268096,0.926838249439116,-0.40204761942633,0.100833857878922,0.920231980279309,-1.24719795886005,-0.152183763105805,0.0354625127435454,0.0938652190076319,0.370081429595524,-0.489533446466884,0.519406935110065,0.316228101024235,-0.290816033276611,0.816729879197326,-0.368961836167767,-0.368769597078406,-0.15056316141992,-0.0728119696208657,-0.208146073900903,0.008040388901674,0.074821169710056,-0.337114697442373,0.573254640157037,0.446096226230428,-0.536811354739718,-0.493022847663343,-0.411660830371538,-0.003978288008088,-0.983410343189219,0.920236573251436,0.48847244167839,-0.475916620994384,0.185788448261389,-0.87845808831902,-0.432284300951652,-0.391926470155279,-0.270890639840477,-0.106571991079944,0.0877376545918492,0.293783279216066
2017-11-01,4.65227397260273e-05,0.00100071452054795,-0.921905813015332,0.952172383198661,1.16233826414419,0.58505586495283,-0.521332051802076,-0.0716127419823893,-0.714704152543894,-0.0450834817333716,1.16886490259982,-0.865377330445131,0.64967889610484,1.31001234912146,0.724489521638741,-1.10203124666598,0.765454721260751,-1.04469215809794,-0.152183763105805,-0.467742367874452,-0.500003260533359,-0.441091007003916,1.11799259575792,0.46565559626176,-0.134238157005139,0.340978978089836,0.816729879197326,-0.368961836167767,-0.368769597078406,-0.15056316141992,-0.0728119696208657,-0.208146073900903,0.008040388901674,0.074821169710056,-0.337114697442373,0.573254640157037,0.446096226230428,-0.536811354739718,-0.493022847663343,-0.411660830371538,-0.003978288008088,-0.983410343189219,0.920236573251436,0.48847244167839,-0.475916620994384,0.185788448261389,-0.87845808831902,-0.432284300951652,-0.391926470155279,-0.270890639840477,-0.106571991079944,0.0877376545918492,0.293783279216066
2017-12-01,0.000230975236411843,0.00166858520547945,0.739102608248246,1.35983684938484,1.48936692699164,0.489724749158734,0.0624858537221924,-0.0716127419823893,0.130771857416612,-0.0450834817333716,0.908239040015749,0.31238603170599,1.10830895474553,1.32128620627412,0.198224290778044,-0.227240868500679,1.5131241246324,-0.974051223941874,-0.152183763105805,-0.594830650730192,-0.596855659894281,-0.646676911985545,0.842408152052449,0.429511149078789,-0.238495973490257,0.417580218125347,0.816729879197326,-0.368961836167767,-0.368769597078406,-0.15056316141992,-0.0728119696208657,-0.208146073900903,0.008040388901674,0.074821169710056,-0.337114697442373,0.573254640157037,0.446096226230428,-0.536811354739718,-0.493022847663343,-0.411660830371538,-0.003978288008088,-0.983410343189219,0.920236573251436,0.48847244167839,-0.475916620994384,0.185788448261389,-0.87845808831902,-0.432284300951652,-0.391926470155279,-0.270890639840477,-0.106571991079944,0.0877376545918492,0.293783279216066
2018-01-01,1.92738135218736e-05,0.000251572602739726,-0.617156525298635,1.98601557760414,1.83950229529811,0.50570727488091,-0.0211086164947475,-0.0716127419823893,-0.779854215811023,-0.0450834817333716,0.908239040015749,-0.963082719613511,3.21019227334947,1.5191006213194,4.15799910490415,-1.67722887368478,0.325289855685952,-0.837018677046477,-0.152183763105805,-0.604461700517842,-0.598657019647139,-0.662897085794303,2.81414511587987,0.365176852055513,-0.768304163935886,0.772889980517832,0.816729879197326,-0.368961836167767,-0.368769597078406,-0.15056316141992,-0.0728119696208657,-0.208146073900903,0.008040388901674,0.074821169710056,-0.337114697442373,0.573254640157037,0.446096226230428,-0.536811354739718,-0.493022847663343,-0.411660830371538,-0.003978288008088,-0.983410343189219,0.920236573251436,0.48847244167839,-0.475916620994384,0.185788448261389,-0.87845808831902,-0.432284300951652,-0.391926470155279,-0.270890639840477,-0.106571991079944,0.0877376545918492,0.293783279216066
2018-02-01,2.79104500978473e-05,8.0561095890411e-05,-0.256668358334097,1.58566861169533,0.972538142618575,0.753766786332954,2.49736638996556,-0.0716127419823893,-0.746886684300672,-0.0450834817333716,1.74596666671986,-0.952853462659428,2.23500942739199,2.19120075433893,1.67340133082632,-0.818177516455679,0.692000013334763,-0.574906354723532,-0.152183763105805,-0.597111641793196,-0.601315558569873,-0.650978533898992,0.478410276755684,0.340584846878618,-1.19179682783954,1.79738147142195,0.816729879197326,-0.368961836167767,-0.368769597078406,-0.15056316141992,-0.0728119696208657,-0.208146073900903,0.008040388901674,0.074821169710056,-0.337114697442373,0.573254640157037,0.446096226230428,-0.536811354739718,-0.493022847663343,-0.411660830371538,-0.003978288008088,-0.983410343189219,0.920236573251436,0.48847244167839,-0.475916620994384,0.185788448261389,-0.87845808831902,-0.432284300951652,-0.391926470155279,-0.270890639840477,-0.106571991079944,0.0877376545918492,0.293783279216066
2018-03-01,0.000119487123287671,0.000328688219178082,0.344748352071125,1.08324209468106,0.336298569789968,0.49676531907791,2.61552812704135,-0.0716127419823893,-0.585957576852308,-0.0450834817333716,0.908239040015749,-0.358979085268286,2.27130893278619,1.35009825146668,0.667071215843611,-0.0281529664997299,0.0225811913982478,-0.953414512694502,-0.152183763105805,-0.600260398889755,-0.60125360569069,-0.655852195000077,-0.00926613090096622,0.344865878029456,-1.37561660414901,0.470045911957657,0.816729879197326,-0.368961836167767,-0.368769597078406,-0.15056316141992,-0.0728119696208657,-0.208146073900903,0.008040388901674,0.074821169710056,-0.337114697442373,0.573254640157037,0.446096226230428,-0.536811354739718,-0.493022847663343,-0.411660830371538,-0.003978288008088,-0.983410343189219,0.920236573251436,0.48847244167839,-0.475916620994384,0.185788448261389,-0.87845808831902,-0.432284300951652,-0.391926470155279,-0.270890639840477,-0.106571991079944,0.0877376545918492,0.293783279216066
2018-04-01,0.000107040438356164,0.000418507397260274,-0.885521485581086,0.391600727683776,-0.461490777643957,0.572984205917238,-0.00155464754587848,-0.0716127419823893,-0.702897047321877,-0.0450834817333716,1.16886617802062,-0.436785219975752,0.280533752184325,1.24975535541546,-0.596286347952318,1.06111760093579,-0.550146479108229,-1.08636098574132,-0.152183763105805,-0.601063470001388,-0.596160037899201,-0.657497151874518,-0.654313538431924,0.370439667553998,-1.21237834367379,0.232823267045794,0.816729879197326,-0.368961836167767,-0.368769597078406,-0.15056316141992,-0.0728119696208657,-0.208146073900903,0.008040388901674,0.074821169710056,-0.337114697442373,0.573254640157037,0.446096226230428,-0.536811354739718,-0.493022847663343,-0.411660830371538,-0.003978288008088,-0.983410343189219,0.920236573251436,0.48847244167839,-0.475916620994384,0.185788448261389,-0.87845808831902,-0.432284300951652,-0.391926470155279,-0.270890639840477,-0.106571991079944,0.0877376545918492,0.293783279216066
2018-05-01,0.000263784922669024,0.00161737643835616,0.539943010563272,-0.445632366746887,-0.969841588977565,0.470168919602369,-0.440524085371324,-0.0716127419823893,-0.0734844782242267,-0.0450834817333716,0.908239040015749,1.1195671518046,-0.111048085339988,0.755635970639241,-0.601894763756135,1.40638465706809,-1.00360983506453,-1.36878199487066,-0.152183763105805,-0.60682370982264,-0.592283460928092,-0.665403728945794,-0.656010883251153,0.406613455418623,-0.689761983315998,-0.601471849815539,0.816729879197326,-0.368961836167767,-0.368769597078406,-0.15056316141992,-0.0728119696208657,-0.208146073900903,0.008040388901674,0.074821169710056,-0.337114697442373,0.573254640157037,0.446096226230428,-0.536811354739718,-0.493022847663343,-0.411660830371538,-0.003978288008088,-0.983410343189219,0.920236573251436,0.48847244167839,-0.475916620994384,0.185788448261389,-0.87845808831902,-0.432284300951652,-0.391926470155279,-0.270890639840477,-0.106571991079944,0.0877376545918492,0.293783279216066
2018-06-01,0.00031438991780822,0.0018568504109589,0.0122708834322218,-1.16632679276652,-1.29629335421334,0.544313992330778,-0.607712983986239,-0.0716127419823893,0.361433298259341,-0.0450834817333716,1.16886617802062,1.03573823912377,-0.16197733928038,0.71012580509593,-0.59410720863126,1.38489721406843,-1.32778817896393,-1.46564347403975,-0.152183763105805,-0.44187083089625,-0.116874784274216,-0.399445763425126,-0.691672893496954,0.451754432689298,-0.0109644288495306,-0.742203997174251,0.816729879197326,-0.368961836167767,-0.368769597078406,-0.15056316141992,-0.0728119696208657,-0.208146073900903,0.008040388901674,0.074821169710056,-0.337114697442373,0.573254640157037,0.446096226230428,-0.536811354739718,-0.493022847663343,-0.411660830371538,-0.003978288008088,-0.983410343189219,0.920236573251436,0.48847244167839,-0.475916620994384,0.185788448261389,-0.87845808831902,-0.432284300951652,-0.391926470155279,-0.270890639840477,-0.106571991079944,0.0877376545918492,0.293783279216066
2018-07-01,0.000711049049933715,0.00317126136986301,1.2402615498616,-1.2318772566901,-1.17692342675117,0.466118614210662,-0.607712983986239,-0.0716127419823893,1.2792532040552,-0.0450834817333716,0.908239040015749,1.18945814499829,-0.384274543225595,0.455035994249679,-0.618777886873099,1.16991758986869,-1.13047980635998,-1.58141183826041,-0.152183763105805,0.310152074406524,1.22008125906148,0.809254328529206,-0.691672893496954,0.525643861239455,0.661184471328958,-1.14603343163123,0.816729879197326,-0.368961836167767,-0.368769597078406,-0.15056316141992,-0.0728119696208657,-0.208146073900903,0.008040388901674,0.074821169710056,-0.337114697442373,0.573254640157037,0.446096226230428,-0.536811354739718,-0.493022847663343,-0.411660830371538,-0.003978288008088,-0.983410343189219,0.920236573251436,0.48847244167839,-0.475916620994384,0.185788448261389,-0.87845808831902,-0.432284300951652,-0.391926470155279,-0.270890639840477,-0.106571991079944,0.0877376545918492,0.293783279216066
2018-08-01,0.000769233619089705,0.0045477698630137,-0.0174461410093856,-1.18092481124733,-0.905922637678073,0.466118614210662,-0.607712983986239,-0.0716127419823893,-0.147122675891924,-0.0450834817333716,0.908239040015749,0.275186685998379,-0.111215432760978,0.543961678425857,-0.612909829004045,0.658779635586226,-0.614075205422505,-1.5174195676102,-0.152183763105805,1.37576022355141,2.29730909997702,2.50007834753811,-0.691672893496954,0.569369263469111,1.23089086699147,-0.983788085178084,0.816729879197326,-0.368961836167767,-0.368769597078406,-0.15056316141992,-0.0728119696208657,-0.208146073900903,0.008040388901674,0.074821169710056,-0.337114697442373,0.573254640157037,0.446096226230428,-0.536811354739718,-0.493022847663343,-0.411660830371538,-0.003978288008088,-0.983410343189219,0.920236573251436,0.48847244167839,-0.475916620994384,0.185788448261389,-0.87845808831902,-0.432284300951652,-0.391926470155279,-0.270890639840477,-0.106571991079944,0.0877376545918492,0.293783279216066
2018-09-01,0.000265754301369863,0.00287134684931507,-0.536390841419205,-0.6859415918012,-0.367245393207427,0.544342699199388,-0.607712983986239,-0.0716127419823893,-0.243635011873133,-0.0450834817333716,1.16886617802062,-0.404311829287914,0.256669258477436,0.89406659354218,-0.579633803775744,0.0941514470262147,0.134640318019303,-1.33408346405006,-0.152183763105805,0.623187188964946,0.751562258995722,1.28462292932266,-0.691672893496954,0.541373062127723,1.05484490184949,-0.407454224645707,0.816729879197326,-0.368961836167767,-0.368769597078406,-0.15056316141992,-0.0728119696208657,-0.208146073900903,0.008040388901674,0.074821169710056,-0.337114697442373,0.573254640157037,0.446096226230428,-0.536811354739718,-0.493022847663343,-0.411660830371538,-0.003978288008088,-0.983410343189219,0.920236573251436,0.48847244167839,-0.475916620994384,0.185788448261389,-0.87845808831902,-0.432284300951652,-0.391926470155279,-0.270890639840477,-0.106571991079944,0.0877376545918492,0.293783279216066
2018-10-01,0.000126489226690234,0.00132209095890411,-0.683692111899746,0.136750850042823,0.316936917201231,0.478280152862244,-0.607712983986239,-0.0716127419823893,-0.413735990158182,-0.0450834817333716,0.908239040015749,-0.678780345272893,0.307091556672723,0.926838249439116,-0.498849231033406,-0.647955310993923,0.794888366557242,-1.24719795886005,-0.152183763105805,-0.301726142439273,-0.494841030655198,-0.18140251904762,-0.56593848941639,0.498720174661289,0.554493254733217,-0.290816033276611,0.816729879197326,-0.368961836167767,-0.368769597078406,-0.15056316141992,-0.0728119696208657,-0.208146073900903,0.008040388901674,0.074821169710056,-0.337114697442373,0.573254640157037,0.446096226230428,-0.536811354739718,-0.493022847663343,-0.411660830371538,-0.003978288008088,-0.983410343189219,0.920236573251436,0.48847244167839,-0.475916620994384,0.185788448261389,-0.87845808831902,-0.432284300951652,-0.391926470155279,-0.270890639840477,-0.106571991079944,0.0877376545918492,0.293783279216066
2018-11-01,0.000358095780821918,0.00144770630136986,0.660239585267534,0.54443657364156,0.562081018701689,0.569003862998153,-0.607712983986239,-0.0716127419823893,0.12818717944751,-0.0450834817333716,1.16886490259982,-0.32821507260117,0.680168786929777,1.31001234912146,0.0556223731922224,-0.530608259123991,0.941018349814818,-1.04469215809794,-0.152183763105805,-0.577980409141704,-0.584825151927238,-0.619858795089257,0.721051390920156,0.430345214379185,0.092416564923253,0.340978978089836,0.816729879197326,-0.368961836167767,-0.368769597078406,-0.15056316141992,-0.0728119696208657,-0.208146073900903,0.008040388901674,0.074821169710056,-0.337114697442373,0.573254640157037,0.446096226230428,-0.536811354739718,-0.493022847663343,-0.411660830371538,-0.003978288008088,-0.983410343189219,0.920236573251436,0.48847244167839,-0.475916620994384,0.185788448261389,-0.87845808831902,-0.432284300951652,-0.391926470155279,-0.270890639840477,-0.106571991079944,0.0877376545918492,0.293783279216066
2018-12-01,0.000644847653557224,0.00106528438356164,0.122349161850989,1.45449989308593,1.5251098015047,0.481425752406446,-0.188297492591758,-0.0716127419823893,-0.132273431395004,-0.0450834817333716,0.908239040015749,-0.378430384764039,0.738936923561665,1.32128620627412,-0.136795556825739,0.0132985038367479,1.8631646271511,-0.974051223941874,-0.152183763105805,-0.606525641615537,-0.594578070687341,-0.665244754823328,0.358271416725998,0.38748344382913,-0.161600049221166,0.417580218125347,0.816729879197326,-0.368961836167767,-0.368769597078406,-0.15056316141992,-0.0728119696208657,-0.208146073900903,0.008040388901674,0.074821169710056,-0.337114697442373,0.573254640157037,0.446096226230428,-0.536811354739718,-0.493022847663343,-0.411660830371538,-0.003978288008088,-0.983410343189219,0.920236573251436,0.48847244167839,-0.475916620994384,0.185788448261389,-0.87845808831902,-0.432284300951652,-0.391926470155279,-0.270890639840477,-0.106571991079944,0.0877376545918492,0.293783279216066
2019-01-01,8.42958904109589e-05,0.000229952876712329,-1.57800692239491,2.10248290264425,2.03505114874012,0.510817471524507,2.27748516775411,-0.0716127419823893,-0.809490211656942,-0.0450834817333716,0.908239040015749,-0.952570056675269,3.34837210826571,1.5191006213194,4.24345721916173,-1.61798465223109,0.353593611287929,-0.837018677046477,-0.152183763105805,-0.607045311474046,-0.599134273067702,-0.666861344212527,3.03047947198754,0.341046962614665,-0.697766614763317,0.772889980517832,0.816729879197326,-0.368961836167767,-0.368769597078406,-0.15056316141992,-0.0728119696208657,-0.208146073900903,0.008040388901674,0.074821169710056,-0.337114697442373,0.573254640157037,0.446096226230428,-0.536811354739718,-0.493022847663343,-0.411660830371538,-0.003978288008088,-0.983410343189219,0.920236573251436,0.48847244167839,-0.475916620994384,0.185788448261389,-0.87845808831902,-0.432284300951652,-0.391926470155279,-0.270890639840477,-0.106571991079944,0.0877376545918492,0.293783279216066
2019-02-01,8.7811819960861e-05,6.21501369863014e-05,-0.25860971163856,1.54925975993327,1.04278278554492,0.748821911330086,-0.0508091530623396,-0.0716127419823893,-0.759895189769156,-0.0450834817333716,1.74596666671986,-0.954002538946801,3.04853842204198,2.19120075433893,1.2138810694406,-0.957447854662323,0.475850376867043,-0.574906354723532,-0.152183763105805,-0.596620773518373,-0.600990829657571,-0.65027770203543,0.708982170050222,0.319158926949716,-1.13654983442036,1.79738147142195,0.816729879197326,-0.368961836167767,-0.368769597078406,-0.15056316141992,-0.0728119696208657,-0.208146073900903,0.008040388901674,0.074821169710056,-0.337114697442373,0.573254640157037,0.446096226230428,-0.536811354739718,-0.493022847663343,-0.411660830371538,-0.003978288008088,-0.983410343189219,0.920236573251436,0.48847244167839,-0.475916620994384,0.185788448261389,-0.87845808831902,-0.432284300951652,-0.391926470155279,-0.270890639840477,-0.106571991079944,0.0877376545918492,0.293783279216066
2019-03-01,NA,8.65315068493151e-06,-0.889182990130256,1.14147925157031,0.347422074804947,0.508092282668496,1.91846661989093,-0.0716127419823893,-0.800608440563576,-0.0450834817333716,0.908239040015749,-0.967900374553346,0.809442935474257,1.35009825146668,1.03390578974753,-1.48530625786247,-0.223512084840227,-0.953414512694502,-0.152183763105805,-0.600099984095358,-0.600123967607401,-0.655386562349782,0.0345088064408418,0.311883453538558,-1.39892221628265,0.470045911957657,0.816729879197326,-0.368961836167767,-0.368769597078406,-0.15056316141992,-0.0728119696208657,-0.208146073900903,0.008040388901674,0.074821169710056,-0.337114697442373,0.573254640157037,0.446096226230428,-0.536811354739718,-0.493022847663343,-0.411660830371538,-0.003978288008088,-0.983410343189219,0.920236573251436,0.48847244167839,-0.475916620994384,0.185788448261389,-0.87845808831902,-0.432284300951652,-0.391926470155279,-0.270890639840477,-0.106571991079944,0.0877376545918492,0.293783279216066
2019-04-01,NA,7.57479452054794e-05,-0.76405040334932,0.362485934805776,-0.414953211124941,0.577624619798943,2.16253158865377,-0.0716127419823893,-0.788646786595164,-0.0450834817333716,1.16886617802062,-0.661788451864198,1.04611915586254,1.24975535541546,-0.383467685852274,-0.621913773405947,-0.713773611349427,-1.08636098574132,-0.152183763105805,-0.602481424158359,-0.60055613268596,-0.659674956465689,-0.2612497433765,0.320261008092143,-1.5111473552198,0.232823267045794,0.816729879197326,-0.368961836167767,-0.368769597078406,-0.15056316141992,-0.0728119696208657,-0.208146073900903,0.008040388901674,0.074821169710056,-0.337114697442373,0.573254640157037,0.446096226230428,-0.536811354739718,-0.493022847663343,-0.411660830371538,-0.003978288008088,-0.983410343189219,0.920236573251436,0.48847244167839,-0.475916620994384,0.185788448261389,-0.87845808831902,-0.432284300951652,-0.391926470155279,-0.270890639840477,-0.106571991079944,0.0877376545918492,0.293783279216066
2019-05-01,NA,0.000547962739726027,-0.162874196319943,-0.445639355485263,-1.01464529562407,0.470185189944838,0.314712372514359,-0.0716127419823893,-0.702825874461033,-0.0450834817333716,0.908239040015749,0.301236812980059,-0.223666685556385,0.755635970639241,-0.552234918643011,0.457344613378397,-1.16620486301899,-1.36878199487066,-0.152183763105805,-0.597548568243965,-0.587893818874397,-0.651441691852863,-0.639344567915984,0.374046991514556,-1.36366227222779,-0.601471849815539,0.816729879197326,-0.368961836167767,-0.368769597078406,-0.15056316141992,-0.0728119696208657,-0.208146073900903,0.008040388901674,0.074821169710056,-0.337114697442373,0.573254640157037,0.446096226230428,-0.536811354739718,-0.493022847663343,-0.411660830371538,-0.003978288008088,-0.983410343189219,0.920236573251436,0.48847244167839,-0.475916620994384,0.185788448261389,-0.87845808831902,-0.432284300951652,-0.391926470155279,-0.270890639840477,-0.106571991079944,0.0877376545918492,0.293783279216066
2019-06-01,NA,0.00134923397260274,0.302574258224638,-1.02074030688693,-1.25070413533334,0.544331197750401,-0.348570187433751,-0.0716127419823893,-0.0808185543041608,-0.0450834817333716,1.16886617802062,0.881997256948992,-0.213185361074908,0.71012580509593,-0.646869056892396,1.43149960339466,-1.34425418638634,-1.46564347403975,-0.152183763105805,-0.599420133694644,-0.588741136551509,-0.654419823174118,-0.691672893496954,0.411801113632564,-0.955255197631358,-0.742203997174251,0.816729879197326,-0.368961836167767,-0.368769597078406,-0.15056316141992,-0.0728119696208657,-0.208146073900903,0.008040388901674,0.074821169710056,-0.337114697442373,0.573254640157037,0.446096226230428,-0.536811354739718,-0.493022847663343,-0.411660830371538,-0.003978288008088,-0.983410343189219,0.920236573251436,0.48847244167839,-0.475916620994384,0.185788448261389,-0.87845808831902,-0.432284300951652,-0.391926470155279,-0.270890639840477,-0.106571991079944,0.0877376545918492,0.293783279216066
2019-07-01,NA,0.00261151561643836,0.574184353270082,-1.17361185364992,-1.16408533732317,0.46614565664194,-0.440411743547423,-0.0716127419823893,0.52710419451194,-0.0450834817333716,0.908239040015749,1.60675310993621,-0.611369184420032,0.455035994249679,-0.624477453781297,1.54357690075893,-1.14560004851562,-1.58141183826041,-0.152183763105805,-0.116002187863515,0.709660877403274,0.12347410209958,-0.691672893496954,0.504115700319868,-0.00133130023128777,-1.14603343163123,0.816729879197326,-0.368961836167767,-0.368769597078406,-0.15056316141992,-0.0728119696208657,-0.208146073900903,0.008040388901674,0.074821169710056,-0.337114697442373,0.573254640157037,0.446096226230428,-0.536811354739718,-0.493022847663343,-0.411660830371538,-0.003978288008088,-0.983410343189219,0.920236573251436,0.48847244167839,-0.475916620994384,0.185788448261389,-0.87845808831902,-0.432284300951652,-0.391926470155279,-0.270890639840477,-0.106571991079944,0.0877376545918492,0.293783279216066
2019-08-01,NA,0.00252950794520548,-0.41944237175494,-1.23915972591634,-0.886172060466953,0.46614023319445,-0.607712983986239,-0.0716127419823893,-0.34437307126061,-0.0450834817333716,0.908239040015749,-0.189898375457992,-0.576884921646771,0.543961678425857,-0.606032046772735,0.917158994631431,-0.684761214737096,-1.5174195676102,-0.152183763105805,0.443791197678259,0.771324175501101,1.02573034108574,-0.691672893496954,0.535850468747827,0.248212649744639,-0.983788085178084,0.816729879197326,-0.368961836167767,-0.368769597078406,-0.15056316141992,-0.0728119696208657,-0.208146073900903,0.008040388901674,0.074821169710056,-0.337114697442373,0.573254640157037,0.446096226230428,-0.536811354739718,-0.493022847663343,-0.411660830371538,-0.003978288008088,-0.983410343189219,0.920236573251436,0.48847244167839,-0.475916620994384,0.185788448261389,-0.87845808831902,-0.432284300951652,-0.391926470155279,-0.270890639840477,-0.106571991079944,0.0877376545918492,0.293783279216066
2019-09-01,NA,0.00337328219178082,0.198093361472148,-0.627704434911959,-0.326748547040772,0.544331197750401,-0.607712983986239,-0.0716127419823893,0.48436632445389,-0.0450834817333716,1.16886617802062,0.786839922948233,-0.229923716028403,0.89406659354218,-0.573836775181638,0.482100881405944,0.0959810114658881,-1.33408346405006,-0.152183763105805,0.233371546991469,0.39546494060951,0.685280492621434,-0.691672893496954,0.535504361553088,0.495652970900284,-0.407454224645707,0.816729879197326,-0.368961836167767,-0.368769597078406,-0.15056316141992,-0.0728119696208657,-0.208146073900903,0.008040388901674,0.074821169710056,-0.337114697442373,0.573254640157037,0.446096226230428,-0.536811354739718,-0.493022847663343,-0.411660830371538,-0.003978288008088,-0.983410343189219,0.920236573251436,0.48847244167839,-0.475916620994384,0.185788448261389,-0.87845808831902,-0.432284300951652,-0.391926470155279,-0.270890639840477,-0.106571991079944,0.0877376545918492,0.293783279216066
2019-10-01,NA,0.00110265863013699,-1.00761245426683,0.0202762450669068,0.43998234690666,0.475886542364846,-0.607712983986239,-0.0716127419823893,-0.666874694577056,-0.0450834817333716,0.908239040015749,-0.792703627923968,-0.158164910685274,0.926838249439116,-0.168489395559167,-0.703350239020198,0.749691778542349,-1.24719795886005,-0.152183763105805,-0.403725873501906,-0.496550059742487,-0.339298273971403,0.435485372813051,0.482208931758172,0.152612090037909,-0.290816033276611,0.816729879197326,-0.368961836167767,-0.368769597078406,-0.15056316141992,-0.0728119696208657,-0.208146073900903,0.008040388901674,0.074821169710056,-0.337114697442373,0.573254640157037,0.446096226230428,-0.536811354739718,-0.493022847663343,-0.411660830371538,-0.003978288008088,-0.983410343189219,0.920236573251436,0.48847244167839,-0.475916620994384,0.185788448261389,-0.87845808831902,-0.432284300951652,-0.391926470155279,-0.270890639840477,-0.106571991079944,0.0877376545918492,0.293783279216066
2019-11-01,NA,0.000627550684931507,-0.35139903815968,0.362476034093076,0.995547104607119,0.580788733870782,-0.607712983986239,-0.0716127419823893,-0.650540150072234,-0.0450834817333716,1.16886617802062,-0.849129581752631,0.231118428798587,1.31001234912146,0.25956768432857,-1.11364360081466,0.532858481916435,-1.04469215809794,-0.152183763105805,-0.587137703607185,-0.587794482037672,-0.633670590239417,1.52446449714007,0.411227277608681,-0.313720180042933,0.340978978089836,0.816729879197326,-0.368961836167767,-0.368769597078406,-0.15056316141992,-0.0728119696208657,-0.208146073900903,0.008040388901674,0.074821169710056,-0.337114697442373,0.573254640157037,0.446096226230428,-0.536811354739718,-0.493022847663343,-0.411660830371538,-0.003978288008088,-0.983410343189219,0.920236573251436,0.48847244167839,-0.475916620994384,0.185788448261389,-0.87845808831902,-0.432284300951652,-0.391926470155279,-0.270890639840477,-0.106571991079944,0.0877376545918492,0.293783279216066
2019-12-01,NA,0.000245339178082192,-1.07469960964032,1.04687357376339,1.67797251649806,0.509931018383038,-0.104703054543253,-0.0716127419823893,-0.7914337497689,-0.0450834817333716,0.908239040015749,-0.939128597547024,0.269345319817784,1.32128620627412,2.2435929068146,-1.32952585914438,0.540811720088146,-0.974051223941874,-0.152183763105805,-0.605485305496676,-0.595383929937695,-0.6634071152329,2.4831193134697,0.368000666967139,-0.731662364358753,0.417580218125347,0.816729879197326,-0.368961836167767,-0.368769597078406,-0.15056316141992,-0.0728119696208657,-0.208146073900903,0.008040388901674,0.074821169710056,-0.337114697442373,0.573254640157037,0.446096226230428,-0.536811354739718,-0.493022847663343,-0.411660830371538,-0.003978288008088,-0.983410343189219,0.920236573251436,0.48847244167839,-0.475916620994384,0.185788448261389,-0.87845808831902,-0.432284300951652,-0.391926470155279,-0.270890639840477,-0.106571991079944,0.0877376545918492,0.293783279216066
