"datetime","obs","pcr","precipitation","temperature","referencePotET","desalinationAbstraction","surfaceWaterInf","snowCoverSWE","directRunoff","snowFreeWater","industryWaterWithdrawal","interflowTotal","totalGroundwaterAbstraction","domesticWaterWithdrawal","surfaceWaterAbstraction","storUppTotal","totalEvaporation","livestockWaterWithdrawal","fossilGroundwaterAbstraction","storGroundwater","gwRecharge","baseflow","irrigationWaterWithdrawal","surfaceWaterStorage","storLowTotal","nonIrrWaterConsumption","airEntry1","airEntry2","aqThick","area_pcr","aridityIdx","bankArea","bankDepth","bankWidth","demAverage","forestFraction","groundwaterDepth","KSat1","KSat2","kSatAquifer","percolationImp","poreSize1","poreSize2","recessionCoeff","resWC1","resWC2","satWC1","satWC2","slopeLength","specificYield","storage2","storDepth1","tanSlope"
1979-01-01,NA,0.000120478327526132,-0.924935071003576,-1.06182882383671,-0.810891669467504,0,-0.0580485874998227,0,-0.541463980861951,0,0,-0.68913825105794,-0.398406199643657,-1.34741252334035,-0.861445806917065,-1.23272156777647,-0.365489803247435,-2.53748372272381,-0.501898859646147,-0.7550907891325,-0.719393661879573,-0.76187300207976,-0.811371189226343,-0.859653877633168,-0.666984967027847,-1.35060024227914,-0.189820716720835,0.391266045861016,-0.371277733430179,-0.166402515872582,0.856392203120998,0.457993841811336,0.658697740989938,1.46353323597054,0.0699221365892854,1.15005398218983,0.678582106168294,-0.636050447543686,-0.691410709471841,1.06309579258781,-0.62541035944936,-0.513246088979342,-0.24069059247955,0.502378437133711,0.48287649739278,0.562023149804395,-0.0041026890859041,-0.036338183323176,-0.296324815106797,-0.508460685888365,0.443145276740837,0.573172900579149,1.30525441526631
1979-02-01,NA,3.3757212543554e-05,-0.777404399856353,-0.476448041240942,0.596780459535846,0,-0.0580485874998227,0,-0.538279990100007,0,0,-0.688345751684501,-0.643746777384617,-1.08677624275861,-0.89039782299274,-1.25792227221362,-1.20196128188355,-2.02513978826056,-0.37101737823755,-0.775470727970062,-0.719288510400915,-0.781109847097559,-0.954079992441737,-0.93399541768608,-1.04837806367866,-1.08930224754882,-0.189820716720835,0.391266045861016,-0.371277733430179,-0.166402515872582,0.856392203120998,0.457993841811336,0.658697740989938,1.46353323597054,0.0699221365892854,1.15005398218983,0.678582106168294,-0.636050447543686,-0.691410709471841,1.06309579258781,-0.62541035944936,-0.513246088979342,-0.24069059247955,0.502378437133711,0.48287649739278,0.562023149804395,-0.0041026890859041,-0.036338183323176,-0.296324815106797,-0.508460685888365,0.443145276740837,0.573172900579149,1.30525441526631
1979-03-01,NA,9.61337979094077e-06,-0.923487037538655,0.335509901332646,2.12915925664833,0,-0.0580485874998227,0,-0.541309592221305,0,0,-0.688092485310674,-1.04030486551951,-1.14784160162776,-0.908287777839909,-1.39101936134249,-2.55883209028485,-1.89331738865397,-0.021312171534374,-0.77945733251397,-0.718638072708675,-0.784832045494266,-1.04087717999276,-0.975513766764383,-1.22475094024334,-1.14999771374438,-0.189820716720835,0.391266045861016,-0.371277733430179,-0.166402515872582,0.856392203120998,0.457993841811336,0.658697740989938,1.46353323597054,0.0699221365892854,1.15005398218983,0.678582106168294,-0.636050447543686,-0.691410709471841,1.06309579258781,-0.62541035944936,-0.513246088979342,-0.24069059247955,0.502378437133711,0.48287649739278,0.562023149804395,-0.0041026890859041,-0.036338183323176,-0.296324815106797,-0.508460685888365,0.443145276740837,0.573172900579149,1.30525441526631
1979-04-01,NA,1.80426480836237e-05,-0.608712622970027,0.864176347330994,1.57465488183086,0,-0.0580485874998227,0,-0.533824732916334,0,0,-0.686253238278622,-1.06153677348697,-0.976967329882288,-0.910988403520115,-1.29018130067843,-0.800825534726822,-1.46525301567302,-0.197768614158561,-0.779862596470901,-0.71836616329578,-0.785234548010073,-1.06004289013415,-0.952396788293321,-1.25408386819839,-0.978498127685809,-0.189820716720835,0.391266045861016,-0.371277733430179,-0.166402515872582,0.856392203120998,0.457993841811336,0.658697740989938,1.46353323597054,0.0699221365892854,1.15005398218983,0.678582106168294,-0.636050447543686,-0.691410709471841,1.06309579258781,-0.62541035944936,-0.513246088979342,-0.24069059247955,0.502378437133711,0.48287649739278,0.562023149804395,-0.0041026890859041,-0.036338183323176,-0.296324815106797,-0.508460685888365,0.443145276740837,0.573172900579149,1.30525441526631
1979-05-01,NA,0.000782577282229965,0.740676451902512,1.05286716893424,0.812247710629379,0,-0.0580485874998227,0,-0.500699548831631,0,0,1.1847201636855,-1.01204800106692,-0.995273348086209,-0.855433430983026,0.636334986019708,1.53059742106204,-1.44144914539754,-0.385391690180159,-0.777922414448935,-0.710362669083046,-0.783385046130492,-0.969901376266612,-0.608092457254558,-0.904327262596693,-0.996725949411705,-0.189820716720835,0.391266045861016,-0.371277733430179,-0.166402515872582,0.856392203120998,0.457993841811336,0.658697740989938,1.46353323597054,0.0699221365892854,1.15005398218983,0.678582106168294,-0.636050447543686,-0.691410709471841,1.06309579258781,-0.62541035944936,-0.513246088979342,-0.24069059247955,0.502378437133711,0.48287649739278,0.562023149804395,-0.0041026890859041,-0.036338183323176,-0.296324815106797,-0.508460685888365,0.443145276740837,0.573172900579149,1.30525441526631
1979-06-01,NA,0.000926818118466899,-0.122097959511056,0.901742095053731,-0.623250710023174,0,-0.0580485874998227,0,-0.52233596336062,0,0,0.313166002409182,-0.71611814652146,-0.927255254677145,-0.816388058566468,1.07551398650092,0.92433948894454,-1.34158645555964,-0.501991613676017,-0.672301845164779,-0.459307752759928,-0.671854757671491,-0.885435098178572,-0.607582556789889,-0.00466660658024963,-0.92860513947657,-0.189820716720835,0.391266045861016,-0.371277733430179,-0.166402515872582,0.856392203120998,0.457993841811336,0.658697740989938,1.46353323597054,0.0699221365892854,1.15005398218983,0.678582106168294,-0.636050447543686,-0.691410709471841,1.06309579258781,-0.62541035944936,-0.513246088979342,-0.24069059247955,0.502378437133711,0.48287649739278,0.562023149804395,-0.0041026890859041,-0.036338183323176,-0.296324815106797,-0.508460685888365,0.443145276740837,0.573172900579149,1.30525441526631
1979-07-01,NA,0.00499584668989547,0.067890901635698,1.14723523631904,1.55830235910411,0,-0.0580485874998227,0,-0.240522084409399,0,0,-0.290144558632674,-0.755192507806839,-1.00077081654746,-0.667286969614286,0.24868262844439,1.23351192093428,-1.47015161685567,-0.45975236338232,0.0674202980751078,0.467769064863488,0.127635886543799,-0.649378518507719,0.0243839085893476,0.301889664344488,-1.00227470775582,-0.189820716720835,0.391266045861016,-0.371277733430179,-0.166402515872582,0.856392203120998,0.457993841811336,0.658697740989938,1.46353323597054,0.0699221365892854,1.15005398218983,0.678582106168294,-0.636050447543686,-0.691410709471841,1.06309579258781,-0.62541035944936,-0.513246088979342,-0.24069059247955,0.502378437133711,0.48287649739278,0.562023149804395,-0.0041026890859041,-0.036338183323176,-0.296324815106797,-0.508460685888365,0.443145276740837,0.573172900579149,1.30525441526631
1979-08-01,NA,0.0103798411149826,0.889758764584409,0.750761268086059,-1.15611122737903,0,-0.0580485874998227,0,0.484029318702019,0,0,0.728487289397029,-0.898570364832489,-1.02056342311881,-0.571826874203764,1.19108344307801,-0.123962631349455,-1.52935641826971,-0.476502177991491,0.537909583502715,0.907686544829277,0.634646488389308,-0.662707353705347,0.652609036328054,0.489584849745469,-1.02215967802946,-0.189820716720835,0.391266045861016,-0.371277733430179,-0.166402515872582,0.856392203120998,0.457993841811336,0.658697740989938,1.46353323597054,0.0699221365892854,1.15005398218983,0.678582106168294,-0.636050447543686,-0.691410709471841,1.06309579258781,-0.62541035944936,-0.513246088979342,-0.24069059247955,0.502378437133711,0.48287649739278,0.562023149804395,-0.0041026890859041,-0.036338183323176,-0.296324815106797,-0.508460685888365,0.443145276740837,0.573172900579149,1.30525441526631
1979-09-01,NA,0.00603092069686411,-0.0981629774373352,0.731871341869218,0.0423654144556233,0,-0.0580485874998227,0,-0.489160316569854,0,0,-0.249540963019115,-0.733016433586096,-0.96304605437844,-0.616422321266219,1.03418397589306,1.01299834244353,-1.45040916216894,-0.501991610353189,0.481262262151504,0.196084719531108,0.566780248894305,-0.606612076124294,0.206076960551879,0.494143506203787,-0.964567659245463,-0.189820716720835,0.391266045861016,-0.371277733430179,-0.166402515872582,0.856392203120998,0.457993841811336,0.658697740989938,1.46353323597054,0.0699221365892854,1.15005398218983,0.678582106168294,-0.636050447543686,-0.691410709471841,1.06309579258781,-0.62541035944936,-0.513246088979342,-0.24069059247955,0.502378437133711,0.48287649739278,0.562023149804395,-0.0041026890859041,-0.036338183323176,-0.296324815106797,-0.508460685888365,0.443145276740837,0.573172900579149,1.30525441526631
1979-10-01,NA,0.00303786815331011,-0.757630564420729,-0.0988628663956459,0.760601934982974,0,-0.0580485874998227,0,-0.540346282381862,0,0,-0.643205283803401,-0.689222752748492,-1.09478475344377,-0.717387456215779,0.0961419775879471,1.32745706356704,-1.7575855231314,-0.501991519136226,-0.11482905537792,-0.400934048341097,-0.0760303914709445,-0.712749034447079,-0.200349622691245,0.10104081009278,-1.09674116829061,-0.189820716720835,0.391266045861016,-0.371277733430179,-0.166402515872582,0.856392203120998,0.457993841811336,0.658697740989938,1.46353323597054,0.0699221365892854,1.15005398218983,0.678582106168294,-0.636050447543686,-0.691410709471841,1.06309579258781,-0.62541035944936,-0.513246088979342,-0.24069059247955,0.502378437133711,0.48287649739278,0.562023149804395,-0.0041026890859041,-0.036338183323176,-0.296324815106797,-0.508460685888365,0.443145276740837,0.573172900579149,1.30525441526631
1979-11-01,NA,0.000814668710801394,-0.935023006739563,-1.19390650824736,0.0320756962859141,0,-0.0580485874998227,0,-0.541609653419676,0,0,-0.690112294417562,-0.424036071180835,-1.16700075994552,-0.808375990817746,-1.11224115687416,0.293303375210489,-2.06417497674189,-0.501991555712468,-0.609480388578238,-0.712918900142126,-0.603886115262467,-0.71093063554306,-0.64603743150313,-0.525181949664949,-1.16948317782687,-0.189820716720835,0.391266045861016,-0.371277733430179,-0.166402515872582,0.856392203120998,0.457993841811336,0.658697740989938,1.46353323597054,0.0699221365892854,1.15005398218983,0.678582106168294,-0.636050447543686,-0.691410709471841,1.06309579258781,-0.62541035944936,-0.513246088979342,-0.24069059247955,0.502378437133711,0.48287649739278,0.562023149804395,-0.0041026890859041,-0.036338183323176,-0.296324815106797,-0.508460685888365,0.443145276740837,0.573172900579149,1.30525441526631
1979-12-01,NA,0.000153492961672474,-0.933291510771965,-1.43944420745956,-0.769406405710048,0,-0.0580485874998227,0,-0.541602637309156,0,0,-0.69010818917156,-0.593161675049426,-1.33779079856008,-0.88335873272651,-1.4200278223873,-1.49748455596983,-2.51550895882077,-0.212840508243686,-0.750500128081041,-0.719272986007608,-0.753916598988837,-0.887387910087585,-0.875745865182603,-0.981118295590777,-1.34094722579204,-0.189820716720835,0.391266045861016,-0.371277733430179,-0.166402515872582,0.856392203120998,0.457993841811336,0.658697740989938,1.46353323597054,0.0699221365892854,1.15005398218983,0.678582106168294,-0.636050447543686,-0.691410709471841,1.06309579258781,-0.62541035944936,-0.513246088979342,-0.24069059247955,0.502378437133711,0.48287649739278,0.562023149804395,-0.0041026890859041,-0.036338183323176,-0.296324815106797,-0.508460685888365,0.443145276740837,0.573172900579149,1.30525441526631
1980-01-01,NA,2.76961672473868e-05,-0.934008119486662,-1.59046355061862,-0.840474098974055,0,-0.0580485874998227,0,-0.541609653419676,0,0,-0.690112295749166,-0.71576583874838,-1.3086919855143,-0.907383290379359,-1.45695028770923,-3.00202357552122,-2.24873421918972,0.184852418547171,-0.775177560421915,-0.71826465728544,-0.780211359517888,-0.995775158422251,-0.962215161039183,-1.23740138900451,-1.3113381918552,-0.189820716720835,0.391266045861016,-0.371277733430179,-0.166402515872582,0.856392203120998,0.457993841811336,0.658697740989938,1.46353323597054,0.0699221365892854,1.15005398218983,0.678582106168294,-0.636050447543686,-0.691410709471841,1.06309579258781,-0.62541035944936,-0.513246088979342,-0.24069059247955,0.502378437133711,0.48287649739278,0.562023149804395,-0.0041026890859041,-0.036338183323176,-0.296324815106797,-0.508460685888365,0.443145276740837,0.573172900579149,1.30525441526631
1980-02-01,NA,4.99735191637631e-06,-0.934171402626607,-1.2316546414646,-0.0332803885936647,0,-0.0580485874998227,0,-0.541609653419676,0,0,-0.69011081766969,-0.979460858504478,-1.10594615176918,-0.941215153167986,-1.46209148278937,-3.41980169213027,-1.76595556848776,0.306073342158791,-0.779113450749306,-0.718338363497541,-0.784435183188096,-1.05506516353882,-0.991120213319922,-1.24793011151552,-1.10790233442938,-0.189820716720835,0.391266045861016,-0.371277733430179,-0.166402515872582,0.856392203120998,0.457993841811336,0.658697740989938,1.46353323597054,0.0699221365892854,1.15005398218983,0.678582106168294,-0.636050447543686,-0.691410709471841,1.06309579258781,-0.62541035944936,-0.513246088979342,-0.24069059247955,0.502378437133711,0.48287649739278,0.562023149804395,-0.0041026890859041,-0.036338183323176,-0.296324815106797,-0.508460685888365,0.443145276740837,0.573172900579149,1.30525441526631
1980-03-01,NA,4.73644599303136e-06,-0.858189474172431,0.297742887629428,1.72069471574957,0,-0.0580485874998227,0,-0.538325540789537,0,0,-0.689338420999284,-1.05292123791203,-1.10416894602491,-0.924813607297907,-1.4234349372402,-2.857223165033,-1.50899516212003,0.123636029009039,-0.779763114549167,-0.718349766674229,-0.785131383945047,-1.06746425166451,-0.980798449322972,-1.25039716951902,-1.10559279351894,-0.189820716720835,0.391266045861016,-0.371277733430179,-0.166402515872582,0.856392203120998,0.457993841811336,0.658697740989938,1.46353323597054,0.0699221365892854,1.15005398218983,0.678582106168294,-0.636050447543686,-0.691410709471841,1.06309579258781,-0.62541035944936,-0.513246088979342,-0.24069059247955,0.502378437133711,0.48287649739278,0.562023149804395,-0.0041026890859041,-0.036338183323176,-0.296324815106797,-0.508460685888365,0.443145276740837,0.573172900579149,1.30525441526631
1980-04-01,NA,2.01901045296167e-05,-0.697063567205019,1.03402822002953,2.41814582346076,0,-0.0580485874998227,0,-0.534782352850812,0,0,-0.686857968697896,-1.03011276065193,-0.929055269323712,-0.909167486859424,-1.3480457545591,-1.38856980246997,-1.02344548420523,0.0910147867541107,-0.779891521722,-0.718357787233895,-0.785264798436219,-1.05328404988011,-0.943624588807828,-1.25452439112503,-0.929740153652928,-0.189820716720835,0.391266045861016,-0.371277733430179,-0.166402515872582,0.856392203120998,0.457993841811336,0.658697740989938,1.46353323597054,0.0699221365892854,1.15005398218983,0.678582106168294,-0.636050447543686,-0.691410709471841,1.06309579258781,-0.62541035944936,-0.513246088979342,-0.24069059247955,0.502378437133711,0.48287649739278,0.562023149804395,-0.0041026890859041,-0.036338183323176,-0.296324815106797,-0.508460685888365,0.443145276740837,0.573172900579149,1.30525441526631
1980-05-01,NA,0.000349072055749129,0.27720561558197,1.14729187777696,1.106047407643,0,-0.0580485874998227,0,-0.519547313460827,0,0,0.083878813880595,-0.99962534086462,-0.947815315435095,-0.866615666280718,0.297702629237985,1.45425498868553,-0.995597189963438,-0.134603771790751,-0.779488336138857,-0.716716297381583,-0.784830532955231,-0.995712223049549,-0.773450786166478,-1.10889737432455,-0.948413086372277,-0.189820716720835,0.391266045861016,-0.371277733430179,-0.166402515872582,0.856392203120998,0.457993841811336,0.658697740989938,1.46353323597054,0.0699221365892854,1.15005398218983,0.678582106168294,-0.636050447543686,-0.691410709471841,1.06309579258781,-0.62541035944936,-0.513246088979342,-0.24069059247955,0.502378437133711,0.48287649739278,0.562023149804395,-0.0041026890859041,-0.036338183323176,-0.296324815106797,-0.508460685888365,0.443145276740837,0.573172900579149,1.30525441526631
1980-06-01,NA,0.00269060236933798,0.811898811549603,0.882883510443607,-0.431139181865642,0,-0.0580485874998227,0,-0.250271460993021,0,0,1.72054839395983,-0.765478059757974,-0.878109595703158,-0.560236289728132,1.47679313899435,0.93642205832933,-0.878941066860422,-0.292374539735049,-0.592848208348439,-0.151719492278587,-0.583840940168047,-0.670545368867055,-0.236687566957334,-0.0165840411069319,-0.878572957983971,-0.189820716720835,0.391266045861016,-0.371277733430179,-0.166402515872582,0.856392203120998,0.457993841811336,0.658697740989938,1.46353323597054,0.0699221365892854,1.15005398218983,0.678582106168294,-0.636050447543686,-0.691410709471841,1.06309579258781,-0.62541035944936,-0.513246088979342,-0.24069059247955,0.502378437133711,0.48287649739278,0.562023149804395,-0.0041026890859041,-0.036338183323176,-0.296324815106797,-0.508460685888365,0.443145276740837,0.573172900579149,1.30525441526631
1980-07-01,NA,0.0184396264808362,2.2877446359308,0.939548002558055,-0.778709257924877,0,-0.0580485874998227,0,2.4094021453064,0,0,2.70040738755968,-0.778706747502348,-0.953448881856064,-0.166327634457686,1.37329293061221,0.0480276873875698,-1.02315662662384,-0.501182273622803,0.559792399122219,1.39177492570122,0.636058837100573,-0.594318685535888,1.4880979990752,1.04111770010984,-0.954095583990317,-0.189820716720835,0.391266045861016,-0.371277733430179,-0.166402515872582,0.856392203120998,0.457993841811336,0.658697740989938,1.46353323597054,0.0699221365892854,1.15005398218983,0.678582106168294,-0.636050447543686,-0.691410709471841,1.06309579258781,-0.62541035944936,-0.513246088979342,-0.24069059247955,0.502378437133711,0.48287649739278,0.562023149804395,-0.0041026890859041,-0.036338183323176,-0.296324815106797,-0.508460685888365,0.443145276740837,0.573172900579149,1.30525441526631
1980-08-01,NA,0.0139112629965157,0.806147133848582,0.656374320215292,-0.793425900401892,0,-0.0580485874998227,0,0.531371441307914,0,0,-0.0114591683912479,-0.587730734066441,-0.97373299848006,-0.103050569641214,0.868616507115379,-0.265751520512865,-1.09346921374017,-0.501991630764842,1.66149882583125,1.64168698832291,1.65902383264686,0.235312111701459,1.36192013997141,1.45587028421809,-0.974493405215026,-0.189820716720835,0.391266045861016,-0.371277733430179,-0.166402515872582,0.856392203120998,0.457993841811336,0.658697740989938,1.46353323597054,0.0699221365892854,1.15005398218983,0.678582106168294,-0.636050447543686,-0.691410709471841,1.06309579258781,-0.62541035944936,-0.513246088979342,-0.24069059247955,0.502378437133711,0.48287649739278,0.562023149804395,-0.0041026890859041,-0.036338183323176,-0.296324815106797,-0.508460685888365,0.443145276740837,0.573172900579149,1.30525441526631
1980-09-01,NA,0.0162885775609756,0.475577988291567,0.448604389925745,0.219268437101357,0,-0.0580485874998227,0,0.592111594650549,0,0,-0.17305831467691,-0.643552294028148,-0.914789506755301,-0.0986415452708778,0.731561143178667,0.285740791400755,-1.0007687713098,-0.501991593472459,1.88949566479871,1.72430068981504,1.8699901180988,0.500264168606272,1.51274395247631,1.46498269891887,-0.915449778611214,-0.189820716720835,0.391266045861016,-0.371277733430179,-0.166402515872582,0.856392203120998,0.457993841811336,0.658697740989938,1.46353323597054,0.0699221365892854,1.15005398218983,0.678582106168294,-0.636050447543686,-0.691410709471841,1.06309579258781,-0.62541035944936,-0.513246088979342,-0.24069059247955,0.502378437133711,0.48287649739278,0.562023149804395,-0.0041026890859041,-0.036338183323176,-0.296324815106797,-0.508460685888365,0.443145276740837,0.573172900579149,1.30525441526631
1980-10-01,NA,0.00590847554006969,-0.859485052531185,0.222088780332199,0.0573068727212797,0,-0.0580485874998227,0,-0.541605945561931,0,0,-0.690107792031602,-0.310550092235229,-1.04979600965018,-0.181520133824814,-0.34993003052338,0.515896707299676,-1.35372836254537,-0.501991368490014,0.630471825401563,-0.419534413442411,0.595692838777972,0.730435786849428,0.467794578723642,0.532349589854515,-1.05098075265631,-0.189820716720835,0.391266045861016,-0.371277733430179,-0.166402515872582,0.856392203120998,0.457993841811336,0.658697740989938,1.46353323597054,0.0699221365892854,1.15005398218983,0.678582106168294,-0.636050447543686,-0.691410709471841,1.06309579258781,-0.62541035944936,-0.513246088979342,-0.24069059247955,0.502378437133711,0.48287649739278,0.562023149804395,-0.0041026890859041,-0.036338183323176,-0.296324815106797,-0.508460685888365,0.443145276740837,0.573172900579149,1.30525441526631
1980-11-01,NA,0.00142049226480836,-0.935023006739563,-0.589712076598087,-0.331615021969473,0,-0.0580485874998227,0,-0.541609653419676,0,0,-0.690109606059795,-0.184250163534423,-1.12380377891538,-0.554822044460875,-0.854103096616662,0.181939435175573,-1.70324742878905,-0.501991115138156,-0.44808982923375,-0.712379809583782,-0.466213354810348,0.207007829877575,-0.369630108777055,-0.0794411119292446,-1.12560216162481,-0.189820716720835,0.391266045861016,-0.371277733430179,-0.166402515872582,0.856392203120998,0.457993841811336,0.658697740989938,1.46353323597054,0.0699221365892854,1.15005398218983,0.678582106168294,-0.636050447543686,-0.691410709471841,1.06309579258781,-0.62541035944936,-0.513246088979342,-0.24069059247955,0.502378437133711,0.48287649739278,0.562023149804395,-0.0041026890859041,-0.036338183323176,-0.296324815106797,-0.508460685888365,0.443145276740837,0.573172900579149,1.30525441526631
1980-12-01,NA,0.000310658675958188,-0.927967370325162,-1.51494198433293,-1.33007688731146,0,-0.0580485874998227,0,-0.541491323649478,0,0,-0.690109391302258,0.095294128832351,-1.29883145007415,-0.742555225229197,-1.27517972831691,-0.550118448002615,-2.21892213907634,-0.501991296501484,-0.710654071099394,-0.719414830949891,-0.71987588428882,-0.42866044817324,-0.745987480044103,-0.614099005823872,-1.30143089668352,-0.189820716720835,0.391266045861016,-0.371277733430179,-0.166402515872582,0.856392203120998,0.457993841811336,0.658697740989938,1.46353323597054,0.0699221365892854,1.15005398218983,0.678582106168294,-0.636050447543686,-0.691410709471841,1.06309579258781,-0.62541035944936,-0.513246088979342,-0.24069059247955,0.502378437133711,0.48287649739278,0.562023149804395,-0.0041026890859041,-0.036338183323176,-0.296324815106797,-0.508460685888365,0.443145276740837,0.573172900579149,1.30525441526631
1981-01-01,NA,6.59891289198606e-05,-0.934569546500577,-2.04360125574661,-0.962331007170209,0,-0.0580485874998227,0,-0.541609653419676,0,0,-0.69011223885721,0.274392770303519,-1.29354054019437,-0.840119192015765,-1.42248406801132,-1.75953580541372,-2.20191923531826,-0.480855235582004,-0.766662707314658,-0.719249951654541,-0.772941946239752,-0.724743429272285,-0.903289859487563,-1.05417208031788,-1.29611236716323,-0.189820716720835,0.391266045861016,-0.371277733430179,-0.166402515872582,0.856392203120998,0.457993841811336,0.658697740989938,1.46353323597054,0.0699221365892854,1.15005398218983,0.678582106168294,-0.636050447543686,-0.691410709471841,1.06309579258781,-0.62541035944936,-0.513246088979342,-0.24069059247955,0.502378437133711,0.48287649739278,0.562023149804395,-0.0041026890859041,-0.036338183323176,-0.296324815106797,-0.508460685888365,0.443145276740837,0.573172900579149,1.30525441526631
1981-02-01,NA,1.31657142857143e-05,-0.908088033972462,-1.00508880977837,0.260523390270871,0,-0.0580485874998227,0,-0.541577000044016,0,0,-0.690110961479504,-0.664600514240243,-1.0239065980217,-0.887608314293116,-1.45490115349524,-2.83176511430708,-1.60631857933306,0.0862788907245228,-0.777908287231685,-0.719097577837685,-0.783404254407808,-0.950497580241897,-0.968980587113584,-1.23793840678345,-1.02565798992202,-0.189820716720835,0.391266045861016,-0.371277733430179,-0.166402515872582,0.856392203120998,0.457993841811336,0.658697740989938,1.46353323597054,0.0699221365892854,1.15005398218983,0.678582106168294,-0.636050447543686,-0.691410709471841,1.06309579258781,-0.62541035944936,-0.513246088979342,-0.24069059247955,0.502378437133711,0.48287649739278,0.562023149804395,-0.0041026890859041,-0.036338183323176,-0.296324815106797,-0.508460685888365,0.443145276740837,0.573172900579149,1.30525441526631
1981-03-01,NA,8.04794425087108e-06,-0.74218835026759,-0.042124740385901,1.66036527327269,0,-0.0580485874998227,0,-0.538752285765152,0,0,-0.688857791257013,-1.04915512656344,-1.08707999341423,-0.905482085464139,-1.37454087603158,-2.02294240763874,-1.44832239594809,0.122033895868358,-0.779732589387314,-0.71840212837481,-0.785105177708512,-1.03438595495597,-0.9727700741093,-1.24950999712807,-1.08840384454776,-0.189820716720835,0.391266045861016,-0.371277733430179,-0.166402515872582,0.856392203120998,0.457993841811336,0.658697740989938,1.46353323597054,0.0699221365892854,1.15005398218983,0.678582106168294,-0.636050447543686,-0.691410709471841,1.06309579258781,-0.62541035944936,-0.513246088979342,-0.24069059247955,0.502378437133711,0.48287649739278,0.562023149804395,-0.0041026890859041,-0.036338183323176,-0.296324815106797,-0.508460685888365,0.443145276740837,0.573172900579149,1.30525441526631
1981-04-01,NA,0.000116905923344948,-0.0573020730323565,0.448799614150714,1.85098205902544,0,-0.0580485874998227,0,-0.512626515971549,0,0,-0.552907420968142,-1.05004462377149,-0.910306932750708,-0.878802972445282,0.0459733548071129,0.953581517942855,-0.951206854903215,-0.0774853856666139,-0.779750632965493,-0.717947865556991,-0.785143562945462,-1.00008734009489,-0.845352703379435,-1.24059314181127,-0.910870731540458,-0.189820716720835,0.391266045861016,-0.371277733430179,-0.166402515872582,0.856392203120998,0.457993841811336,0.658697740989938,1.46353323597054,0.0699221365892854,1.15005398218983,0.678582106168294,-0.636050447543686,-0.691410709471841,1.06309579258781,-0.62541035944936,-0.513246088979342,-0.24069059247955,0.502378437133711,0.48287649739278,0.562023149804395,-0.0041026890859041,-0.036338183323176,-0.296324815106797,-0.508460685888365,0.443145276740837,0.573172900579149,1.30525441526631
1981-05-01,NA,0.000905162926829268,0.428750865950229,0.543073656715358,0.653405622310943,0,-0.0580485874998227,0,-0.507372361871033,0,0,1.32412908693077,-0.859140291433069,-0.929245295083011,-0.759528803060591,1.15695403727776,1.84680446231972,-0.923776665993799,-0.313552037642983,-0.774218901295487,-0.700344775496178,-0.7801151577677,-0.832079189159923,-0.571637192679918,-0.841595510743042,-0.929722457132951,-0.189820716720835,0.391266045861016,-0.371277733430179,-0.166402515872582,0.856392203120998,0.457993841811336,0.658697740989938,1.46353323597054,0.0699221365892854,1.15005398218983,0.678582106168294,-0.636050447543686,-0.691410709471841,1.06309579258781,-0.62541035944936,-0.513246088979342,-0.24069059247955,0.502378437133711,0.48287649739278,0.562023149804395,-0.0041026890859041,-0.036338183323176,-0.296324815106797,-0.508460685888365,0.443145276740837,0.573172900579149,1.30525441526631
1981-06-01,NA,0.00724585923344948,1.09063656210239,0.618601264756563,-0.603730357000909,0,-0.0580485874998227,0,0.458891067190011,0,0,1.62918591100259,-0.588207881513532,-0.858878814526577,-0.268510002332431,1.33693073439833,0.359192508629955,-0.804890740635174,-0.50199135552439,-0.177147573600725,0.572719222473439,-0.142415212647995,-0.402803852270054,0.347084024597434,0.694544738883729,-0.859218361117248,-0.189820716720835,0.391266045861016,-0.371277733430179,-0.166402515872582,0.856392203120998,0.457993841811336,0.658697740989938,1.46353323597054,0.0699221365892854,1.15005398218983,0.678582106168294,-0.636050447543686,-0.691410709471841,1.06309579258781,-0.62541035944936,-0.513246088979342,-0.24069059247955,0.502378437133711,0.48287649739278,0.562023149804395,-0.0041026890859041,-0.036338183323176,-0.296324815106797,-0.508460685888365,0.443145276740837,0.573172900579149,1.30525441526631
1981-07-01,NA,0.0217013519163763,2.3259477932757,0.524195058790102,-0.994496620326395,0,-0.0580485874998227,0,2.50993110480236,0,0,1.83460734970263,-0.774972745939217,-0.934932121017251,0.0275603398993766,1.25565303248234,-0.474248885192895,-0.952667716605843,-0.501991471820399,1.38165334963404,2.13435508725959,1.41083195086117,-0.367359895846295,1.90619948559259,1.552844709526,-0.935460974390459,-0.189820716720835,0.391266045861016,-0.371277733430179,-0.166402515872582,0.856392203120998,0.457993841811336,0.658697740989938,1.46353323597054,0.0699221365892854,1.15005398218983,0.678582106168294,-0.636050447543686,-0.691410709471841,1.06309579258781,-0.62541035944936,-0.513246088979342,-0.24069059247955,0.502378437133711,0.48287649739278,0.562023149804395,-0.0041026890859041,-0.036338183323176,-0.296324815106797,-0.508460685888365,0.443145276740837,0.573172900579149,1.30525441526631
1981-08-01,NA,0.0153686433449477,0.582624094911378,0.599717380295234,-0.668496457429574,0,-0.0580485874998227,0,0.412795895016717,0,0,-0.385141680286626,-0.628434300841462,-0.955407832420577,0.245769359335055,0.754705621080216,-0.165578712089949,-1.02341637560614,-0.501991503634931,2.04447579870964,1.64698172586892,2.03424184475416,0.399280384250472,1.48907763933936,1.4197608630238,-0.956052848110456,-0.189820716720835,0.391266045861016,-0.371277733430179,-0.166402515872582,0.856392203120998,0.457993841811336,0.658697740989938,1.46353323597054,0.0699221365892854,1.15005398218983,0.678582106168294,-0.636050447543686,-0.691410709471841,1.06309579258781,-0.62541035944936,-0.513246088979342,-0.24069059247955,0.502378437133711,0.48287649739278,0.562023149804395,-0.0041026890859041,-0.036338183323176,-0.296324815106797,-0.508460685888365,0.443145276740837,0.573172900579149,1.30525441526631
1981-09-01,NA,0.0118430216027875,0.0580682736419947,0.656330517487832,0.463085241732036,0,-0.0580485874998227,0,-0.0415461796926138,0,0,-0.192214520823517,-0.461953620801223,-0.895905653341109,0.00387180193788279,0.531166457051799,0.796803501567029,-0.932233758596237,-0.501991536776308,1.46774086327875,0.887463389141518,1.49482610765642,0.361271248312098,1.06746474947059,1.18959663903694,-0.896453782864877,-0.189820716720835,0.391266045861016,-0.371277733430179,-0.166402515872582,0.856392203120998,0.457993841811336,0.658697740989938,1.46353323597054,0.0699221365892854,1.15005398218983,0.678582106168294,-0.636050447543686,-0.691410709471841,1.06309579258781,-0.62541035944936,-0.513246088979342,-0.24069059247955,0.502378437133711,0.48287649739278,0.562023149804395,-0.0041026890859041,-0.036338183323176,-0.296324815106797,-0.508460685888365,0.443145276740837,0.573172900579149,1.30525441526631
1981-10-01,NA,0.00745231609756098,0.0236273049132578,0.071057353662117,-0.980666367474142,0,-0.0580485874998227,0,-0.253890309339689,0,0,0.496751202101171,-0.481536739288705,-1.03219160490342,-0.280014926173174,0.507519411469881,0.0340577726087451,-1.28955295446673,-0.501991537051934,0.650714882828594,0.388419202777678,0.629674527196146,0.0788691829303685,0.704778223094111,1.06824628021686,-1.03327158401918,-0.189820716720835,0.391266045861016,-0.371277733430179,-0.166402515872582,0.856392203120998,0.457993841811336,0.658697740989938,1.46353323597054,0.0699221365892854,1.15005398218983,0.678582106168294,-0.636050447543686,-0.691410709471841,1.06309579258781,-0.62541035944936,-0.513246088979342,-0.24069059247955,0.502378437133711,0.48287649739278,0.562023149804395,-0.0041026890859041,-0.036338183323176,-0.296324815106797,-0.508460685888365,0.443145276740837,0.573172900579149,1.30525441526631
1981-11-01,NA,0.00309350132404181,-0.918840126295234,-0.891793810424224,-1.1322611295,0,-0.0580485874998227,0,-0.541609653419676,0,0,-0.690112353086017,-0.25991750557109,-1.10690078423428,-0.39398440484155,-0.448615296694262,-0.217424227826516,-1.64600279208116,-0.50199136757066,-0.038053971955915,-0.55567419831658,-0.0686197544831199,0.0829403484678024,0.0155121183774193,0.405953842634701,-1.10860572758243,-0.189820716720835,0.391266045861016,-0.371277733430179,-0.166402515872582,0.856392203120998,0.457993841811336,0.658697740989938,1.46353323597054,0.0699221365892854,1.15005398218983,0.678582106168294,-0.636050447543686,-0.691410709471841,1.06309579258781,-0.62541035944936,-0.513246088979342,-0.24069059247955,0.502378437133711,0.48287649739278,0.562023149804395,-0.0041026890859041,-0.036338183323176,-0.296324815106797,-0.508460685888365,0.443145276740837,0.573172900579149,1.30525441526631
1981-12-01,NA,0.00077184,-0.934467217898278,-2.30795298162203,-1.38914990467907,0,-0.0580485874998227,0,-0.541609653419676,0,0,-0.690112353086017,-0.0172006575601846,-1.28358627033533,-0.604090307857946,-0.937400059948762,-0.551342352457956,-2.17161175191798,-0.501991108932402,-0.600845114567018,-0.715942908042693,-0.615154014030588,-0.277078535416224,-0.558284061128534,-0.117623458072379,-1.28611110637154,-0.189820716720835,0.391266045861016,-0.371277733430179,-0.166402515872582,0.856392203120998,0.457993841811336,0.658697740989938,1.46353323597054,0.0699221365892854,1.15005398218983,0.678582106168294,-0.636050447543686,-0.691410709471841,1.06309579258781,-0.62541035944936,-0.513246088979342,-0.24069059247955,0.502378437133711,0.48287649739278,0.562023149804395,-0.0041026890859041,-0.036338183323176,-0.296324815106797,-0.508460685888365,0.443145276740837,0.573172900579149,1.30525441526631
1982-01-01,NA,0.000168485017421603,-0.923973476939447,-1.87372974734266,-0.984532979246772,0,-0.0580485874998227,0,-0.541184159495728,0,0,-0.690108491214014,0.227384426343793,-1.2607086217121,-0.779795488281478,-1.24862148973819,-0.464115080288867,-2.14566401242822,-0.501990210692712,-0.743627754158424,-0.719362980930296,-0.751406512639934,-0.658616892200822,-0.823510138179831,-0.605561038806855,-1.26321511673986,-0.189820716720835,0.391266045861016,-0.371277733430179,-0.166402515872582,0.856392203120998,0.457993841811336,0.658697740989938,1.46353323597054,0.0699221365892854,1.15005398218983,0.678582106168294,-0.636050447543686,-0.691410709471841,1.06309579258781,-0.62541035944936,-0.513246088979342,-0.24069059247955,0.502378437133711,0.48287649739278,0.562023149804395,-0.0041026890859041,-0.036338183323176,-0.296324815106797,-0.508460685888365,0.443145276740837,0.573172900579149,1.30525441526631
1982-02-01,NA,3.90355400696864e-05,-0.848492918492128,-1.19392652156249,-0.396573440373756,0,-0.0580485874998227,0,-0.541161338055896,0,0,-0.689849882736561,-0.0874628298901024,-0.985591709985502,-0.854591207949692,-1.32820561207634,-1.16003121758754,-1.53603259385513,-0.366540244712383,-0.772944646065477,-0.719274418408063,-0.778838270837717,-0.876106048449964,-0.930461112618844,-1.02631227947694,-0.987256454539974,-0.189820716720835,0.391266045861016,-0.371277733430179,-0.166402515872582,0.856392203120998,0.457993841811336,0.658697740989938,1.46353323597054,0.0699221365892854,1.15005398218983,0.678582106168294,-0.636050447543686,-0.691410709471841,1.06309579258781,-0.62541035944936,-0.513246088979342,-0.24069059247955,0.502378437133711,0.48287649739278,0.562023149804395,-0.0041026890859041,-0.036338183323176,-0.296324815106797,-0.508460685888365,0.443145276740837,0.573172900579149,1.30525441526631
1982-03-01,NA,3.87344947735192e-05,-0.413898329690095,0.0522742909958882,1.6139260554576,0,-0.0580485874998227,0,-0.523151512339505,0,0,-0.634528369223825,-0.93387819649202,-1.05004937732925,-0.88628251831992,-1.0803701163689,-1.12060303395894,-1.37518502123974,0.040786739828053,-0.779051357272821,-0.718806771356189,-0.784465952122143,-1.01230064491495,-0.924063489694028,-1.22877647488825,-1.05127889550189,-0.189820716720835,0.391266045861016,-0.371277733430179,-0.166402515872582,0.856392203120998,0.457993841811336,0.658697740989938,1.46353323597054,0.0699221365892854,1.15005398218983,0.678582106168294,-0.636050447543686,-0.691410709471841,1.06309579258781,-0.62541035944936,-0.513246088979342,-0.24069059247955,0.502378437133711,0.48287649739278,0.562023149804395,-0.0041026890859041,-0.036338183323176,-0.296324815106797,-0.508460685888365,0.443145276740837,0.573172900579149,1.30525441526631
1982-04-01,NA,0.000380982857142857,-0.159838362381448,0.0334349644814586,1.11703700624969,0,-0.0580485874998227,0,-0.516131080099978,0,0,-0.0752152665608066,-0.809054309074889,-0.869681517439366,-0.792681869243567,1.11190518985458,1.92014206632984,-0.864598744769353,-0.368065233091219,-0.77677204732517,-0.713370314243097,-0.782523155035966,-0.841963602504919,-0.69049106422713,-1.04361176054677,-0.870128410736479,-0.189820716720835,0.391266045861016,-0.371277733430179,-0.166402515872582,0.856392203120998,0.457993841811336,0.658697740989938,1.46353323597054,0.0699221365892854,1.15005398218983,0.678582106168294,-0.636050447543686,-0.691410709471841,1.06309579258781,-0.62541035944936,-0.513246088979342,-0.24069059247955,0.502378437133711,0.48287649739278,0.562023149804395,-0.0041026890859041,-0.036338183323176,-0.296324815106797,-0.508460685888365,0.443145276740837,0.573172900579149,1.30525441526631
1982-05-01,NA,0.000664427038327526,0.291086802887258,0.920713962579697,0.885997179941949,0,-0.0580485874998227,0,-0.517006087158383,0,0,0.848196596242919,-0.556621388929411,-0.889004870797771,-0.743821570164745,1.36678245273954,2.07191276250788,-0.838540420458172,-0.472230159158022,-0.773281269517798,-0.708171816205876,-0.779042371525477,-0.791364289995092,-0.632037988381559,-0.623403129157411,-0.889367138913386,-0.189820716720835,0.391266045861016,-0.371277733430179,-0.166402515872582,0.856392203120998,0.457993841811336,0.658697740989938,1.46353323597054,0.0699221365892854,1.15005398218983,0.678582106168294,-0.636050447543686,-0.691410709471841,1.06309579258781,-0.62541035944936,-0.513246088979342,-0.24069059247955,0.502378437133711,0.48287649739278,0.562023149804395,-0.0041026890859041,-0.036338183323176,-0.296324815106797,-0.508460685888365,0.443145276740837,0.573172900579149,1.30525441526631
1982-06-01,NA,0.00870783554006969,1.47993080263516,0.750704249018417,0.0268477872344457,0,-0.0580485874998227,0,0.995474207800587,0,0,2.32539747106933,-0.613414722169988,-0.817207589252784,-0.33887882448535,1.22516242809079,1.00027093004911,-0.716728871977667,-0.501991488984515,-0.332527124862463,0.296119958898462,-0.30721470330392,-0.480093406500748,0.402454190150258,0.515512613396924,-0.817427884138242,-0.189820716720835,0.391266045861016,-0.371277733430179,-0.166402515872582,0.856392203120998,0.457993841811336,0.658697740989938,1.46353323597054,0.0699221365892854,1.15005398218983,0.678582106168294,-0.636050447543686,-0.691410709471841,1.06309579258781,-0.62541035944936,-0.513246088979342,-0.24069059247955,0.502378437133711,0.48287649739278,0.562023149804395,-0.0041026890859041,-0.036338183323176,-0.296324815106797,-0.508460685888365,0.443145276740837,0.573172900579149,1.30525441526631
1982-07-01,NA,0.0130702628571429,0.931328138460587,0.750773351597083,-0.322587851685406,0,-0.0580485874998227,0,0.930789122947108,0,0,0.456887818220267,-0.579313449145644,-0.894807484599107,-0.0950525329635891,1.05895516204372,0.253926048881739,-0.869824504321675,-0.501990629016437,0.80504292158219,1.14467370009876,0.89493326586882,-0.188992028701913,0.927960138386961,1.17775531524889,-0.895227007880835,-0.189820716720835,0.391266045861016,-0.371277733430179,-0.166402515872582,0.856392203120998,0.457993841811336,0.658697740989938,1.46353323597054,0.0699221365892854,1.15005398218983,0.678582106168294,-0.636050447543686,-0.691410709471841,1.06309579258781,-0.62541035944936,-0.513246088979342,-0.24069059247955,0.502378437133711,0.48287649739278,0.562023149804395,-0.0041026890859041,-0.036338183323176,-0.296324815106797,-0.508460685888365,0.443145276740837,0.573172900579149,1.30525441526631
1982-08-01,NA,0.0176863108013937,1.38043227674094,0.486397081089887,-1.52854841017122,0,-0.0580485874998227,0,1.39257290445625,0,0,1.19980761398551,-0.776037183718384,-0.915699887044345,-0.242791427348098,1.13930463548684,-0.617586453758101,-0.940336812639414,-0.501991630764842,1.43554749113928,1.96915320976614,1.48166618095037,-0.239550797999984,1.61313016901073,1.4962265339138,-0.916233357307243,-0.189820716720835,0.391266045861016,-0.371277733430179,-0.166402515872582,0.856392203120998,0.457993841811336,0.658697740989938,1.46353323597054,0.0699221365892854,1.15005398218983,0.678582106168294,-0.636050447543686,-0.691410709471841,1.06309579258781,-0.62541035944936,-0.513246088979342,-0.24069059247955,0.502378437133711,0.48287649739278,0.562023149804395,-0.0041026890859041,-0.036338183323176,-0.296324815106797,-0.508460685888365,0.443145276740837,0.573172900579149,1.30525441526631
1982-09-01,NA,0.0161114826480836,1.16829368187975,0.354261622392157,-1.40532109902881,0,-0.0580485874998227,0,0.71418507298905,0,0,0.309394459570863,-0.832072978441584,-0.854987819185489,-0.15615181377426,1.10468453822785,-0.646514843606994,-0.844537766799755,-0.501991630764842,1.89568168318078,1.70851002059336,1.84118605678913,-0.0287106284131379,1.71038172977996,1.50130500410984,-0.855416510391053,-0.189820716720835,0.391266045861016,-0.371277733430179,-0.166402515872582,0.856392203120998,0.457993841811336,0.658697740989938,1.46353323597054,0.0699221365892854,1.15005398218983,0.678582106168294,-0.636050447543686,-0.691410709471841,1.06309579258781,-0.62541035944936,-0.513246088979342,-0.24069059247955,0.502378437133711,0.48287649739278,0.562023149804395,-0.0041026890859041,-0.036338183323176,-0.296324815106797,-0.508460685888365,0.443145276740837,0.573172900579149,1.30525441526631
1982-10-01,NA,0.00912406076655052,-0.648184382639673,0.203174309483593,0.147194410593509,0,-0.0580485874998227,0,-0.541568327463972,0,0,-0.655967353168693,-0.335045602075398,-0.994044950681642,0.0542262567969739,0.169466255890683,0.710446543596978,-1.21262310534113,-0.501991303326689,1.44744713972631,0.459093551133201,1.38085705466933,0.959536787454325,0.958298214431595,1.02983846543017,-0.995021455420351,-0.189820716720835,0.391266045861016,-0.371277733430179,-0.166402515872582,0.856392203120998,0.457993841811336,0.658697740989938,1.46353323597054,0.0699221365892854,1.15005398218983,0.678582106168294,-0.636050447543686,-0.691410709471841,1.06309579258781,-0.62541035944936,-0.513246088979342,-0.24069059247955,0.502378437133711,0.48287649739278,0.562023149804395,-0.0041026890859041,-0.036338183323176,-0.296324815106797,-0.508460685888365,0.443145276740837,0.573172900579149,1.30525441526631
1982-11-01,NA,0.00317255581881533,-0.854819888925375,-0.514202971433137,-0.771315612976561,0,-0.0580485874998227,0,-0.541128861855302,0,0,-0.689038065299161,-0.28517003497422,-1.0702734644091,-0.393803586017369,-0.37669314151864,0.0185912985503192,-1.5772324036142,-0.501991324128226,-0.0231779514429185,-0.599918966990172,-0.0539211250182039,0.176504191389692,0.0268618505928262,0.34906912872295,-1.07189238218481,-0.189820716720835,0.391266045861016,-0.371277733430179,-0.166402515872582,0.856392203120998,0.457993841811336,0.658697740989938,1.46353323597054,0.0699221365892854,1.15005398218983,0.678582106168294,-0.636050447543686,-0.691410709471841,1.06309579258781,-0.62541035944936,-0.513246088979342,-0.24069059247955,0.502378437133711,0.48287649739278,0.562023149804395,-0.0041026890859041,-0.036338183323176,-0.296324815106797,-0.508460685888365,0.443145276740837,0.573172900579149,1.30525441526631
1982-12-01,NA,0.00076485574912892,-0.933366390838739,-2.53446330467951,-1.29432003032488,0,-0.0580485874998227,0,-0.541609653419676,0,0,-0.689933569016803,-0.041635211014798,-1.25055212260463,-0.62994794765154,-0.831586539762877,-0.492765649222093,-2.11506934275368,-0.501991132151879,-0.603499446506913,-0.715311185177861,-0.616822875574407,-0.188729523497049,-0.564077695645697,-0.105751237845875,-1.25300988179741,-0.189820716720835,0.391266045861016,-0.371277733430179,-0.166402515872582,0.856392203120998,0.457993841811336,0.658697740989938,1.46353323597054,0.0699221365892854,1.15005398218983,0.678582106168294,-0.636050447543686,-0.691410709471841,1.06309579258781,-0.62541035944936,-0.513246088979342,-0.24069059247955,0.502378437133711,0.48287649739278,0.562023149804395,-0.0041026890859041,-0.036338183323176,-0.296324815106797,-0.508460685888365,0.443145276740837,0.573172900579149,1.30525441526631
1983-01-01,NA,0.000181670801393728,-0.807154303619538,-2.30795864576783,-1.85082812295688,0,-0.0580485874998227,0,-0.537564108470925,0,0,-0.68551484549242,-0.188137599159817,-1.24430899190166,-0.814739228328806,-0.753329832739285,-0.881566032921183,-2.08234751693611,-0.501991199869183,-0.744496261129352,-0.719525003472773,-0.752027323330286,-0.720993098797021,-0.814786971391078,-0.47346768690723,-1.24670878926877,-0.189820716720835,0.391266045861016,-0.371277733430179,-0.166402515872582,0.856392203120998,0.457993841811336,0.658697740989938,1.46353323597054,0.0699221365892854,1.15005398218983,0.678582106168294,-0.636050447543686,-0.691410709471841,1.06309579258781,-0.62541035944936,-0.513246088979342,-0.24069059247955,0.502378437133711,0.48287649739278,0.562023149804395,-0.0041026890859041,-0.036338183323176,-0.296324815106797,-0.508460685888365,0.443145276740837,0.573172900579149,1.30525441526631
1983-02-01,NA,3.92362369337979e-05,-0.853010860931663,-1.08058356577398,-0.194777877924009,0,-0.0580485874998227,0,-0.539477166062701,0,0,-0.687690176134242,-0.178933527450829,-0.966452745536655,-0.855924270595691,-1.15472197639499,-0.469090026313836,-1.45965956855326,-0.373589281777946,-0.773240563438698,-0.719317595106117,-0.779071680806011,-0.828644765520143,-0.928497248851153,-0.901792247500025,-0.967988715674581,-0.189820716720835,0.391266045861016,-0.371277733430179,-0.166402515872582,0.856392203120998,0.457993841811336,0.658697740989938,1.46353323597054,0.0699221365892854,1.15005398218983,0.678582106168294,-0.636050447543686,-0.691410709471841,1.06309579258781,-0.62541035944936,-0.513246088979342,-0.24069059247955,0.502378437133711,0.48287649739278,0.562023149804395,-0.0041026890859041,-0.036338183323176,-0.296324815106797,-0.508460685888365,0.443145276740837,0.573172900579149,1.30525441526631
1983-03-01,NA,1.78419512195122e-05,-0.804681671503166,-0.344199677237088,1.53867713391228,0,-0.0580485874998227,0,-0.538345906045836,0,0,-0.687195828764666,-0.993821749095496,-1.03155254885601,-0.889455314656269,-1.23086981879583,-1.25753246794084,-1.2960614422373,0.108256002481651,-0.779124994121098,-0.718841288306256,-0.784525369316951,-0.965171512789452,-0.955179290052735,-1.135555266031,-1.03264570742577,-0.189820716720835,0.391266045861016,-0.371277733430179,-0.166402515872582,0.856392203120998,0.457993841811336,0.658697740989938,1.46353323597054,0.0699221365892854,1.15005398218983,0.678582106168294,-0.636050447543686,-0.691410709471841,1.06309579258781,-0.62541035944936,-0.513246088979342,-0.24069059247955,0.502378437133711,0.48287649739278,0.562023149804395,-0.0041026890859041,-0.036338183323176,-0.296324815106797,-0.508460685888365,0.443145276740837,0.573172900579149,1.30525441526631
1983-04-01,NA,1.96482229965157e-05,-0.660509673121132,1.24176718632208,2.96791305330168,0,-0.0580485874998227,0,-0.534183859057636,0,0,-0.686644840752549,-1.0548917898196,-0.849389148932244,-0.897569696375311,-1.31325312101028,-1.11185638199872,-0.776666402290313,0.0980975425061936,-0.779849740434822,-0.718375079714889,-0.785220376154539,-0.896521273359949,-0.94496265094119,-1.25487513352295,-0.849683998346061,-0.189820716720835,0.391266045861016,-0.371277733430179,-0.166402515872582,0.856392203120998,0.457993841811336,0.658697740989938,1.46353323597054,0.0699221365892854,1.15005398218983,0.678582106168294,-0.636050447543686,-0.691410709471841,1.06309579258781,-0.62541035944936,-0.513246088979342,-0.24069059247955,0.502378437133711,0.48287649739278,0.562023149804395,-0.0041026890859041,-0.036338183323176,-0.296324815106797,-0.508460685888365,0.443145276740837,0.573172900579149,1.30525441526631
1983-05-01,NA,0.000377550940766551,0.261364364483448,1.26055666835354,1.2388472871489,0,-0.0580485874998227,0,-0.517011667641021,0,0,0.235779707153436,-1.06346426390649,-0.868904678188509,-0.866286180724146,-0.180688344289905,0.83521982009204,-0.746259893942898,-0.167041830676169,-0.779765700933371,-0.717137644556466,-0.785129521265127,-0.973685145301962,-0.776063722550087,-1.1696311891462,-0.869105987042139,-0.189820716720835,0.391266045861016,-0.371277733430179,-0.166402515872582,0.856392203120998,0.457993841811336,0.658697740989938,1.46353323597054,0.0699221365892854,1.15005398218983,0.678582106168294,-0.636050447543686,-0.691410709471841,1.06309579258781,-0.62541035944936,-0.513246088979342,-0.24069059247955,0.502378437133711,0.48287649739278,0.562023149804395,-0.0041026890859041,-0.036338183323176,-0.296324815106797,-0.508460685888365,0.443145276740837,0.573172900579149,1.30525441526631
1983-06-01,NA,0.000877767804878049,0.23917608981932,1.07168837018214,0.506268398474225,0,-0.0580485874998227,0,-0.501403348645696,0,0,0.720531423665018,-0.807072733537637,-0.796392475572031,-0.728802531626354,1.10185839234244,1.76521132943913,-0.623865198551449,-0.187333284099203,-0.732959216256344,-0.55535973628166,-0.734694824210745,-0.833852725357393,-0.619993674565703,-0.353729896103016,-0.796451560774418,-0.189820716720835,0.391266045861016,-0.371277733430179,-0.166402515872582,0.856392203120998,0.457993841811336,0.658697740989938,1.46353323597054,0.0699221365892854,1.15005398218983,0.678582106168294,-0.636050447543686,-0.691410709471841,1.06309579258781,-0.62541035944936,-0.513246088979342,-0.24069059247955,0.502378437133711,0.48287649739278,0.562023149804395,-0.0041026890859041,-0.036338183323176,-0.296324815106797,-0.508460685888365,0.443145276740837,0.573172900579149,1.30525441526631
1983-07-01,NA,0.00558424975609756,0.705663117186023,1.05283054079145,0.311915463183726,0,-0.0580485874998227,0,0.0456212044808259,0,0,0.930359899620328,-0.667353494756833,-0.874764851780238,-0.466276305638517,1.14483895476458,1.15131171491236,-0.779732554486266,-0.337562151102351,-0.151739472806864,0.376508768520667,-0.108827457347809,-0.531284940092195,0.107839774034739,0.308316274257508,-0.875027445701245,-0.189820716720835,0.391266045861016,-0.371277733430179,-0.166402515872582,0.856392203120998,0.457993841811336,0.658697740989938,1.46353323597054,0.0699221365892854,1.15005398218983,0.678582106168294,-0.636050447543686,-0.691410709471841,1.06309579258781,-0.62541035944936,-0.513246088979342,-0.24069059247955,0.502378437133711,0.48287649739278,0.562023149804395,-0.0041026890859041,-0.036338183323176,-0.296324815106797,-0.508460685888365,0.443145276740837,0.573172900579149,1.30525441526631
1983-08-01,NA,0.0216328741463415,2.21078085863073,0.637502896874706,-0.574610432601434,0,-0.0580485874998227,0,3.07534669230321,0,0,1.86269053293451,-0.787985901536061,-0.895865846721806,-0.171465576559192,1.39419265075659,0.047491791505614,-0.850176478487484,-0.501991578395868,0.737236630918167,1.24304569848421,0.835889421173231,-0.216367744226954,1.50319951939269,1.03992848865798,-0.896242091870988,-0.189820716720835,0.391266045861016,-0.371277733430179,-0.166402515872582,0.856392203120998,0.457993841811336,0.658697740989938,1.46353323597054,0.0699221365892854,1.15005398218983,0.678582106168294,-0.636050447543686,-0.691410709471841,1.06309579258781,-0.62541035944936,-0.513246088979342,-0.24069059247955,0.502378437133711,0.48287649739278,0.562023149804395,-0.0041026890859041,-0.036338183323176,-0.296324815106797,-0.508460685888365,0.443145276740837,0.573172900579149,1.30525441526631
1983-09-01,NA,0.0123100833449477,0.161902143374599,0.656298798271397,0.111403956834038,0,-0.0580485874998227,0,0.124711365835477,0,0,-0.49228206714368,-0.546471367113231,-0.83454813713102,0.0396156130978424,0.667909151358284,0.191950401906145,-0.754255009400936,-0.501991394908363,1.48868236611956,1.44472293179113,1.54851531796249,0.298104390715126,1.05359990732841,1.36858724272475,-0.834819211672309,-0.189820716720835,0.391266045861016,-0.371277733430179,-0.166402515872582,0.856392203120998,0.457993841811336,0.658697740989938,1.46353323597054,0.0699221365892854,1.15005398218983,0.678582106168294,-0.636050447543686,-0.691410709471841,1.06309579258781,-0.62541035944936,-0.513246088979342,-0.24069059247955,0.502378437133711,0.48287649739278,0.562023149804395,-0.0041026890859041,-0.036338183323176,-0.296324815106797,-0.508460685888365,0.443145276740837,0.573172900579149,1.30525441526631
1983-10-01,NA,0.00648343191637631,-0.355654273120607,0.108800577953007,-0.41973119354057,0,-0.0580485874998227,0,-0.481636781386439,0,0,-0.304863331223525,-0.401432534208669,-0.974990945761876,-0.257722417816908,0.263299948844465,0.518987522387485,-1.13006234396104,-0.501991446534949,0.643524536354387,-0.0296148534873836,0.660375245157879,0.322485270414224,0.464166458439091,0.83654966823979,-0.975826649425814,-0.189820716720835,0.391266045861016,-0.371277733430179,-0.166402515872582,0.856392203120998,0.457993841811336,0.658697740989938,1.46353323597054,0.0699221365892854,1.15005398218983,0.678582106168294,-0.636050447543686,-0.691410709471841,1.06309579258781,-0.62541035944936,-0.513246088979342,-0.24069059247955,0.502378437133711,0.48287649739278,0.562023149804395,-0.0041026890859041,-0.036338183323176,-0.296324815106797,-0.508460685888365,0.443145276740837,0.573172900579149,1.30525441526631
1983-11-01,NA,0.00207052933797909,-0.904456467606392,-1.38270494862066,-0.552750237041538,0,-0.0580485874998227,0,-0.541609653419676,0,0,-0.689526777061048,-0.285098471160427,-1.05197770294723,-0.534666929412021,-0.414388238585759,0.165379471769326,-1.50328514132831,-0.501991152144358,-0.307063516191055,-0.642735539407344,-0.310691524175519,-0.0830795173325619,-0.25983504967402,0.263160752669364,-1.05347103015602,-0.189820716720835,0.391266045861016,-0.371277733430179,-0.166402515872582,0.856392203120998,0.457993841811336,0.658697740989938,1.46353323597054,0.0699221365892854,1.15005398218983,0.678582106168294,-0.636050447543686,-0.691410709471841,1.06309579258781,-0.62541035944936,-0.513246088979342,-0.24069059247955,0.502378437133711,0.48287649739278,0.562023149804395,-0.0041026890859041,-0.036338183323176,-0.296324815106797,-0.508460685888365,0.443145276740837,0.573172900579149,1.30525441526631
1983-12-01,NA,0.000467623693379791,-0.909708840069454,-2.30794618464708,-1.32880491976987,0,-0.0580485874998227,0,-0.540779834074057,0,0,-0.690010986340727,-0.0660338528239111,-1.23405166872924,-0.718577996838347,-0.99521979423583,-0.52155214376034,-2.05396579717033,-0.501991343942163,-0.677981516009316,-0.718439689981399,-0.68443660394078,-0.315023837893885,-0.695486698604007,-0.253946532396524,-1.23640895047117,-0.189820716720835,0.391266045861016,-0.371277733430179,-0.166402515872582,0.856392203120998,0.457993841811336,0.658697740989938,1.46353323597054,0.0699221365892854,1.15005398218983,0.678582106168294,-0.636050447543686,-0.691410709471841,1.06309579258781,-0.62541035944936,-0.513246088979342,-0.24069059247955,0.502378437133711,0.48287649739278,0.562023149804395,-0.0041026890859041,-0.036338183323176,-0.296324815106797,-0.508460685888365,0.443145276740837,0.573172900579149,1.30525441526631
1984-01-01,NA,9.61137282229965e-05,-0.930855945446848,-2.32685536895962,-1.27596159186387,0,-0.0580485874998227,0,-0.541609653419676,0,0,-0.689320282941309,0.177218867515657,-1.04402637432542,-0.828421049041146,-1.2377363706995,-0.620090974872228,-1.98390376684712,-0.483758641808401,-0.761298397739657,-0.719390660802572,-0.767106264690803,-0.657924638957907,-0.885463780754987,-0.696210435662812,-1.04653283389752,-0.189820716720835,0.391266045861016,-0.371277733430179,-0.166402515872582,0.856392203120998,0.457993841811336,0.658697740989938,1.46353323597054,0.0699221365892854,1.15005398218983,0.678582106168294,-0.636050447543686,-0.691410709471841,1.06309579258781,-0.62541035944936,-0.513246088979342,-0.24069059247955,0.502378437133711,0.48287649739278,0.562023149804395,-0.0041026890859041,-0.036338183323176,-0.296324815106797,-0.508460685888365,0.443145276740837,0.573172900579149,1.30525441526631
1984-02-01,NA,4.43941463414634e-05,-0.653816109855958,-1.09953957369172,-0.0393533977779878,0,-0.0580485874998227,0,-0.531270926691723,0,0,-0.683345439216036,-0.66817427305919,-0.80772847095977,-0.866460665671044,-1.0140713673202,-0.957724093235479,-1.44438020026758,-0.111811931862858,-0.777150114906448,-0.719130949143664,-0.782550347254268,-0.922901812307353,-0.91704176906695,-1.08438435105424,-0.809479245599743,-0.189820716720835,0.391266045861016,-0.371277733430179,-0.166402515872582,0.856392203120998,0.457993841811336,0.658697740989938,1.46353323597054,0.0699221365892854,1.15005398218983,0.678582106168294,-0.636050447543686,-0.691410709471841,1.06309579258781,-0.62541035944936,-0.513246088979342,-0.24069059247955,0.502378437133711,0.48287649739278,0.562023149804395,-0.0041026890859041,-0.036338183323176,-0.296324815106797,-0.508460685888365,0.443145276740837,0.573172900579149,1.30525441526631
1984-03-01,NA,3.35163763066202e-05,-0.638519693616276,-0.268671691586164,1.38393118298309,0,-0.0580485874998227,0,-0.533075694036424,0,0,-0.67880278351588,-1.05800016692595,-0.805656667176737,-0.889311461931534,-0.793547001894633,-0.789676191054204,-1.15960687565887,-0.0833789925626543,-0.779586595817386,-0.71838613617373,-0.784945804121312,-1.04203038170176,-0.932089480368205,-1.18443962602629,-0.806817224824194,-0.189820716720835,0.391266045861016,-0.371277733430179,-0.166402515872582,0.856392203120998,0.457993841811336,0.658697740989938,1.46353323597054,0.0699221365892854,1.15005398218983,0.678582106168294,-0.636050447543686,-0.691410709471841,1.06309579258781,-0.62541035944936,-0.513246088979342,-0.24069059247955,0.502378437133711,0.48287649739278,0.562023149804395,-0.0041026890859041,-0.036338183323176,-0.296324815106797,-0.508460685888365,0.443145276740837,0.573172900579149,1.30525441526631
1984-04-01,NA,5.60747038327526e-05,-0.370955201150646,0.826396494897314,1.82232463973305,0,-0.0580485874998227,0,-0.526008930470756,0,0,-0.649665115814803,-1.05976809930974,-0.601563306728404,-0.883106042985851,-0.753471982911177,0.49514268128514,-0.619538462956651,-0.11027450628415,-0.779867044608541,-0.718357184604084,-0.785239009883686,-1.03725838397113,-0.896081287986845,-1.24133158176178,-0.601916936854244,-0.189820716720835,0.391266045861016,-0.371277733430179,-0.166402515872582,0.856392203120998,0.457993841811336,0.658697740989938,1.46353323597054,0.0699221365892854,1.15005398218983,0.678582106168294,-0.636050447543686,-0.691410709471841,1.06309579258781,-0.62541035944936,-0.513246088979342,-0.24069059247955,0.502378437133711,0.48287649739278,0.562023149804395,-0.0041026890859041,-0.036338183323176,-0.296324815106797,-0.508460685888365,0.443145276740837,0.573172900579149,1.30525441526631
1984-05-01,NA,0.000180506759581882,-0.0173488145696682,0.656381117190243,0.889276005183389,0,-0.0580485874998227,0,-0.516466420836168,0,0,-0.283125038218797,-1.05381520331758,-0.623427804250567,-0.860197517771753,0.451551426163458,1.69833616137311,-0.591937243618134,-0.126870126712295,-0.779775013980147,-0.717933969780088,-0.785165128377397,-1.00383522730379,-0.81141611347331,-1.21866457547488,-0.623689864713227,-0.189820716720835,0.391266045861016,-0.371277733430179,-0.166402515872582,0.856392203120998,0.457993841811336,0.658697740989938,1.46353323597054,0.0699221365892854,1.15005398218983,0.678582106168294,-0.636050447543686,-0.691410709471841,1.06309579258781,-0.62541035944936,-0.513246088979342,-0.24069059247955,0.502378437133711,0.48287649739278,0.562023149804395,-0.0041026890859041,-0.036338183323176,-0.296324815106797,-0.508460685888365,0.443145276740837,0.573172900579149,1.30525441526631
1984-06-01,NA,0.00347936111498258,1.04910671571899,0.656311637001859,-0.00245534947322908,0,-0.0580485874998227,0,0.00491512402057096,0,0,2.4801823536799,-0.741003816669721,-0.542186533027702,-0.533889669389871,1.47875481136647,1.33652091353966,-0.46239227852021,-0.374306090521757,-0.714630729070485,-0.403369960945144,-0.715652373040402,-0.721255937553606,-0.177269452531758,-0.239331311292532,-0.54230472976678,-0.189820716720835,0.391266045861016,-0.371277733430179,-0.166402515872582,0.856392203120998,0.457993841811336,0.658697740989938,1.46353323597054,0.0699221365892854,1.15005398218983,0.678582106168294,-0.636050447543686,-0.691410709471841,1.06309579258781,-0.62541035944936,-0.513246088979342,-0.24069059247955,0.502378437133711,0.48287649739278,0.562023149804395,-0.0041026890859041,-0.036338183323176,-0.296324815106797,-0.508460685888365,0.443145276740837,0.573172900579149,1.30525441526631
1984-07-01,NA,0.0121006160278746,1.14671574853504,0.637459471756966,0.0800230010183704,0,-0.0580485874998227,0,0.939006418684365,0,0,1.2686634766932,-0.652463395211837,-0.62999406591213,-0.14529987941384,1.2324895404766,0.57467282166385,-0.623710184815628,-0.501991625293325,0.503528156475084,1.10736699406424,0.58219747802195,-0.367700201990211,0.84883995946471,1.04271331276313,-0.630312569734436,-0.189820716720835,0.391266045861016,-0.371277733430179,-0.166402515872582,0.856392203120998,0.457993841811336,0.658697740989938,1.46353323597054,0.0699221365892854,1.15005398218983,0.678582106168294,-0.636050447543686,-0.691410709471841,1.06309579258781,-0.62541035944936,-0.513246088979342,-0.24069059247955,0.502378437133711,0.48287649739278,0.562023149804395,-0.0041026890859041,-0.036338183323176,-0.296324815106797,-0.508460685888365,0.443145276740837,0.573172900579149,1.30525441526631
1984-08-01,NA,0.0154641549825784,1.4706708461992,0.524158430647314,-0.680591923644629,0,-0.0580485874998227,0,0.988077299096321,0,0,1.10190587642526,-0.823691760852612,-0.6536346069415,-0.261263420508542,1.20863898930672,-0.333365210046029,-0.698927083413954,-0.501991545006006,1.36503671015924,1.89964759856034,1.39424661155541,-0.412456588928051,1.53259029609344,1.51423757503269,-0.654071888444799,-0.189820716720835,0.391266045861016,-0.371277733430179,-0.166402515872582,0.856392203120998,0.457993841811336,0.658697740989938,1.46353323597054,0.0699221365892854,1.15005398218983,0.678582106168294,-0.636050447543686,-0.691410709471841,1.06309579258781,-0.62541035944936,-0.513246088979342,-0.24069059247955,0.502378437133711,0.48287649739278,0.562023149804395,-0.0041026890859041,-0.036338183323176,-0.296324815106797,-0.508460685888365,0.443145276740837,0.573172900579149,1.30525441526631
1984-09-01,NA,0.0149008992334495,0.664226334699924,0.391984833367916,0.0603969908552142,0,-0.0580485874998227,0,0.411128866041843,0,0,0.0799116987723016,-0.57082268027972,-0.584935181111978,0.0745041877484851,0.712763909123685,0.38317327533732,-0.599201301484686,-0.501991489595849,1.90467102165103,1.36170118280573,1.87097889022495,0.317299875350937,1.49257118277954,1.36362979613886,-0.585272750591466,-0.189820716720835,0.391266045861016,-0.371277733430179,-0.166402515872582,0.856392203120998,0.457993841811336,0.658697740989938,1.46353323597054,0.0699221365892854,1.15005398218983,0.678582106168294,-0.636050447543686,-0.691410709471841,1.06309579258781,-0.62541035944936,-0.513246088979342,-0.24069059247955,0.502378437133711,0.48287649739278,0.562023149804395,-0.0041026890859041,-0.036338183323176,-0.296324815106797,-0.508460685888365,0.443145276740837,0.573172900579149,1.30525441526631
1984-10-01,NA,0.00759001421602788,-0.511924880691913,-0.306533485328971,-0.313905126820527,0,-0.0580485874998227,0,-0.494461655894482,0,0,-0.439679556780671,-0.34699551348823,-0.742285517148467,-0.0795547550621307,0.404553784930748,0.622076302404591,-0.990201374911173,-0.501991398196581,0.931272386733048,0.38354605625006,0.908673029296795,0.488259892311315,0.697505787929855,1.05648197145345,-0.743191272941827,-0.189820716720835,0.391266045861016,-0.371277733430179,-0.166402515872582,0.856392203120998,0.457993841811336,0.658697740989938,1.46353323597054,0.0699221365892854,1.15005398218983,0.678582106168294,-0.636050447543686,-0.691410709471841,1.06309579258781,-0.62541035944936,-0.513246088979342,-0.24069059247955,0.502378437133711,0.48287649739278,0.562023149804395,-0.0041026890859041,-0.036338183323176,-0.296324815106797,-0.508460685888365,0.443145276740837,0.573172900579149,1.30525441526631
1984-11-01,NA,0.00319748236933798,-0.64213864933099,-0.740762383754142,-0.603768349613235,0,-0.0580485874998227,0,-0.537432413988135,0,0,-0.547303534710084,-0.335527959824813,-0.828540940551211,-0.399202123790809,0.133894602951127,0.491287399471121,-1.37801900102094,-0.501991399606699,-0.033699169515796,-0.504171637708887,-0.0576483232140445,0.0107932778714171,0.0239938143397886,0.492048576962189,-0.830120234415348,-0.189820716720835,0.391266045861016,-0.371277733430179,-0.166402515872582,0.856392203120998,0.457993841811336,0.658697740989938,1.46353323597054,0.0699221365892854,1.15005398218983,0.678582106168294,-0.636050447543686,-0.691410709471841,1.06309579258781,-0.62541035944936,-0.513246088979342,-0.24069059247955,0.502378437133711,0.48287649739278,0.562023149804395,-0.0041026890859041,-0.036338183323176,-0.296324815106797,-0.508460685888365,0.443145276740837,0.573172900579149,1.30525441526631
1984-12-01,NA,0.000916221324041812,-0.934488594300602,-1.6660100391458,-1.37386070411464,0,-0.0580485874998227,0,-0.541609653419676,0,0,-0.690112353086017,-0.0902805759176525,-1.03253417427683,-0.614876516010847,-0.636385012501207,-0.511727271122452,-1.95117692710817,-0.501991335438852,-0.569255465398218,-0.701441000131875,-0.580866777954999,-0.253034709731757,-0.523713186130262,0.0713105237963233,-1.03499093148304,-0.189820716720835,0.391266045861016,-0.371277733430179,-0.166402515872582,0.856392203120998,0.457993841811336,0.658697740989938,1.46353323597054,0.0699221365892854,1.15005398218983,0.678582106168294,-0.636050447543686,-0.691410709471841,1.06309579258781,-0.62541035944936,-0.513246088979342,-0.24069059247955,0.502378437133711,0.48287649739278,0.562023149804395,-0.0041026890859041,-0.036338183323176,-0.296324815106797,-0.508460685888365,0.443145276740837,0.573172900579149,1.30525441526631
1985-01-01,NA,0.000204429825783972,-0.891477156939456,-1.6849128040931,-1.30874607641588,0,-0.0580485874998227,0,-0.540081735851721,0,0,-0.68954914498663,0.12999858257295,-0.965251980318188,-0.774296599974446,-1.06166606964882,-0.626715396482446,-1.94236732797801,-0.501991194662144,-0.736725938030651,-0.719276198045283,-0.744001264328885,-0.637627349597871,-0.805537299247247,-0.374212576941156,-0.967794634168604,-0.189820716720835,0.391266045861016,-0.371277733430179,-0.166402515872582,0.856392203120998,0.457993841811336,0.658697740989938,1.46353323597054,0.0699221365892854,1.15005398218983,0.678582106168294,-0.636050447543686,-0.691410709471841,1.06309579258781,-0.62541035944936,-0.513246088979342,-0.24069059247955,0.502378437133711,0.48287649739278,0.562023149804395,-0.0041026890859041,-0.036338183323176,-0.296324815106797,-0.508460685888365,0.443145276740837,0.573172900579149,1.30525441526631
1985-02-01,NA,4.95721254355401e-05,-0.881129563064563,-0.929572907638466,-0.421616066695883,0,-0.0580485874998227,0,-0.540411497367193,0,0,-0.687703310455262,-0.0267091479288606,-0.640725465581293,-0.844857493205214,-1.22165229136766,-0.301595125517176,-1.28288416048778,-0.359885871085491,-0.77177641106292,-0.719368355157223,-0.777577545998732,-0.825566858637948,-0.919886828785583,-0.842301984183329,-0.642399873092462,-0.189820716720835,0.391266045861016,-0.371277733430179,-0.166402515872582,0.856392203120998,0.457993841811336,0.658697740989938,1.46353323597054,0.0699221365892854,1.15005398218983,0.678582106168294,-0.636050447543686,-0.691410709471841,1.06309579258781,-0.62541035944936,-0.513246088979342,-0.24069059247955,0.502378437133711,0.48287649739278,0.562023149804395,-0.0041026890859041,-0.036338183323176,-0.296324815106797,-0.508460685888365,0.443145276740837,0.573172900579149,1.30525441526631
1985-03-01,NA,1.07774216027875e-05,-0.885237471891839,-0.608507977994777,0.874243804232095,0,-0.0580485874998227,0,-0.540852835234799,0,0,-0.688278534969652,-0.929674987484344,-0.716290835898281,-0.887666891242652,-1.39057412148999,-1.78991908140486,-1.11204634953417,0.372384291781731,-0.778877826047183,-0.718850209855688,-0.784270364887134,-1.01230428313035,-0.972552004593587,-1.15697717599103,-0.717491574332025,-0.189820716720835,0.391266045861016,-0.371277733430179,-0.166402515872582,0.856392203120998,0.457993841811336,0.658697740989938,1.46353323597054,0.0699221365892854,1.15005398218983,0.678582106168294,-0.636050447543686,-0.691410709471841,1.06309579258781,-0.62541035944936,-0.513246088979342,-0.24069059247955,0.502378437133711,0.48287649739278,0.562023149804395,-0.0041026890859041,-0.036338183323176,-0.296324815106797,-0.508460685888365,0.443145276740837,0.573172900579149,1.30525441526631
1985-04-01,NA,2.49466202090592e-05,-0.673507970138509,0.335510656552084,1.55216011544856,0,-0.0580485874998227,0,-0.531761766595121,0,0,-0.683783444363974,-1.04920559176654,-0.503726772141982,-0.891480974715507,-1.21613668245442,-1.6343320213014,-0.560310541794057,0.157614624654896,-0.77980319509021,-0.718366247332903,-0.785173557210032,-1.04616041077925,-0.938965688575557,-1.25193839690491,-0.504109257305058,-0.189820716720835,0.391266045861016,-0.371277733430179,-0.166402515872582,0.856392203120998,0.457993841811336,0.658697740989938,1.46353323597054,0.0699221365892854,1.15005398218983,0.678582106168294,-0.636050447543686,-0.691410709471841,1.06309579258781,-0.62541035944936,-0.513246088979342,-0.24069059247955,0.502378437133711,0.48287649739278,0.562023149804395,-0.0041026890859041,-0.036338183323176,-0.296324815106797,-0.508460685888365,0.443145276740837,0.573172900579149,1.30525441526631
1985-05-01,NA,0.00031401031358885,0.403529563238026,0.675220821314392,0.985741131810253,0,-0.0580485874998227,0,-0.515610991036263,0,0,0.213301507942215,-1.04663761434717,-0.526762717452776,-0.858990832611311,0.340607985714485,1.46002585719328,-0.528782029263559,-0.106160696059746,-0.779626092473948,-0.71753015360239,-0.78498131922722,-1.01487966682601,-0.77703845616567,-1.12692708894941,-0.527044034227249,-0.189820716720835,0.391266045861016,-0.371277733430179,-0.166402515872582,0.856392203120998,0.457993841811336,0.658697740989938,1.46353323597054,0.0699221365892854,1.15005398218983,0.678582106168294,-0.636050447543686,-0.691410709471841,1.06309579258781,-0.62541035944936,-0.513246088979342,-0.24069059247955,0.502378437133711,0.48287649739278,0.562023149804395,-0.0041026890859041,-0.036338183323176,-0.296324815106797,-0.508460685888365,0.443145276740837,0.573172900579149,1.30525441526631
1985-06-01,NA,0.00333795010452962,0.774370055054844,0.656311259392139,-0.66515640442447,0,-0.0580485874998227,0,-0.171210726869365,0,0,1.89667783161543,-0.768467527801362,-0.442411793808287,-0.569223702824902,1.3675281336626,0.714756441454815,-0.396990688114372,-0.310845392334435,-0.563694531724736,-0.0603067036506023,-0.553175315081574,-0.677269763234801,-0.168358660135379,0.0283800732771239,-0.442549330613967,-0.189820716720835,0.391266045861016,-0.371277733430179,-0.166402515872582,0.856392203120998,0.457993841811336,0.658697740989938,1.46353323597054,0.0699221365892854,1.15005398218983,0.678582106168294,-0.636050447543686,-0.691410709471841,1.06309579258781,-0.62541035944936,-0.513246088979342,-0.24069059247955,0.502378437133711,0.48287649739278,0.562023149804395,-0.0041026890859041,-0.036338183323176,-0.296324815106797,-0.508460685888365,0.443145276740837,0.573172900579149,1.30525441526631
1985-07-01,NA,0.0091357212543554,0.921115378717045,0.52418939464431,-0.15354113608933,0,-0.0580485874998227,0,0.161075676569177,0,0,1.40388118494299,-0.566817909061152,-0.533813021793873,-0.254550260739029,1.2184546409197,0.509295934907899,-0.562252322121833,-0.501991430243301,0.539211216937025,0.89070512647579,0.621973430189325,-0.320384139141162,0.676544358343655,1.00844147608526,-0.534152842344743,-0.189820716720835,0.391266045861016,-0.371277733430179,-0.166402515872582,0.856392203120998,0.457993841811336,0.658697740989938,1.46353323597054,0.0699221365892854,1.15005398218983,0.678582106168294,-0.636050447543686,-0.691410709471841,1.06309579258781,-0.62541035944936,-0.513246088979342,-0.24069059247955,0.502378437133711,0.48287649739278,0.562023149804395,-0.0041026890859041,-0.036338183323176,-0.296324815106797,-0.508460685888365,0.443145276740837,0.573172900579149,1.30525441526631
1985-08-01,NA,0.0101681059233449,0.766941385655284,0.561968491858552,-1.40154821283287,0,-0.0580485874998227,0,0.108561757550939,0,0,0.440421237035544,-0.664682228802388,-0.558442132610494,-0.130979837396427,1.14794858089663,-0.356290027669797,-0.639229664224898,-0.501991630764842,0.909514513706258,1.32887368990049,0.946298697539634,-0.093344404787542,0.903903200030115,1.38363576753878,-0.558903340237946,-0.189820716720835,0.391266045861016,-0.371277733430179,-0.166402515872582,0.856392203120998,0.457993841811336,0.658697740989938,1.46353323597054,0.0699221365892854,1.15005398218983,0.678582106168294,-0.636050447543686,-0.691410709471841,1.06309579258781,-0.62541035944936,-0.513246088979342,-0.24069059247955,0.502378437133711,0.48287649739278,0.562023149804395,-0.0041026890859041,-0.036338183323176,-0.296324815106797,-0.508460685888365,0.443145276740837,0.573172900579149,1.30525441526631
1985-09-01,NA,0.0142025945644599,0.421913464703852,0.392022216730144,-0.185259472582223,0,-0.0580485874998227,0,0.273843875375773,0,0,-0.3764242017801,-0.584829882678914,-0.486947555707765,0.0479144274083303,0.812340104534299,-0.0632304051745173,-0.536272131418733,-0.501990789113985,1.88648271679009,1.7701946214116,1.85656520571537,0.396724127244408,1.43434714822756,1.47904442163151,-0.487305396212848,-0.189820716720835,0.391266045861016,-0.371277733430179,-0.166402515872582,0.856392203120998,0.457993841811336,0.658697740989938,1.46353323597054,0.0699221365892854,1.15005398218983,0.678582106168294,-0.636050447543686,-0.691410709471841,1.06309579258781,-0.62541035944936,-0.513246088979342,-0.24069059247955,0.502378437133711,0.48287649739278,0.562023149804395,-0.0041026890859041,-0.036338183323176,-0.296324815106797,-0.508460685888365,0.443145276740837,0.573172900579149,1.30525441526631
1985-10-01,NA,0.00640208947735192,-0.429262975249256,0.052205188417224,0.198985719924319,0,-0.0580485874998227,0,-0.532116554542131,0,0,-0.335443089514471,-0.346975637534145,-0.65079683082412,-0.133125462787393,0.423037255892644,1.04760575917516,-0.933755065906543,-0.501991166693147,0.717040902978361,-0.203890112038046,0.681740765883859,0.466635150487422,0.555061001032959,0.739744193700213,-0.651728405028835,-0.189820716720835,0.391266045861016,-0.371277733430179,-0.166402515872582,0.856392203120998,0.457993841811336,0.658697740989938,1.46353323597054,0.0699221365892854,1.15005398218983,0.678582106168294,-0.636050447543686,-0.691410709471841,1.06309579258781,-0.62541035944936,-0.513246088979342,-0.24069059247955,0.502378437133711,0.48287649739278,0.562023149804395,-0.0041026890859041,-0.036338183323176,-0.296324815106797,-0.508460685888365,0.443145276740837,0.573172900579149,1.30525441526631
1985-11-01,NA,0.00221858341463415,-0.855277598876259,-0.70301991468269,-0.977101655674663,0,-0.0580485874998227,0,-0.538714335153154,0,0,-0.66379841501616,-0.310131223368914,-0.740515139546927,-0.49886647864707,-0.193876751722777,0.0962118219409287,-1.32823340801083,-0.501991300380902,-0.260744268710255,-0.583605971151321,-0.278148348193198,-0.196029136147409,-0.181883705399539,0.385106659179956,-0.742128321315671,-0.189820716720835,0.391266045861016,-0.371277733430179,-0.166402515872582,0.856392203120998,0.457993841811336,0.658697740989938,1.46353323597054,0.0699221365892854,1.15005398218983,0.678582106168294,-0.636050447543686,-0.691410709471841,1.06309579258781,-0.62541035944936,-0.513246088979342,-0.24069059247955,0.502378437133711,0.48287649739278,0.562023149804395,-0.0041026890859041,-0.036338183323176,-0.296324815106797,-0.508460685888365,0.443145276740837,0.573172900579149,1.30525441526631
1985-12-01,NA,0.000578047108013937,-0.935023006739563,-1.85482094063984,-1.29845949813149,0,-0.0580485874998227,0,-0.541609653419676,0,0,-0.684134515239883,-0.0412308417348308,-0.953384668258503,-0.691753087227165,-0.680409011858182,-0.432902933631974,-1.91038547338992,-0.501990722519241,-0.650224186196083,-0.714295070643455,-0.660419246927218,-0.453154568681806,-0.637659371295732,-0.0707659948683535,-0.955879364193305,-0.189820716720835,0.391266045861016,-0.371277733430179,-0.166402515872582,0.856392203120998,0.457993841811336,0.658697740989938,1.46353323597054,0.0699221365892854,1.15005398218983,0.678582106168294,-0.636050447543686,-0.691410709471841,1.06309579258781,-0.62541035944936,-0.513246088979342,-0.24069059247955,0.502378437133711,0.48287649739278,0.562023149804395,-0.0041026890859041,-0.036338183323176,-0.296324815106797,-0.508460685888365,0.443145276740837,0.573172900579149,1.30525441526631
1986-01-01,NA,0.000122505365853659,-0.935023006739563,-2.08137468881506,-0.810565592377418,0,-0.0580485874998227,0,-0.541609653419676,0,0,-0.690109471987454,0.420826967838441,-1.090018419261,-0.800073243110758,-1.14676165789092,-0.361981797578,-1.83471899317503,-0.501847264932357,-0.754226371356733,-0.719357149586873,-0.760976039349534,-0.647488973021491,-0.859038545768402,-0.561747131005037,-1.09214256801581,-0.189820716720835,0.391266045861016,-0.371277733430179,-0.166402515872582,0.856392203120998,0.457993841811336,0.658697740989938,1.46353323597054,0.0699221365892854,1.15005398218983,0.678582106168294,-0.636050447543686,-0.691410709471841,1.06309579258781,-0.62541035944936,-0.513246088979342,-0.24069059247955,0.502378437133711,0.48287649739278,0.562023149804395,-0.0041026890859041,-0.036338183323176,-0.296324815106797,-0.508460685888365,0.443145276740837,0.573172900579149,1.30525441526631
1986-02-01,NA,2.57694773519164e-05,-0.913799364692253,-1.23163387293003,0.114700208438983,0,-0.0580485874998227,0,-0.541167710847887,0,0,-0.690112344084792,-0.212173336146701,-0.786334156440201,-0.866375083312702,-1.37600253213667,-1.59908791250437,-1.14750953686312,-0.122735742544185,-0.775469772313366,-0.719271356700514,-0.781088985056185,-0.887877063687245,-0.949223323423803,-1.00529411061035,-0.787499587574603,-0.189820716720835,0.391266045861016,-0.371277733430179,-0.166402515872582,0.856392203120998,0.457993841811336,0.658697740989938,1.46353323597054,0.0699221365892854,1.15005398218983,0.678582106168294,-0.636050447543686,-0.691410709471841,1.06309579258781,-0.62541035944936,-0.513246088979342,-0.24069059247955,0.502378437133711,0.48287649739278,0.562023149804395,-0.0041026890859041,-0.036338183323176,-0.296324815106797,-0.508460685888365,0.443145276740837,0.573172900579149,1.30525441526631
1986-03-01,NA,5.57937282229965e-06,-0.836520297431247,-0.495237523272401,2.11453508379388,0,-0.0580485874998227,0,-0.540658246609486,0,0,-0.689877409098362,-1.01382483663265,-0.857046257242332,-0.899901587333538,-1.39532320990047,-2.01325265699166,-0.967086083171088,0.34880002884887,-0.779442873609497,-0.71857944537397,-0.784816756293401,-1.04207822302518,-0.98298630775259,-1.21308712779779,-0.857726051301487,-0.189820716720835,0.391266045861016,-0.371277733430179,-0.166402515872582,0.856392203120998,0.457993841811336,0.658697740989938,1.46353323597054,0.0699221365892854,1.15005398218983,0.678582106168294,-0.636050447543686,-0.691410709471841,1.06309579258781,-0.62541035944936,-0.513246088979342,-0.24069059247955,0.502378437133711,0.48287649739278,0.562023149804395,-0.0041026890859041,-0.036338183323176,-0.296324815106797,-0.508460685888365,0.443145276740837,0.573172900579149,1.30525441526631
1986-04-01,NA,4.82073867595819e-05,-0.232947452786088,0.48655416673319,1.80755650313684,0,-0.0580485874998227,0,-0.524236138730717,0,0,-0.676253566299107,-1.05591738956932,-0.658133742824197,-0.891694134799799,-0.671862597260773,0.568210959729907,-0.3911352636028,-0.026446499546955,-0.779846293819959,-0.718361054687411,-0.785220160722365,-1.04399010813796,-0.904015184270286,-1.2518849083878,-0.657923347448307,-0.189820716720835,0.391266045861016,-0.371277733430179,-0.166402515872582,0.856392203120998,0.457993841811336,0.658697740989938,1.46353323597054,0.0699221365892854,1.15005398218983,0.678582106168294,-0.636050447543686,-0.691410709471841,1.06309579258781,-0.62541035944936,-0.513246088979342,-0.24069059247955,0.502378437133711,0.48287649739278,0.562023149804395,-0.0041026890859041,-0.036338183323176,-0.296324815106797,-0.508460685888365,0.443145276740837,0.573172900579149,1.30525441526631
1986-05-01,NA,0.0015888568641115,0.873232721048629,0.543086117836101,-0.162981201292476,0,-0.0580485874998227,0,-0.480733784281638,0,0,2.70489435898523,-0.756926137303816,-0.679690334693258,-0.666281977023962,1.28773231691463,1.25066391841577,-0.358292546569871,-0.400530800844782,-0.748529050784258,-0.63718201542639,-0.757361313983043,-0.685420308020812,-0.356447611782646,-0.357281931525029,-0.679377912011836,-0.189820716720835,0.391266045861016,-0.371277733430179,-0.166402515872582,0.856392203120998,0.457993841811336,0.658697740989938,1.46353323597054,0.0699221365892854,1.15005398218983,0.678582106168294,-0.636050447543686,-0.691410709471841,1.06309579258781,-0.62541035944936,-0.513246088979342,-0.24069059247955,0.502378437133711,0.48287649739278,0.562023149804395,-0.0041026890859041,-0.036338183323176,-0.296324815106797,-0.508460685888365,0.443145276740837,0.573172900579149,1.30525441526631
1986-06-01,NA,0.0212469742160279,2.53676547272103,0.920657698731495,0.110310177784142,0,-0.0580485874998227,0,3.5594670566353,0,0,2.20515622896489,-0.746707333269505,-0.600756133090282,-0.0960914584371524,1.22922768001516,0.21581338172943,-0.220430182290019,-0.501991630764842,0.291890564361088,1.42305109939432,0.29941505135647,-0.417274326606254,1.61832740316899,1.35000612463777,-0.600279689638803,-0.189820716720835,0.391266045861016,-0.371277733430179,-0.166402515872582,0.856392203120998,0.457993841811336,0.658697740989938,1.46353323597054,0.0699221365892854,1.15005398218983,0.678582106168294,-0.636050447543686,-0.691410709471841,1.06309579258781,-0.62541035944936,-0.513246088979342,-0.24069059247955,0.502378437133711,0.48287649739278,0.562023149804395,-0.0041026890859041,-0.036338183323176,-0.296324815106797,-0.508460685888365,0.443145276740837,0.573172900579149,1.30525441526631
1986-07-01,NA,0.0203642491986063,1.59538988557117,0.637489680534524,-0.850504933599444,0,-0.0580485874998227,0,1.93453882718894,0,0,0.622680382131885,-0.760834517929388,-0.686287773363954,-0.0430973879434025,1.03715303129957,-0.382766360932852,-0.393068965946139,-0.501991630764842,1.7224383513889,2.00704895403884,1.7112260439158,-0.141564642965795,1.86236812596371,1.54256674552378,-0.686038766088405,-0.189820716720835,0.391266045861016,-0.371277733430179,-0.166402515872582,0.856392203120998,0.457993841811336,0.658697740989938,1.46353323597054,0.0699221365892854,1.15005398218983,0.678582106168294,-0.636050447543686,-0.691410709471841,1.06309579258781,-0.62541035944936,-0.513246088979342,-0.24069059247955,0.502378437133711,0.48287649739278,0.562023149804395,-0.0041026890859041,-0.036338183323176,-0.296324815106797,-0.508460685888365,0.443145276740837,0.573172900579149,1.30525441526631
1986-08-01,NA,0.0132492443205575,0.70868417517805,0.675245365946158,0.647004338116812,0,-0.0580485874998227,0,0.037164880407474,0,0,-0.17021354637207,-0.601614217733161,-0.709334643703111,0.158707900401919,0.983008273817508,0.554615643979107,-0.475131677803047,-0.501991630764842,1.86463227018771,1.41887639035554,1.81604032103519,0.440275558588132,1.35778557052936,1.41551742559489,-0.709220627044438,-0.189820716720835,0.391266045861016,-0.371277733430179,-0.166402515872582,0.856392203120998,0.457993841811336,0.658697740989938,1.46353323597054,0.0699221365892854,1.15005398218983,0.678582106168294,-0.636050447543686,-0.691410709471841,1.06309579258781,-0.62541035944936,-0.513246088979342,-0.24069059247955,0.502378437133711,0.48287649739278,0.562023149804395,-0.0041026890859041,-0.036338183323176,-0.296324815106797,-0.508460685888365,0.443145276740837,0.573172900579149,1.30525441526631
1986-09-01,NA,0.0156760708013937,0.554863035691575,0.561962827712759,0.450830269342919,0,-0.0580485874998227,0,0.742789778700318,0,0,-0.0799531957547711,-0.585882944977309,-0.642432036368241,0.0869487236934497,0.691812249493418,0.501637491402057,-0.368389330737285,-0.501991630764842,1.73386960125753,1.33356956940185,1.73107436406561,0.377787728908314,1.43570884578124,1.35152999726812,-0.642200424609115,-0.189820716720835,0.391266045861016,-0.371277733430179,-0.166402515872582,0.856392203120998,0.457993841811336,0.658697740989938,1.46353323597054,0.0699221365892854,1.15005398218983,0.678582106168294,-0.636050447543686,-0.691410709471841,1.06309579258781,-0.62541035944936,-0.513246088979342,-0.24069059247955,0.502378437133711,0.48287649739278,0.562023149804395,-0.0041026890859041,-0.036338183323176,-0.296324815106797,-0.508460685888365,0.443145276740837,0.573172900579149,1.30525441526631
1986-10-01,NA,0.00524942717770035,-0.635175575650007,-0.00447629613459881,-0.12896839360477,0,-0.0580485874998227,0,-0.541226577122833,0,0,-0.636219170543761,-0.330343771286949,-0.795758736759178,-0.24385781484366,0.0618620384005421,0.756123172183396,-0.78276736967363,-0.50199143363955,0.451554757991651,-0.384299326212939,0.438943634010205,0.225777202189101,0.333713105539899,0.592609928060417,-0.796150952020317,-0.189820716720835,0.391266045861016,-0.371277733430179,-0.166402515872582,0.856392203120998,0.457993841811336,0.658697740989938,1.46353323597054,0.0699221365892854,1.15005398218983,0.678582106168294,-0.636050447543686,-0.691410709471841,1.06309579258781,-0.62541035944936,-0.513246088979342,-0.24069059247955,0.502378437133711,0.48287649739278,0.562023149804395,-0.0041026890859041,-0.036338183323176,-0.296324815106797,-0.508460685888365,0.443145276740837,0.573172900579149,1.30525441526631
1986-11-01,NA,0.00146641170731707,-0.922441417627235,-0.967334257195891,-1.23973924687916,0,-0.0580485874998227,0,-0.541609653419676,0,0,-0.686095885910461,-0.183868617869616,-0.87971499375404,-0.565320951593133,-0.46274897239625,-0.224084123264395,-1.19410780791074,-0.501991106216165,-0.444013255269684,-0.681507922127805,-0.45377981779443,-0.258792813100953,-0.382344989853305,0.154433698958922,-0.88083219436057,-0.189820716720835,0.391266045861016,-0.371277733430179,-0.166402515872582,0.856392203120998,0.457993841811336,0.658697740989938,1.46353323597054,0.0699221365892854,1.15005398218983,0.678582106168294,-0.636050447543686,-0.691410709471841,1.06309579258781,-0.62541035944936,-0.513246088979342,-0.24069059247955,0.502378437133711,0.48287649739278,0.562023149804395,-0.0041026890859041,-0.036338183323176,-0.296324815106797,-0.508460685888365,0.443145276740837,0.573172900579149,1.30525441526631
1986-12-01,NA,0.000341184668989547,-0.87251900847707,-1.51495406784395,-1.44751393594227,0,-0.0580485874998227,0,-0.53939718852749,0,0,-0.686932327726255,0.0320193663242907,-1.07891344754484,-0.750216464016127,-0.810627590380205,-0.578605998051442,-1.79983184970175,-0.501991079022204,-0.707624608545175,-0.718562428730439,-0.714764237694795,-0.583358843069049,-0.742607588390171,-0.241465275546617,-1.08098204011218,-0.189820716720835,0.391266045861016,-0.371277733430179,-0.166402515872582,0.856392203120998,0.457993841811336,0.658697740989938,1.46353323597054,0.0699221365892854,1.15005398218983,0.678582106168294,-0.636050447543686,-0.691410709471841,1.06309579258781,-0.62541035944936,-0.513246088979342,-0.24069059247955,0.502378437133711,0.48287649739278,0.562023149804395,-0.0041026890859041,-0.036338183323176,-0.296324815106797,-0.508460685888365,0.443145276740837,0.573172900579149,1.30525441526631
1987-01-01,0.00199576975609756,7.05248780487805e-05,-0.923225355013347,-1.42053502314703,-0.783073227531593,0,-0.0580485874998227,0,-0.54118614116297,0,0,-0.688019672244696,0.183969737915275,-1.30774775507089,-0.844578724328224,-1.19893654202941,-0.350534083426117,-1.67270749442284,-0.445323066320648,-0.766813287619647,-0.719386533961336,-0.772644688248249,-0.778823278947396,-0.903437500615623,-0.711694449544732,-1.30919572349976,-0.189820716720835,0.391266045861016,-0.371277733430179,-0.166402515872582,0.856392203120998,0.457993841811336,0.658697740989938,1.46353323597054,0.0699221365892854,1.15005398218983,0.678582106168294,-0.636050447543686,-0.691410709471841,1.06309579258781,-0.62541035944936,-0.513246088979342,-0.24069059247955,0.502378437133711,0.48287649739278,0.562023149804395,-0.0041026890859041,-0.036338183323176,-0.296324815106797,-0.508460685888365,0.443145276740837,0.573172900579149,1.30525441526631
1987-02-01,0.00164894550522648,2.5990243902439e-05,-0.790468361181198,-0.759633807094728,0.378325607563954,0,-0.0580485874998227,0,-0.535992838054277,0,0,-0.686968178023998,-0.807367395854328,-1.04043448069171,-0.877758104477172,-1.21678701949083,-1.5216169761605,-0.941768705018547,-0.0852803762235598,-0.778103796095122,-0.719026718474566,-0.78349986906634,-0.978077621212769,-0.940077571828122,-1.10309148139581,-1.04077615594901,-0.189820716720835,0.391266045861016,-0.371277733430179,-0.166402515872582,0.856392203120998,0.457993841811336,0.658697740989938,1.46353323597054,0.0699221365892854,1.15005398218983,0.678582106168294,-0.636050447543686,-0.691410709471841,1.06309579258781,-0.62541035944936,-0.513246088979342,-0.24069059247955,0.502378437133711,0.48287649739278,0.562023149804395,-0.0041026890859041,-0.036338183323176,-0.296324815106797,-0.508460685888365,0.443145276740837,0.573172900579149,1.30525441526631
1987-03-01,0.00136921421602787,1.56543554006969e-05,-0.733495366717207,-0.0421179434109502,1.87775664608799,0,-0.0580485874998227,0,-0.538628298097141,0,0,-0.686741285982948,-1.05464470109202,-1.10267808643629,-0.901531879075591,-1.2475391437499,-1.2780277301769,-0.753524230360638,0.147125501259799,-0.779702739359742,-0.718381733734821,-0.785066654155079,-1.04715254703295,-0.961280037810433,-1.22146997208661,-1.10253042524228,-0.189820716720835,0.391266045861016,-0.371277733430179,-0.166402515872582,0.856392203120998,0.457993841811336,0.658697740989938,1.46353323597054,0.0699221365892854,1.15005398218983,0.678582106168294,-0.636050447543686,-0.691410709471841,1.06309579258781,-0.62541035944936,-0.513246088979342,-0.24069059247955,0.502378437133711,0.48287649739278,0.562023149804395,-0.0041026890859041,-0.036338183323176,-0.296324815106797,-0.508460685888365,0.443145276740837,0.573172900579149,1.30525441526631
1987-04-01,0.00130171986062718,5.59542857142857e-05,-0.443235042903162,0.713113579054195,1.80452196097301,0,-0.0580485874998227,0,-0.524552187892664,0,0,-0.663532090702854,-1.06128430247557,-0.927588032203329,-0.896933790751429,-0.859487155872959,0.323508134043012,-0.145206041360819,-0.122891401991445,-0.779887689096182,-0.718360964139486,-0.785259874351031,-1.04314743974621,-0.894118708201959,-1.25526436836175,-0.926446193050071,-0.189820716720835,0.391266045861016,-0.371277733430179,-0.166402515872582,0.856392203120998,0.457993841811336,0.658697740989938,1.46353323597054,0.0699221365892854,1.15005398218983,0.678582106168294,-0.636050447543686,-0.691410709471841,1.06309579258781,-0.62541035944936,-0.513246088979342,-0.24069059247955,0.502378437133711,0.48287649739278,0.562023149804395,-0.0041026890859041,-0.036338183323176,-0.296324815106797,-0.508460685888365,0.443145276740837,0.573172900579149,1.30525441526631
1987-05-01,0.00132174940766551,0.000190220487804878,0.0817438080393329,1.37383354244115,1.49250998715984,0,-0.0580485874998227,0,-0.523387595849303,0,0,-0.219733653023544,-1.06250493172939,-0.946563063114873,-0.885831351870627,0.0492791967747246,1.49591928627916,-0.113198281512298,-0.174153465219966,-0.779870558668829,-0.718052946615324,-0.785245201970643,-1.02517357077913,-0.832939809266507,-1.22143572225423,-0.945324695508037,-0.189820716720835,0.391266045861016,-0.371277733430179,-0.166402515872582,0.856392203120998,0.457993841811336,0.658697740989938,1.46353323597054,0.0699221365892854,1.15005398218983,0.678582106168294,-0.636050447543686,-0.691410709471841,1.06309579258781,-0.62541035944936,-0.513246088979342,-0.24069059247955,0.502378437133711,0.48287649739278,0.562023149804395,-0.0041026890859041,-0.036338183323176,-0.296324815106797,-0.508460685888365,0.443145276740837,0.573172900579149,1.30525441526631
1987-06-01,0.0032086812543554,0.00238207108013937,0.976558113323404,1.18496524426974,0.197003196335672,0,-0.0580485874998227,0,-0.331641154861298,0,0,2.4201377944315,-0.670733361827344,-0.877082933596269,-0.558156155715044,1.42475171807281,1.38332099480406,0.0320568312827123,-0.418321646969416,-0.644383459090706,-0.311695250751346,-0.640987537311888,-0.643440714148535,-0.204948960119675,0.0275745051622792,-0.875650479247188,-0.189820716720835,0.391266045861016,-0.371277733430179,-0.166402515872582,0.856392203120998,0.457993841811336,0.658697740989938,1.46353323597054,0.0699221365892854,1.15005398218983,0.678582106168294,-0.636050447543686,-0.691410709471841,1.06309579258781,-0.62541035944936,-0.513246088979342,-0.24069059247955,0.502378437133711,0.48287649739278,0.562023149804395,-0.0041026890859041,-0.036338183323176,-0.296324815106797,-0.508460685888365,0.443145276740837,0.573172900579149,1.30525441526631
1987-07-01,0.00472803679442509,0.012503936445993,1.30895433666634,1.12835852644238,-0.317984308829064,0,-0.0580485874998227,0,1.33347236842126,0,0,1.06338719844641,-0.620844405702266,-0.952370035305183,-0.0616141618119265,1.26210522270974,0.297779506409601,-0.14977859837855,-0.501991525108132,0.358794765878937,0.927278139814144,0.43254908184471,-0.213109736092704,0.882214510032979,0.934008941559946,-0.951199940140384,-0.189820716720835,0.391266045861016,-0.371277733430179,-0.166402515872582,0.856392203120998,0.457993841811336,0.658697740989938,1.46353323597054,0.0699221365892854,1.15005398218983,0.678582106168294,-0.636050447543686,-0.691410709471841,1.06309579258781,-0.62541035944936,-0.513246088979342,-0.24069059247955,0.502378437133711,0.48287649739278,0.562023149804395,-0.0041026890859041,-0.036338183323176,-0.296324815106797,-0.508460685888365,0.443145276740837,0.573172900579149,1.30525441526631
1987-08-01,0.0082499456445993,0.0150457020209059,1.21536323074085,0.845185976928774,-0.169742944320906,0,-0.0580485874998227,0,1.19902199653018,0,0,0.86992501293683,-0.612770025100554,-0.972656592627006,-0.217159021796212,1.02368703616992,0.408964699681834,-0.23576150037216,-0.501991630764842,0.940687781257845,1.25907435537031,1.02479397476866,-0.217383325831157,1.12975143111954,1.28303319607022,-0.971633415501243,-0.189820716720835,0.391266045861016,-0.371277733430179,-0.166402515872582,0.856392203120998,0.457993841811336,0.658697740989938,1.46353323597054,0.0699221365892854,1.15005398218983,0.678582106168294,-0.636050447543686,-0.691410709471841,1.06309579258781,-0.62541035944936,-0.513246088979342,-0.24069059247955,0.502378437133711,0.48287649739278,0.562023149804395,-0.0041026890859041,-0.036338183323176,-0.296324815106797,-0.508460685888365,0.443145276740837,0.573172900579149,1.30525441526631
1987-09-01,0.00402798606271777,0.00903256306620209,-0.115815219092605,0.675232904825416,0.0976598938337155,0,-0.0580485874998227,0,-0.479089841398883,0,0,-0.463201838361057,-0.421083158286421,-0.913766912478121,-0.0636855549439038,0.63502310395257,0.652183938718662,-0.123357182594515,-0.501991630764842,1.23880425291436,0.829634638936722,1.25039247912737,0.409128915769021,0.81759286221019,1.21152678033812,-0.912603104803447,-0.189820716720835,0.391266045861016,-0.371277733430179,-0.166402515872582,0.856392203120998,0.457993841811336,0.658697740989938,1.46353323597054,0.0699221365892854,1.15005398218983,0.678582106168294,-0.636050447543686,-0.691410709471841,1.06309579258781,-0.62541035944936,-0.513246088979342,-0.24069059247955,0.502378437133711,0.48287649739278,0.562023149804395,-0.0041026890859041,-0.036338183323176,-0.296324815106797,-0.508460685888365,0.443145276740837,0.573172900579149,1.30525441526631
1987-10-01,0.00220876933797909,0.00449275986062718,-0.746428486121702,0.524201478155334,0.347040418250428,0,-0.0580485874998227,0,-0.541609653419676,0,0,-0.601386113275423,-0.362275067563313,-1.04873023826623,-0.288172842698587,0.0491613457775146,0.985202933841216,-0.560655248888538,-0.501991630764842,0.293443080345499,-0.230367373336829,0.264543500852522,0.100806129165637,0.262470933446551,0.712140712726981,-1.04826488804293,-0.189820716720835,0.391266045861016,-0.371277733430179,-0.166402515872582,0.856392203120998,0.457993841811336,0.658697740989938,1.46353323597054,0.0699221365892854,1.15005398218983,0.678582106168294,-0.636050447543686,-0.691410709471841,1.06309579258781,-0.62541035944936,-0.513246088979342,-0.24069059247955,0.502378437133711,0.48287649739278,0.562023149804395,-0.0041026890859041,-0.036338183323176,-0.296324815106797,-0.508460685888365,0.443145276740837,0.573172900579149,1.30525441526631
1987-11-01,0.00147144919860627,0.00143769198606272,-0.831335987233035,-0.49537610603945,-1.06592932525841,0,-0.0580485874998227,0,-0.540872972154013,0,0,-0.685774474874885,-0.362225984854767,-1.12263137228118,-0.575677969437384,-0.430342621072736,-0.158507136567945,-0.99442908555883,-0.501991630764842,-0.439521269852224,-0.688809098387304,-0.461463122155422,-0.40109185636521,-0.350802504148599,0.150364638014369,-1.12295482025764,-0.189820716720835,0.391266045861016,-0.371277733430179,-0.166402515872582,0.856392203120998,0.457993841811336,0.658697740989938,1.46353323597054,0.0699221365892854,1.15005398218983,0.678582106168294,-0.636050447543686,-0.691410709471841,1.06309579258781,-0.62541035944936,-0.513246088979342,-0.24069059247955,0.502378437133711,0.48287649739278,0.562023149804395,-0.0041026890859041,-0.036338183323176,-0.296324815106797,-0.508460685888365,0.443145276740837,0.573172900579149,1.30525441526631
1987-12-01,0.00110112334494774,0.0003396593728223,-0.933943339384872,-2.45899082765735,-1.05602235910875,0,-0.0580485874998227,0,-0.541609653419676,0,0,-0.690064979996969,0.0474805752027103,-1.29797197576833,-0.704452413333475,-0.950319961501394,-0.361415593959789,-1.63732035156807,-0.501991630764842,-0.70248077277808,-0.718519893584066,-0.713122101230255,-0.468310491805801,-0.72620738704351,-0.317885656779272,-1.29936127416687,-0.189820716720835,0.391266045861016,-0.371277733430179,-0.166402515872582,0.856392203120998,0.457993841811336,0.658697740989938,1.46353323597054,0.0699221365892854,1.15005398218983,0.678582106168294,-0.636050447543686,-0.691410709471841,1.06309579258781,-0.62541035944936,-0.513246088979342,-0.24069059247955,0.502378437133711,0.48287649739278,0.562023149804395,-0.0041026890859041,-0.036338183323176,-0.296324815106797,-0.508460685888365,0.443145276740837,0.573172900579149,1.30525441526631
1988-01-01,0.000696297700348432,7.61042508710801e-05,-0.935023006739563,-1.32617299751775,-1.1073593270343,0,-0.0580485874998227,0,-0.541609653419676,0,0,-0.690110181518214,0.279183653669538,-1.54289135364455,-0.823994842968685,-1.2871803920913,-1.11659609866162,-1.6071928122349,-0.498605775343704,-0.764068770339209,-0.718796307977021,-0.770755784528218,-0.74952169415365,-0.891426674133261,-0.809759142344276,-1.54383666690022,-0.189820716720835,0.391266045861016,-0.371277733430179,-0.166402515872582,0.856392203120998,0.457993841811336,0.658697740989938,1.46353323597054,0.0699221365892854,1.15005398218983,0.678582106168294,-0.636050447543686,-0.691410709471841,1.06309579258781,-0.62541035944936,-0.513246088979342,-0.24069059247955,0.502378437133711,0.48287649739278,0.562023149804395,-0.0041026890859041,-0.036338183323176,-0.296324815106797,-0.508460685888365,0.443145276740837,0.573172900579149,1.30525441526631
1988-02-01,0.000569637909407665,2.09126132404181e-05,-0.8445142691701,-0.816283950039836,-0.0708899349110739,0,-0.0580485874998227,0,-0.539618775226345,0,0,-0.68911537489314,-0.574243378683582,-1.36979287978156,-0.880013440972174,-1.35454075993229,-1.67025093643822,-0.990347892835777,-0.151042879705678,-0.777458656196349,-0.719244507397679,-0.783028505899102,-0.94705715267113,-0.950450176234445,-1.07359970053279,-1.3697229277021,-0.189820716720835,0.391266045861016,-0.371277733430179,-0.166402515872582,0.856392203120998,0.457993841811336,0.658697740989938,1.46353323597054,0.0699221365892854,1.15005398218983,0.678582106168294,-0.636050447543686,-0.691410709471841,1.06309579258781,-0.62541035944936,-0.513246088979342,-0.24069059247955,0.502378437133711,0.48287649739278,0.562023149804395,-0.0041026890859041,-0.036338183323176,-0.296324815106797,-0.508460685888365,0.443145276740837,0.573172900579149,1.30525441526631
1988-03-01,0.000500377421602787,6.2416724738676e-06,-0.833769710090294,-0.193138041789448,1.5719786005816,0,-0.0580485874998227,0,-0.540888525260583,0,0,-0.688403760551353,-1.03597421791412,-1.36795509243054,-0.91136550078656,-1.3825043139422,-2.09823887870838,-0.66894968317082,0.217509263760781,-0.779727397134025,-0.718425690859291,-0.785103742052091,-1.05131082794126,-0.981574421434946,-1.23161187872387,-1.36721828991159,-0.189820716720835,0.391266045861016,-0.371277733430179,-0.166402515872582,0.856392203120998,0.457993841811336,0.658697740989938,1.46353323597054,0.0699221365892854,1.15005398218983,0.678582106168294,-0.636050447543686,-0.691410709471841,1.06309579258781,-0.62541035944936,-0.513246088979342,-0.24069059247955,0.502378437133711,0.48287649739278,0.562023149804395,-0.0041026890859041,-0.036338183323176,-0.296324815106797,-0.508460685888365,0.443145276740837,0.573172900579149,1.30525441526631
1988-04-01,0.000488355679442509,3.62057142857143e-05,-0.449441201270716,0.486560586098421,2.01787261537489,0,-0.0580485874998227,0,-0.524707109031236,0,0,-0.668065151815735,-1.05753473331791,-1.21859438072699,-0.906268525368369,-0.986270043712661,-0.982439707744986,-0.0466742690965942,-0.0146127685699579,-0.779883460409598,-0.718355639100179,-0.785258508886926,-1.05711044515772,-0.923444803062159,-1.25275641402374,-1.21679395366459,-0.189820716720835,0.391266045861016,-0.371277733430179,-0.166402515872582,0.856392203120998,0.457993841811336,0.658697740989938,1.46353323597054,0.0699221365892854,1.15005398218983,0.678582106168294,-0.636050447543686,-0.691410709471841,1.06309579258781,-0.62541035944936,-0.513246088979342,-0.24069059247955,0.502378437133711,0.48287649739278,0.562023149804395,-0.0041026890859041,-0.036338183323176,-0.296324815106797,-0.508460685888365,0.443145276740837,0.573172900579149,1.30525441526631
1988-05-01,0.00150580850174216,0.000398323066202091,0.0953862519190315,0.920708298433905,0.478385902877864,0,-0.0580485874998227,0,-0.505607994837006,0,0,0.098029933072982,-0.858304255870919,-1.23478085626064,-0.812566714943854,0.836277707497482,1.59455937278262,-0.0109486865490594,-0.377440563462623,-0.776123853677106,-0.711616566477345,-0.782027195210085,-0.844406301827379,-0.662669160049941,-1.07759910884792,-1.23288087361222,-0.189820716720835,0.391266045861016,-0.371277733430179,-0.166402515872582,0.856392203120998,0.457993841811336,0.658697740989938,1.46353323597054,0.0699221365892854,1.15005398218983,0.678582106168294,-0.636050447543686,-0.691410709471841,1.06309579258781,-0.62541035944936,-0.513246088979342,-0.24069059247955,0.502378437133711,0.48287649739278,0.562023149804395,-0.0041026890859041,-0.036338183323176,-0.296324815106797,-0.508460685888365,0.443145276740837,0.573172900579149,1.30525441526631
1988-06-01,0.0020566812543554,0.00418814216027875,1.27660677289366,0.977276500069885,0.441017656747004,0,-0.0580485874998227,0,0.208981385857538,0,0,2.81294119933336,-0.65138210179328,-1.17551054347463,-0.522869936204299,1.35045778120437,1.69078792781729,0.138069652788519,-0.498990068511139,-0.685722723313117,-0.377764079843012,-0.688034050415883,-0.664115242166857,-0.102515032361502,0.0132384070047213,-1.17339251315391,-0.189820716720835,0.391266045861016,-0.371277733430179,-0.166402515872582,0.856392203120998,0.457993841811336,0.658697740989938,1.46353323597054,0.0699221365892854,1.15005398218983,0.678582106168294,-0.636050447543686,-0.691410709471841,1.06309579258781,-0.62541035944936,-0.513246088979342,-0.24069059247955,0.502378437133711,0.48287649739278,0.562023149804395,-0.0041026890859041,-0.036338183323176,-0.296324815106797,-0.508460685888365,0.443145276740837,0.573172900579149,1.30525441526631
1988-07-01,0.00494426759581881,0.00812410871080139,0.680565329667555,0.901780233635397,0.440793154946897,0,-0.0580485874998227,0,0.0244105681579095,0,0,0.453100963547549,-0.555959358782524,-1.23973477550489,-0.203906574037797,1.18355069892645,0.783229538994045,-0.0487926508772189,-0.501991630764842,0.463416688060131,1.04563146238432,0.539456883691879,-0.242350130823131,0.501609424372943,1.08617058523658,-1.23790656924292,-0.189820716720835,0.391266045861016,-0.371277733430179,-0.166402515872582,0.856392203120998,0.457993841811336,0.658697740989938,1.46353323597054,0.0699221365892854,1.15005398218983,0.678582106168294,-0.636050447543686,-0.691410709471841,1.06309579258781,-0.62541035944936,-0.513246088979342,-0.24069059247955,0.502378437133711,0.48287649739278,0.562023149804395,-0.0041026890859041,-0.036338183323176,-0.296324815106797,-0.508460685888365,0.443145276740837,0.573172900579149,1.30525441526631
1988-08-01,0.00780257226480836,0.0130687375609756,0.974744189445229,0.750761268086059,-1.14644304950766,0,-0.0580485874998227,0,0.34460569219294,0,0,0.723361590661419,-0.760882988271726,-1.25704016571206,-0.101107680507662,1.05236795952699,-0.451592933926354,-0.134060233421434,-0.501991630764842,1.33405149118334,1.71978838363767,1.37911025674089,-0.246972907520086,1.25898164558692,1.4657675438128,-1.25536250358025,-0.189820716720835,0.391266045861016,-0.371277733430179,-0.166402515872582,0.856392203120998,0.457993841811336,0.658697740989938,1.46353323597054,0.0699221365892854,1.15005398218983,0.678582106168294,-0.636050447543686,-0.691410709471841,1.06309579258781,-0.62541035944936,-0.513246088979342,-0.24069059247955,0.502378437133711,0.48287649739278,0.562023149804395,-0.0041026890859041,-0.036338183323176,-0.296324815106797,-0.508460685888365,0.443145276740837,0.573172900579149,1.30525441526631
1988-09-01,0.00397606578397213,0.0111149335191638,-0.0124836444811894,0.750780148572032,0.142966712009515,0,-0.0580485874998227,0,-0.14237905115132,0,0,-0.321603948059777,-0.480188329653792,-1.20680392159289,0.104617827785559,0.632455744277527,0.349999621174194,-0.0198933830051442,-0.501991630764842,1.48908657082081,1.08221988110713,1.47421592085643,0.392076250780406,1.08450286340218,1.29707314056161,-1.20496794957776,-0.189820716720835,0.391266045861016,-0.371277733430179,-0.166402515872582,0.856392203120998,0.457993841811336,0.658697740989938,1.46353323597054,0.0699221365892854,1.15005398218983,0.678582106168294,-0.636050447543686,-0.691410709471841,1.06309579258781,-0.62541035944936,-0.513246088979342,-0.24069059247955,0.502378437133711,0.48287649739278,0.562023149804395,-0.0041026890859041,-0.036338183323176,-0.296324815106797,-0.508460685888365,0.443145276740837,0.573172900579149,1.30525441526631
1988-10-01,0.00322086355400697,0.0068644749825784,-0.0264104100768182,-0.00445250672227279,-1.27142712648448,0,-0.0580485874998227,0,-0.379671485581024,0,0,0.106039940883003,-0.521904999237273,-1.32193497946998,-0.259702618771323,0.618816010048896,0.0457551811786337,-0.466332524342409,-0.501991630764842,0.64068157555391,0.257772293318273,0.63165085682133,0.339044195467008,0.563251821792972,0.998496289332357,-1.32084853377632,-0.189820716720835,0.391266045861016,-0.371277733430179,-0.166402515872582,0.856392203120998,0.457993841811336,0.658697740989938,1.46353323597054,0.0699221365892854,1.15005398218983,0.678582106168294,-0.636050447543686,-0.691410709471841,1.06309579258781,-0.62541035944936,-0.513246088979342,-0.24069059247955,0.502378437133711,0.48287649739278,0.562023149804395,-0.0041026890859041,-0.036338183323176,-0.296324815106797,-0.508460685888365,0.443145276740837,0.573172900579149,1.30525441526631
1988-11-01,0.00194160167247387,0.00339619233449477,-0.918208123120542,-1.23168636068104,-0.653349650664239,0,-0.0580485874998227,0,-0.541321311809719,0,0,-0.690102340055439,-0.315375506828005,-1.38497686773917,-0.41614377783701,-0.383565950459795,0.0930509776140459,-0.911448547539245,-0.501991528231879,0.00608570730339866,-0.480704960905498,0.00612675671185711,0.186874731352474,-3.94475672131267e-05,0.468468490490329,-1.38471950993365,-0.189820716720835,0.391266045861016,-0.371277733430179,-0.166402515872582,0.856392203120998,0.457993841811336,0.658697740989938,1.46353323597054,0.0699221365892854,1.15005398218983,0.678582106168294,-0.636050447543686,-0.691410709471841,1.06309579258781,-0.62541035944936,-0.513246088979342,-0.24069059247955,0.502378437133711,0.48287649739278,0.562023149804395,-0.0041026890859041,-0.036338183323176,-0.296324815106797,-0.508460685888365,0.443145276740837,0.573172900579149,1.30525441526631
1988-12-01,0.00108422466898955,0.000846980905923345,-0.935023006739563,-1.6659790751488,-1.05651375116073,0,-0.0580485874998227,0,-0.541609653419676,0,0,-0.690112353086017,0.0557582094905003,-1.53455230273955,-0.633892041946355,-0.88891081387817,-0.363907027642352,-1.56851208013961,-0.501990661857545,-0.591459332706067,-0.713881108143216,-0.59735456628964,-0.100685294463445,-0.56906710318867,-0.0853155045227531,-1.53542986255845,-0.189820716720835,0.391266045861016,-0.371277733430179,-0.166402515872582,0.856392203120998,0.457993841811336,0.658697740989938,1.46353323597054,0.0699221365892854,1.15005398218983,0.678582106168294,-0.636050447543686,-0.691410709471841,1.06309579258781,-0.62541035944936,-0.513246088979342,-0.24069059247955,0.502378437133711,0.48287649739278,0.562023149804395,-0.0041026890859041,-0.036338183323176,-0.296324815106797,-0.508460685888365,0.443145276740837,0.573172900579149,1.30525441526631
1989-01-01,0.000878791358885017,0.000173582717770035,-0.913790466073663,-1.53379414957782,-1.49705787235802,0,-0.0580485874998227,0,-0.540865392091906,0,0,-0.689993586746591,0.428740815081496,-1.44016644998406,-0.766116074572966,-1.25173091843945,-0.733218848117567,-1.60107206771727,-0.501991424486358,-0.74407165941384,-0.718848528146263,-0.750030194036472,-0.573230828563009,-0.833310016263598,-0.592252812406686,-1.44125893390728,-0.189820716720835,0.391266045861016,-0.371277733430179,-0.166402515872582,0.856392203120998,0.457993841811336,0.658697740989938,1.46353323597054,0.0699221365892854,1.15005398218983,0.678582106168294,-0.636050447543686,-0.691410709471841,1.06309579258781,-0.62541035944936,-0.513246088979342,-0.24069059247955,0.502378437133711,0.48287649739278,0.562023149804395,-0.0041026890859041,-0.036338183323176,-0.296324815106797,-0.508460685888365,0.443145276740837,0.573172900579149,1.30525441526631
1989-02-01,0.000735774773519164,3.67877351916376e-05,-0.895741536760934,-1.23168145175469,0.192659949972042,0,-0.0580485874998227,0,-0.541487977960849,0,0,-0.689530164777764,0.142436363031081,-1.19497394639876,-0.851941109780745,-1.37079048066316,-0.949190743449348,-0.859689280090391,-0.133792556244521,-0.773711702371206,-0.719272504927181,-0.779195708350266,-0.813809152114357,-0.939211969510456,-1.00073055593618,-1.19490402569894,-0.189820716720835,0.391266045861016,-0.371277733430179,-0.166402515872582,0.856392203120998,0.457993841811336,0.658697740989938,1.46353323597054,0.0699221365892854,1.15005398218983,0.678582106168294,-0.636050447543686,-0.691410709471841,1.06309579258781,-0.62541035944936,-0.513246088979342,-0.24069059247955,0.502378437133711,0.48287649739278,0.562023149804395,-0.0041026890859041,-0.036338183323176,-0.296324815106797,-0.508460685888365,0.443145276740837,0.573172900579149,1.30525441526631
1989-03-01,0.000666313588850174,3.98985365853659e-05,-0.549140824106564,-0.495249984393144,0.49085595741114,0,-0.0580485874998227,0,-0.525491160882771,0,0,-0.670785294933309,-0.991156285051408,-1.25206622693446,-0.884641170015567,-1.01496275216945,-1.37957540772627,-0.659493427458967,0.0450454959948839,-0.779146004278896,-0.718582493748204,-0.784494896390814,-1.00634962690432,-0.920527294855106,-1.23445941506337,-1.25149059204136,-0.189820716720835,0.391266045861016,-0.371277733430179,-0.166402515872582,0.856392203120998,0.457993841811336,0.658697740989938,1.46353323597054,0.0699221365892854,1.15005398218983,0.678582106168294,-0.636050447543686,-0.691410709471841,1.06309579258781,-0.62541035944936,-0.513246088979342,-0.24069059247955,0.502378437133711,0.48287649739278,0.562023149804395,-0.0041026890859041,-0.036338183323176,-0.296324815106797,-0.508460685888365,0.443145276740837,0.573172900579149,1.30525441526631
1989-04-01,0.000751348850174216,9.43877351916376e-05,-0.438478287322326,0.90189351655124,2.41111797515178,0,-0.0580485874998227,0,-0.521465461700666,0,0,-0.628736282402609,-1.04584493431265,-1.09146569495987,-0.865564196990456,-0.529499807589919,0.441973498128061,-0.0352986564275559,-0.207426750949329,-0.779715322275666,-0.718198108219764,-0.785097283026206,-0.974861173623026,-0.86285132305372,-1.2426119904571,-1.08983969956373,-0.189820716720835,0.391266045861016,-0.371277733430179,-0.166402515872582,0.856392203120998,0.457993841811336,0.658697740989938,1.46353323597054,0.0699221365892854,1.15005398218983,0.678582106168294,-0.636050447543686,-0.691410709471841,1.06309579258781,-0.62541035944936,-0.513246088979342,-0.24069059247955,0.502378437133711,0.48287649739278,0.562023149804395,-0.0041026890859041,-0.036338183323176,-0.296324815106797,-0.508460685888365,0.443145276740837,0.573172900579149,1.30525441526631
1989-05-01,0.00170877324041812,0.000208624390243902,-0.0325665441332137,0.92072604609072,0.324976130144981,0,-0.0580485874998227,0,-0.520174900427211,0,0,-0.285632093535741,-1.00350475864431,-1.10887036926789,-0.860367358310179,0.773277966273512,1.42381660771938,-0.00250412875005739,-0.246704918501973,-0.779143803512142,-0.716768601124284,-0.784616115323249,-0.967028787146619,-0.79648869591447,-1.20564389695241,-1.10714892684938,-0.189820716720835,0.391266045861016,-0.371277733430179,-0.166402515872582,0.856392203120998,0.457993841811336,0.658697740989938,1.46353323597054,0.0699221365892854,1.15005398218983,0.678582106168294,-0.636050447543686,-0.691410709471841,1.06309579258781,-0.62541035944936,-0.513246088979342,-0.24069059247955,0.502378437133711,0.48287649739278,0.562023149804395,-0.0041026890859041,-0.036338183323176,-0.296324815106797,-0.508460685888365,0.443145276740837,0.573172900579149,1.30525441526631
1989-06-01,0.00578743526132404,0.0104692114285714,1.98082148109433,0.920656943512056,0.532485027916079,0,-0.0580485874998227,0,1.22830351102768,0,0,3.57727102511068,-0.708748640943116,-1.04513991365254,-0.395507796912222,1.31827139815967,1.05941923259866,0.14792841496625,-0.474988298538649,-0.297043646138606,0.42082678634392,-0.271083912760564,-0.5208856646486,0.592737690453338,0.493225655910166,-1.04320490177844,-0.189820716720835,0.391266045861016,-0.371277733430179,-0.166402515872582,0.856392203120998,0.457993841811336,0.658697740989938,1.46353323597054,0.0699221365892854,1.15005398218983,0.678582106168294,-0.636050447543686,-0.691410709471841,1.06309579258781,-0.62541035944936,-0.513246088979342,-0.24069059247955,0.502378437133711,0.48287649739278,0.562023149804395,-0.0041026890859041,-0.036338183323176,-0.296324815106797,-0.508460685888365,0.443145276740837,0.573172900579149,1.30525441526631
1989-07-01,0.0063925162369338,0.0107154865505226,1.05968752180126,0.901810442412956,0.672206313618735,0,-0.0580485874998227,0,0.527068054926135,0,0,1.00006135927079,-0.578653256097385,-1.11419730849652,-0.199216439017098,1.16817418118739,0.936237801069146,-0.040208121106518,-0.501991630764842,0.616873646641942,0.906169970314637,0.69294202429952,-0.158588747588252,0.812311300309058,1.15452096745906,-1.11254578522858,-0.189820716720835,0.391266045861016,-0.371277733430179,-0.166402515872582,0.856392203120998,0.457993841811336,0.658697740989938,1.46353323597054,0.0699221365892854,1.15005398218983,0.678582106168294,-0.636050447543686,-0.691410709471841,1.06309579258781,-0.62541035944936,-0.513246088979342,-0.24069059247955,0.502378437133711,0.48287649739278,0.562023149804395,-0.0041026890859041,-0.036338183323176,-0.296324815106797,-0.508460685888365,0.443145276740837,0.573172900579149,1.30525441526631
1989-08-01,0.00769509909407666,0.0165179339372822,1.17144430586308,0.788509778913022,-0.240848787191506,0,-0.0580485874998227,0,1.0710331014359,0,0,0.31242456857188,-0.761012477777292,-1.13280501438528,0.0883708780963272,1.13253944151556,-0.215748232972044,-0.125618878961088,-0.501991630764842,1.56384413057989,1.93651962050117,1.59257867404724,0.0480392057769087,1.49093531145398,1.52869590251506,-1.13130429947896,-0.189820716720835,0.391266045861016,-0.371277733430179,-0.166402515872582,0.856392203120998,0.457993841811336,0.658697740989938,1.46353323597054,0.0699221365892854,1.15005398218983,0.678582106168294,-0.636050447543686,-0.691410709471841,1.06309579258781,-0.62541035944936,-0.513246088979342,-0.24069059247955,0.502378437133711,0.48287649739278,0.562023149804395,-0.0041026890859041,-0.036338183323176,-0.296324815106797,-0.508460685888365,0.443145276740837,0.573172900579149,1.30525441526631
1989-09-01,0.0062202581184669,0.0111223994425087,0.240791521229608,0.769619475086463,0.207840824493058,0,-0.0580485874998227,0,-0.26160928760724,0,0,-0.243817640900126,-0.597732750083537,-1.07878830366942,0.0335223057369776,0.855323218369783,0.356761116409745,-0.0105229210590287,-0.501991630764842,1.59681446793379,1.21477855973907,1.5902060148776,0.373324723485984,1.11133062217111,1.3589856846532,-1.07713032001248,-0.189820716720835,0.391266045861016,-0.371277733430179,-0.166402515872582,0.856392203120998,0.457993841811336,0.658697740989938,1.46353323597054,0.0699221365892854,1.15005398218983,0.678582106168294,-0.636050447543686,-0.691410709471841,1.06309579258781,-0.62541035944936,-0.513246088979342,-0.24069059247955,0.502378437133711,0.48287649739278,0.562023149804395,-0.0041026890859041,-0.036338183323176,-0.296324815106797,-0.508460685888365,0.443145276740837,0.573172900579149,1.30525441526631
1989-10-01,0.00470989379790941,0.00706864390243902,-0.345548520416579,0.146573255802018,-0.0996261653249087,0,-0.0580485874998227,0,-0.473274344026007,0,0,-0.438911407167343,-0.402645745839453,-1.20258299620642,-0.126123821325984,0.403254994043971,0.856890769930308,-0.459497992406919,-0.501991630764842,0.848347226325024,0.201444081613883,0.81290309546105,0.57761089360204,0.670581030535109,0.996628034448987,-1.20166836090134,-0.189820716720835,0.391266045861016,-0.371277733430179,-0.166402515872582,0.856392203120998,0.457993841811336,0.658697740989938,1.46353323597054,0.0699221365892854,1.15005398218983,0.678582106168294,-0.636050447543686,-0.691410709471841,1.06309579258781,-0.62541035944936,-0.513246088979342,-0.24069059247955,0.502378437133711,0.48287649739278,0.562023149804395,-0.0041026890859041,-0.036338183323176,-0.296324815106797,-0.508460685888365,0.443145276740837,0.573172900579149,1.30525441526631
1989-11-01,0.00227188850174216,0.00284473756097561,-0.922028200769302,-0.740768803119373,-0.45255869452141,0,-0.0580485874998227,0,-0.541609653419676,0,0,-0.690112353086017,-0.253723992212906,-1.27036884559498,-0.329671871765686,-0.479206590790901,0.196280160515392,-0.904935045847301,-0.501991369917871,-0.0929382608410293,-0.579564075745786,-0.127433837687643,0.234817037558742,-0.0222005322155042,0.357520585712292,-1.2702771886382,-0.189820716720835,0.391266045861016,-0.371277733430179,-0.166402515872582,0.856392203120998,0.457993841811336,0.658697740989938,1.46353323597054,0.0699221365892854,1.15005398218983,0.678582106168294,-0.636050447543686,-0.691410709471841,1.06309579258781,-0.62541035944936,-0.513246088979342,-0.24069059247955,0.502378437133711,0.48287649739278,0.562023149804395,-0.0041026890859041,-0.036338183323176,-0.296324815106797,-0.508460685888365,0.443145276740837,0.573172900579149,1.30525441526631
1989-12-01,0.00141802369337979,0.000699368362369338,-0.935023006739563,-1.77929295498892,-1.00509184933737,0,-0.0580485874998227,0,-0.541609653419676,0,0,-0.690112020405009,0.245316584772567,-1.43120008162596,-0.488758680283217,-0.992547097638539,-0.338172200699253,-1.56436528861191,-0.501990854146465,-0.615898665991867,-0.717008307284866,-0.631228543545027,-0.0247102175346387,-0.576955294993958,-0.192304671248672,-1.4322305175433,-0.189820716720835,0.391266045861016,-0.371277733430179,-0.166402515872582,0.856392203120998,0.457993841811336,0.658697740989938,1.46353323597054,0.0699221365892854,1.15005398218983,0.678582106168294,-0.636050447543686,-0.691410709471841,1.06309579258781,-0.62541035944936,-0.513246088979342,-0.24069059247955,0.502378437133711,0.48287649739278,0.562023149804395,-0.0041026890859041,-0.036338183323176,-0.296324815106797,-0.508460685888365,0.443145276740837,0.573172900579149,1.30525441526631
1990-01-01,0.00101598773519164,0.000154436236933798,-0.896019615632248,-1.19397561082602,-1.1584072685165,0,-0.0580485874998227,0,-0.541117026359703,0,0,-0.690091728943899,0.526874160791335,-1.32193896013191,-0.738565580506919,-1.26480559054782,-0.558766255413919,-1.480876812502,-0.501679402778002,-0.746393529813527,-0.719362766756413,-0.754324580418367,-0.571894436913014,-0.830373257968477,-0.663863492314999,-1.32296477646937,-0.189820716720835,0.391266045861016,-0.371277733430179,-0.166402515872582,0.856392203120998,0.457993841811336,0.658697740989938,1.46353323597054,0.0699221365892854,1.15005398218983,0.678582106168294,-0.636050447543686,-0.691410709471841,1.06309579258781,-0.62541035944936,-0.513246088979342,-0.24069059247955,0.502378437133711,0.48287649739278,0.562023149804395,-0.0041026890859041,-0.036338183323176,-0.296324815106797,-0.508460685888365,0.443145276740837,0.573172900579149,1.30525441526631
1990-02-01,0.000832671219512195,3.99788153310105e-05,-0.731744173825073,-0.854078151642856,-0.078227846895026,0,-0.0580485874998227,0,-0.537395175133046,0,0,-0.689173666940113,-0.0522673414822741,-1.05699653313128,-0.840801456924765,-1.29329262471531,-1.12096259392087,-0.703174292644732,-0.428522260948314,-0.773511285929559,-0.719279333896875,-0.779424754524446,-0.860361047969325,-0.922072182000631,-1.05392698866805,-1.05681529529271,-0.189820716720835,0.391266045861016,-0.371277733430179,-0.166402515872582,0.856392203120998,0.457993841811336,0.658697740989938,1.46353323597054,0.0699221365892854,1.15005398218983,0.678582106168294,-0.636050447543686,-0.691410709471841,1.06309579258781,-0.62541035944936,-0.513246088979342,-0.24069059247955,0.502378437133711,0.48287649739278,0.562023149804395,-0.0041026890859041,-0.036338183323176,-0.296324815106797,-0.508460685888365,0.443145276740837,0.573172900579149,1.30525441526631
1990-03-01,0.000835681672473868,5.30642508710801e-05,-0.532165574621259,-0.306450788800405,0.279978119690028,0,-0.0580485874998227,0,-0.531928590075901,0,0,-0.672686983554983,-1.02082723385801,-1.11868790193683,-0.882391215033189,-0.35541031451142,0.403985161575615,-0.49364822871378,-0.256339294896778,-0.77917278823519,-0.718867952504238,-0.784588772786635,-1.01968896564566,-0.907257747688123,-1.16138848658078,-1.11797441031167,-0.189820716720835,0.391266045861016,-0.371277733430179,-0.166402515872582,0.856392203120998,0.457993841811336,0.658697740989938,1.46353323597054,0.0699221365892854,1.15005398218983,0.678582106168294,-0.636050447543686,-0.691410709471841,1.06309579258781,-0.62541035944936,-0.513246088979342,-0.24069059247955,0.502378437133711,0.48287649739278,0.562023149804395,-0.0041026890859041,-0.036338183323176,-0.296324815106797,-0.508460685888365,0.443145276740837,0.573172900579149,1.30525441526631
1990-04-01,0.000651722926829268,3.06464111498258e-05,-0.534705844131261,0.788623061828865,2.16218786728367,0,-0.0580485874998227,0,-0.531737442421051,0,0,-0.681577696461147,-1.05540065472261,-0.94515109036669,-0.892003072762713,-0.977347295647357,0.434003826315453,0.146744850970738,0.011039928410632,-0.779848094407739,-0.718369938491849,-0.785221757970151,-1.03581584115351,-0.929273023056003,-1.23340245543954,-0.9433737267073,-0.189820716720835,0.391266045861016,-0.371277733430179,-0.166402515872582,0.856392203120998,0.457993841811336,0.658697740989938,1.46353323597054,0.0699221365892854,1.15005398218983,0.678582106168294,-0.636050447543686,-0.691410709471841,1.06309579258781,-0.62541035944936,-0.513246088979342,-0.24069059247955,0.502378437133711,0.48287649739278,0.562023149804395,-0.0041026890859041,-0.036338183323176,-0.296324815106797,-0.508460685888365,0.443145276740837,0.573172900579149,1.30525441526631
1990-05-01,0.00224876822299652,0.000654051010452962,0.684310641820077,0.713050895840762,0.646635872574955,0,-0.0580485874998227,0,-0.509838175942777,0,0,1.07517720435365,-1.02299200030366,-0.963957538792691,-0.812382138845405,0.59130995178772,1.18431500286108,0.184195779573392,-0.191856164540907,-0.778166463854186,-0.707187628955389,-0.783423160998012,-0.953522227252953,-0.661626527396291,-0.983665473334193,-0.962072856078352,-0.189820716720835,0.391266045861016,-0.371277733430179,-0.166402515872582,0.856392203120998,0.457993841811336,0.658697740989938,1.46353323597054,0.0699221365892854,1.15005398218983,0.678582106168294,-0.636050447543686,-0.691410709471841,1.06309579258781,-0.62541035944936,-0.513246088979342,-0.24069059247955,0.502378437133711,0.48287649739278,0.562023149804395,-0.0041026890859041,-0.036338183323176,-0.296324815106797,-0.508460685888365,0.443145276740837,0.573172900579149,1.30525441526631
1990-06-01,0.00584094104529617,0.00845108404181185,1.39113245453601,0.920657698731495,-0.0144190974992684,0,-0.0580485874998227,0,0.503792745187128,0,0,2.12845814915219,-0.693891806376106,-0.895093714531041,-0.219575125273203,1.3850798527713,0.665600737310841,0.340172327573693,-0.49212230244193,0.00126020313917668,0.815676399656101,0.0533688576089331,-0.51147250151461,0.525333420196059,0.648988769310338,-0.892990864012273,-0.189820716720835,0.391266045861016,-0.371277733430179,-0.166402515872582,0.856392203120998,0.457993841811336,0.658697740989938,1.46353323597054,0.0699221365892854,1.15005398218983,0.678582106168294,-0.636050447543686,-0.691410709471841,1.06309579258781,-0.62541035944936,-0.513246088979342,-0.24069059247955,0.502378437133711,0.48287649739278,0.562023149804395,-0.0041026890859041,-0.036338183323176,-0.296324815106797,-0.508460685888365,0.443145276740837,0.573172900579149,1.30525441526631
1990-07-01,0.0092437162369338,0.0197305087108014,2.00617419134491,0.788527904179557,-0.588818884640023,0,-0.0580485874998227,0,2.25428996634276,0,0,1.66730250234174,-0.806380510622901,-0.969713227272732,-0.287407885140448,1.26773427839477,-0.170756857710261,0.146688862182058,-0.501991630764842,1.17984513091989,1.74457423582468,1.25219708674087,-0.479194951583568,1.75318879936669,1.4521206623043,-0.967897796176863,-0.189820716720835,0.391266045861016,-0.371277733430179,-0.166402515872582,0.856392203120998,0.457993841811336,0.658697740989938,1.46353323597054,0.0699221365892854,1.15005398218983,0.678582106168294,-0.636050447543686,-0.691410709471841,1.06309579258781,-0.62541035944936,-0.513246088979342,-0.24069059247955,0.502378437133711,0.48287649739278,0.562023149804395,-0.0041026890859041,-0.036338183323176,-0.296324815106797,-0.508460685888365,0.443145276740837,0.573172900579149,1.30525441526631
1990-08-01,0.00857816529616725,0.0160509524738676,0.909379791073747,1.01508807172,0.744984930391538,0,-0.0580485874998227,0,0.464458580113012,0,0,0.0927307238983972,-0.692672232364196,-0.989820218968795,0.084670354324415,1.00370946970473,0.372689783446052,0.0546093103485364,-0.501991630764842,2.02593805353497,1.86534884639416,2.00217962828114,0.154449584784645,1.57675870120862,1.49709954669308,-0.98816680994469,-0.189820716720835,0.391266045861016,-0.371277733430179,-0.166402515872582,0.856392203120998,0.457993841811336,0.658697740989938,1.46353323597054,0.0699221365892854,1.15005398218983,0.678582106168294,-0.636050447543686,-0.691410709471841,1.06309579258781,-0.62541035944936,-0.513246088979342,-0.24069059247955,0.502378437133711,0.48287649739278,0.562023149804395,-0.0041026890859041,-0.036338183323176,-0.296324815106797,-0.508460685888365,0.443145276740837,0.573172900579149,1.30525441526631
1990-09-01,0.00615938675958188,0.0127175581881533,0.304362384279921,0.769607391575439,0.343442109678066,0,-0.0580485874998227,0,-0.163934681884537,0,0,-0.394757171235845,-0.597767727611091,-0.931452557595378,0.121476573922117,0.862017033515433,0.231489943505075,0.174882142069518,-0.501991630764842,1.89077954514184,1.61764317716906,1.88299713309955,0.426019141069239,1.27349885718809,1.44172227754927,-0.929639196456994,-0.189820716720835,0.391266045861016,-0.371277733430179,-0.166402515872582,0.856392203120998,0.457993841811336,0.658697740989938,1.46353323597054,0.0699221365892854,1.15005398218983,0.678582106168294,-0.636050447543686,-0.691410709471841,1.06309579258781,-0.62541035944936,-0.513246088979342,-0.24069059247955,0.502378437133711,0.48287649739278,0.562023149804395,-0.0041026890859041,-0.036338183323176,-0.296324815106797,-0.508460685888365,0.443145276740837,0.573172900579149,1.30525441526631
1990-10-01,0.00345329059233449,0.00666496222996516,-0.630447508741965,0.259856549254855,-0.302229306277982,0,-0.0580485874998227,0,-0.541609653419676,0,0,-0.676464232982535,-0.327731250972253,-1.0652187210999,-0.12745706661726,0.105981867627672,0.621021616143338,-0.292920482589903,-0.501991422847189,0.823721748523374,-0.0515988776519342,0.789663175304165,0.463320730418265,0.588736466969879,0.834563102604286,-1.06417075228372,-0.189820716720835,0.391266045861016,-0.371277733430179,-0.166402515872582,0.856392203120998,0.457993841811336,0.658697740989938,1.46353323597054,0.0699221365892854,1.15005398218983,0.678582106168294,-0.636050447543686,-0.691410709471841,1.06309579258781,-0.62541035944936,-0.513246088979342,-0.24069059247955,0.502378437133711,0.48287649739278,0.562023149804395,-0.0041026890859041,-0.036338183323176,-0.296324815106797,-0.508460685888365,0.443145276740837,0.573172900579149,1.30525441526631
1990-11-01,0.00209186341463415,0.00216563958188153,-0.831036406984119,-0.53310535877072,-0.681461985865747,0,-0.0580485874998227,0,-0.541085431048108,0,0,-0.688459561743,-0.285127968529361,-1.13846423718934,-0.444010815737148,-0.354200033368423,0.0971157731351276,-0.7559793805269,-0.501991277746654,-0.264640573543092,-0.65914562820728,-0.290377607908008,-0.084472929649356,-0.178692959859188,0.246250076902482,-1.13826648757684,-0.189820716720835,0.391266045861016,-0.371277733430179,-0.166402515872582,0.856392203120998,0.457993841811336,0.658697740989938,1.46353323597054,0.0699221365892854,1.15005398218983,0.678582106168294,-0.636050447543686,-0.691410709471841,1.06309579258781,-0.62541035944936,-0.513246088979342,-0.24069059247955,0.502378437133711,0.48287649739278,0.562023149804395,-0.0041026890859041,-0.036338183323176,-0.296324815106797,-0.508460685888365,0.443145276740837,0.573172900579149,1.30525441526631
1990-12-01,0.00142099400696864,0.000510231637630662,-0.935023006739563,-1.40166511024532,-0.986001346614892,0,-0.0580485874998227,0,-0.541609653419676,0,0,-0.690105366724784,0.379975810427867,-1.31225078444774,-0.588158108165263,-0.905317039518367,-0.324358990693108,-1.4433024857233,-0.501991276085859,-0.662423221897368,-0.717774761317869,-0.674607604976077,-0.217273128681148,-0.653217863989708,-0.226031977038064,-1.31321318166279,-0.189820716720835,0.391266045861016,-0.371277733430179,-0.166402515872582,0.856392203120998,0.457993841811336,0.658697740989938,1.46353323597054,0.0699221365892854,1.15005398218983,0.678582106168294,-0.636050447543686,-0.691410709471841,1.06309579258781,-0.62541035944936,-0.513246088979342,-0.24069059247955,0.502378437133711,0.48287649739278,0.562023149804395,-0.0041026890859041,-0.036338183323176,-0.296324815106797,-0.508460685888365,0.443145276740837,0.573172900579149,1.30525441526631
1991-01-01,0.00109600557491289,0.000110724459930314,-0.922026577577086,-1.09958299880946,-1.0559945711237,0,-0.0580485874998227,0,-0.541287626007964,0,0,-0.690094759252558,0.645138059621678,-1.20553606624014,-0.767565195246376,-1.2661995886384,-0.638230155020588,-1.37536844719668,-0.500047861141826,-0.756471932478568,-0.719361514565923,-0.763555277046247,-0.597242466506346,-0.86338256852577,-0.725602820422602,-1.2065232996196,-0.189820716720835,0.391266045861016,-0.371277733430179,-0.166402515872582,0.856392203120998,0.457993841811336,0.658697740989938,1.46353323597054,0.0699221365892854,1.15005398218983,0.678582106168294,-0.636050447543686,-0.691410709471841,1.06309579258781,-0.62541035944936,-0.513246088979342,-0.24069059247955,0.502378437133711,0.48287649739278,0.562023149804395,-0.0041026890859041,-0.036338183323176,-0.296324815106797,-0.508460685888365,0.443145276740837,0.573172900579149,1.30525441526631
1991-02-01,0.000824864111498258,2.37825783972125e-05,-0.934164973496349,-0.929620486463119,0.407543025402496,0,-0.0580485874998227,0,-0.541609653419676,0,0,-0.690084052332631,-0.0983147894476633,-0.921149151723535,-0.856242725682144,-1.41331512374553,-1.97561481104067,-0.574140329700201,-0.136206808177742,-0.775818442480229,-0.719228325587848,-0.781505124512311,-0.874179445367472,-0.950976464374387,-1.08918815191241,-0.920910605558527,-0.189820716720835,0.391266045861016,-0.371277733430179,-0.166402515872582,0.856392203120998,0.457993841811336,0.658697740989938,1.46353323597054,0.0699221365892854,1.15005398218983,0.678582106168294,-0.636050447543686,-0.691410709471841,1.06309579258781,-0.62541035944936,-0.513246088979342,-0.24069059247955,0.502378437133711,0.48287649739278,0.562023149804395,-0.0041026890859041,-0.036338183323176,-0.296324815106797,-0.508460685888365,0.443145276740837,0.573172900579149,1.30525441526631
1991-03-01,0.000648371289198606,5.15790940766551e-06,-0.777356138168833,0.448793194785483,1.65134406877072,0,-0.0580485874998227,0,-0.539827295638734,0,0,-0.68973818453884,-0.990030351174095,-0.987367898772341,-0.899950129882019,-1.42242866589304,-2.22933613989783,-0.363845185940675,0.374011113654859,-0.779522558259546,-0.718617749643213,-0.78490705814011,-1.03754555282417,-0.98182893965051,-1.24652577795913,-0.986588483437566,-0.189820716720835,0.391266045861016,-0.371277733430179,-0.166402515872582,0.856392203120998,0.457993841811336,0.658697740989938,1.46353323597054,0.0699221365892854,1.15005398218983,0.678582106168294,-0.636050447543686,-0.691410709471841,1.06309579258781,-0.62541035944936,-0.513246088979342,-0.24069059247955,0.502378437133711,0.48287649739278,0.562023149804395,-0.0041026890859041,-0.036338183323176,-0.296324815106797,-0.508460685888365,0.443145276740837,0.573172900579149,1.30525441526631
1991-04-01,0.000695354425087108,4.11027177700348e-05,-0.506434031827588,0.939666572009971,2.3554423136963,0,-0.0580485874998227,0,-0.524470671132747,0,0,-0.667830259039239,-1.05544179016325,-0.801094712380951,-0.887239070773579,-1.10624542664317,-0.664984194397278,0.308382673304952,0.055472922649037,-0.77986375112905,-0.718354061719441,-0.78523861636748,-1.04040277271471,-0.914449579142347,-1.25179110378637,-0.799205110272143,-0.189820716720835,0.391266045861016,-0.371277733430179,-0.166402515872582,0.856392203120998,0.457993841811336,0.658697740989938,1.46353323597054,0.0699221365892854,1.15005398218983,0.678582106168294,-0.636050447543686,-0.691410709471841,1.06309579258781,-0.62541035944936,-0.513246088979342,-0.24069059247955,0.502378437133711,0.48287649739278,0.562023149804395,-0.0041026890859041,-0.036338183323176,-0.296324815106797,-0.508460685888365,0.443145276740837,0.573172900579149,1.30525441526631
1991-05-01,0.000880216306620209,0.00017472668989547,-0.0197188067438981,1.22278323528509,1.66694929879222,0,-0.0580485874998227,0,-0.518950672934718,0,0,-0.472896432165195,-1.04270585586313,-0.821281607874885,-0.867069376717798,0.746810576234138,2.42778528319278,0.346781093771748,-0.165592446522418,-0.779637569838333,-0.71769995418234,-0.785034213349183,-0.985713695823454,-0.807789764698869,-1.21937637666687,-0.819280506705009,-0.189820716720835,0.391266045861016,-0.371277733430179,-0.166402515872582,0.856392203120998,0.457993841811336,0.658697740989938,1.46353323597054,0.0699221365892854,1.15005398218983,0.678582106168294,-0.636050447543686,-0.691410709471841,1.06309579258781,-0.62541035944936,-0.513246088979342,-0.24069059247955,0.502378437133711,0.48287649739278,0.562023149804395,-0.0041026890859041,-0.036338183323176,-0.296324815106797,-0.508460685888365,0.443145276740837,0.573172900579149,1.30525441526631
1991-06-01,0.00323216278745645,0.00397783191637631,1.32159826740904,0.996172468042237,0.112600567128042,0,-0.0580485874998227,0,0.0490158345034238,0,0,3.11911251889679,-0.860829913595675,-0.747363330863303,-0.720080208579939,1.26701623778291,1.30353679753015,0.507570867015744,-0.32284557153405,-0.700443347156447,-0.336392934890065,-0.700698717840453,-0.81678916990507,-0.145120646976937,-0.30146917331334,-0.74514195163568,-0.189820716720835,0.391266045861016,-0.371277733430179,-0.166402515872582,0.856392203120998,0.457993841811336,0.658697740989938,1.46353323597054,0.0699221365892854,1.15005398218983,0.678582106168294,-0.636050447543686,-0.691410709471841,1.06309579258781,-0.62541035944936,-0.513246088979342,-0.24069059247955,0.502378437133711,0.48287649739278,0.562023149804395,-0.0041026890859041,-0.036338183323176,-0.296324815106797,-0.508460685888365,0.443145276740837,0.573172900579149,1.30525441526631
1991-07-01,0.00658285714285714,0.0104351933101045,1.23510514164237,0.977339183283319,-0.34600825625892,0,-0.0580485874998227,0,0.787619807787188,0,0,1.18630534709808,-0.604539698697212,-0.82745976952621,-0.193130111315031,1.20190994035778,0.407756063896652,0.307221950506811,-0.501991440696543,0.355350702456795,0.980148548411959,0.418120132426816,-0.335396134697307,0.754214795177029,1.09678720434713,-0.825531149646375,-0.189820716720835,0.391266045861016,-0.371277733430179,-0.166402515872582,0.856392203120998,0.457993841811336,0.658697740989938,1.46353323597054,0.0699221365892854,1.15005398218983,0.678582106168294,-0.636050447543686,-0.691410709471841,1.06309579258781,-0.62541035944936,-0.513246088979342,-0.24069059247955,0.502378437133711,0.48287649739278,0.562023149804395,-0.0041026890859041,-0.036338183323176,-0.296324815106797,-0.508460685888365,0.443145276740837,0.573172900579149,1.30525441526631
1991-08-01,0.0104232919860627,0.0186497761672474,1.51757255119746,0.637496477509475,-0.687510346950337,0,-0.0580485874998227,0,1.54737707022304,0,0,0.893439691889464,-0.829177845931708,-0.849041640051325,-0.263017500087047,1.22916085728479,-0.390121956680211,0.21488028200589,-0.501991630764842,1.54994685122169,2.13732865679029,1.58205796792066,-0.264200770550447,1.70577954441974,1.57054919768968,-0.847271846630449,-0.189820716720835,0.391266045861016,-0.371277733430179,-0.166402515872582,0.856392203120998,0.457993841811336,0.658697740989938,1.46353323597054,0.0699221365892854,1.15005398218983,0.678582106168294,-0.636050447543686,-0.691410709471841,1.06309579258781,-0.62541035944936,-0.513246088979342,-0.24069059247955,0.502378437133711,0.48287649739278,0.562023149804395,-0.0041026890859041,-0.036338183323176,-0.296324815106797,-0.508460685888365,0.443145276740837,0.573172900579149,1.30525441526631
1991-09-01,0.00729332404181185,0.0144918388850174,0.603873312101518,0.807380824643888,0.425134546875022,0,-0.0580485874998227,0,0.248679018422044,0,0,-0.281025824801817,-0.606114746104132,-0.786390495881681,0.147229492741562,0.795463720237964,0.402716025119954,0.338596702781833,-0.501991616524151,1.96420915917313,1.35970529963345,1.95178836038335,0.454929236207396,1.41509368125712,1.36153501761159,-0.784460892019742,-0.189820716720835,0.391266045861016,-0.371277733430179,-0.166402515872582,0.856392203120998,0.457993841811336,0.658697740989938,1.46353323597054,0.0699221365892854,1.15005398218983,0.678582106168294,-0.636050447543686,-0.691410709471841,1.06309579258781,-0.62541035944936,-0.513246088979342,-0.24069059247955,0.502378437133711,0.48287649739278,0.562023149804395,-0.0041026890859041,-0.036338183323176,-0.296324815106797,-0.508460685888365,0.443145276740837,0.573172900579149,1.30525441526631
1991-10-01,0.00315352975609756,0.00721145979094077,-0.631330872570556,0.146573255802018,0.182145573007959,0,-0.0580485874998227,0,-0.541554451355531,0,0,-0.510037791100525,-0.34708395369959,-0.929974511670338,-0.109774133668468,0.298189159463064,0.886822414730446,-0.144723869255328,-0.501991437682244,0.879912730201778,0.182474978275168,0.877477596994388,0.411034496754262,0.597760669802359,0.926133137969042,-0.928828753863426,-0.189820716720835,0.391266045861016,-0.371277733430179,-0.166402515872582,0.856392203120998,0.457993841811336,0.658697740989938,1.46353323597054,0.0699221365892854,1.15005398218983,0.678582106168294,-0.636050447543686,-0.691410709471841,1.06309579258781,-0.62541035944936,-0.513246088979342,-0.24069059247955,0.502378437133711,0.48287649739278,0.562023149804395,-0.0041026890859041,-0.036338183323176,-0.296324815106797,-0.508460685888365,0.443145276740837,0.573172900579149,1.30525441526631
1991-11-01,0.00178935303135889,0.00249149101045296,-0.914205824387777,-1.00508276802285,-0.691105044654585,0,-0.0580485874998227,0,-0.541609653419676,0,0,-0.690112353086017,-0.120825641161356,-1.00859586811271,-0.416202061249494,-0.475043716932239,0.047631275973604,-0.626048204207564,-0.501991386299698,-0.203290986033476,-0.615197375647061,-0.211488003627875,-0.0418971370911792,-0.157023481334096,0.298520822195364,-1.00832981865679,-0.189820716720835,0.391266045861016,-0.371277733430179,-0.166402515872582,0.856392203120998,0.457993841811336,0.658697740989938,1.46353323597054,0.0699221365892854,1.15005398218983,0.678582106168294,-0.636050447543686,-0.691410709471841,1.06309579258781,-0.62541035944936,-0.513246088979342,-0.24069059247955,0.502378437133711,0.48287649739278,0.562023149804395,-0.0041026890859041,-0.036338183323176,-0.296324815106797,-0.508460685888365,0.443145276740837,0.573172900579149,1.30525441526631
1991-12-01,0.0012389418815331,0.000571965993031359,-0.906962373847798,-1.43943854331377,-1.62773299147044,0,-0.0580485874998227,0,-0.541518549481727,0,0,-0.690111168685074,0.410758525656258,-1.19513674675493,-0.585540162088105,-0.99061628521827,-0.694478787864382,-1.33560456880896,-0.501991560020775,-0.652561385184104,-0.717848208425218,-0.660128264946841,-0.312738883519341,-0.652183726861383,-0.212488485562634,-1.19605754869455,-0.189820716720835,0.391266045861016,-0.371277733430179,-0.166402515872582,0.856392203120998,0.457993841811336,0.658697740989938,1.46353323597054,0.0699221365892854,1.15005398218983,0.678582106168294,-0.636050447543686,-0.691410709471841,1.06309579258781,-0.62541035944936,-0.513246088979342,-0.24069059247955,0.502378437133711,0.48287649739278,0.562023149804395,-0.0041026890859041,-0.036338183323176,-0.296324815106797,-0.508460685888365,0.443145276740837,0.573172900579149,1.30525441526631
1992-01-01,0.00114027930313589,0.000133202508710801,-0.762058788001701,-2.11914132490855,-1.65957299851934,0,-0.0580485874998227,0,-0.537741560808146,0,0,-0.685750103834521,-0.0229588719552833,-1.12444940160217,-0.819773121329861,-0.599873983842395,-0.757957423033328,-1.21748967313722,-0.501991506618981,-0.756026153990956,-0.719442040792776,-0.762146390350533,-0.801152015034802,-0.853781227489969,-0.516821870776268,-1.125234567191,-0.189820716720835,0.391266045861016,-0.371277733430179,-0.166402515872582,0.856392203120998,0.457993841811336,0.658697740989938,1.46353323597054,0.0699221365892854,1.15005398218983,0.678582106168294,-0.636050447543686,-0.691410709471841,1.06309579258781,-0.62541035944936,-0.513246088979342,-0.24069059247955,0.502378437133711,0.48287649739278,0.562023149804395,-0.0041026890859041,-0.036338183323176,-0.296324815106797,-0.508460685888365,0.443145276740837,0.573172900579149,1.30525441526631
1992-02-01,0.000823820487804878,2.7997212543554e-05,-0.768455585954217,-1.40156353323078,-0.287760871735212,0,-0.0580485874998227,0,-0.53822945378205,0,0,-0.687335951588868,-0.347710757220804,-0.898290563788086,-0.858058350195936,-1.0841942445455,-0.11532286008034,-0.527831612611949,-0.0230216153546059,-0.776153916968445,-0.719280680531681,-0.781625166766523,-0.912262429656998,-0.942884594762909,-0.871064285062983,-0.897991146279858,-0.189820716720835,0.391266045861016,-0.371277733430179,-0.166402515872582,0.856392203120998,0.457993841811336,0.658697740989938,1.46353323597054,0.0699221365892854,1.15005398218983,0.678582106168294,-0.636050447543686,-0.691410709471841,1.06309579258781,-0.62541035944936,-0.513246088979342,-0.24069059247955,0.502378437133711,0.48287649739278,0.562023149804395,-0.0041026890859041,-0.036338183323176,-0.296324815106797,-0.508460685888365,0.443145276740837,0.573172900579149,1.30525441526631
1992-03-01,0.000657382578397213,1.24833449477352e-05,-0.897523288811544,-0.0798547483366096,1.62339532159419,0,-0.0580485874998227,0,-0.541456540308405,0,0,-0.687563324336255,-1.03661380639629,-0.895889817861167,-0.897154578885251,-1.30022526733672,-1.44262319087187,-0.164304903528935,0.42607546032722,-0.779517092556065,-0.718443223439057,-0.784874734778807,-1.03984626334816,-0.972897417689634,-1.18277549863679,-0.894837104227573,-0.189820716720835,0.391266045861016,-0.371277733430179,-0.166402515872582,0.856392203120998,0.457993841811336,0.658697740989938,1.46353323597054,0.0699221365892854,1.15005398218983,0.678582106168294,-0.636050447543686,-0.691410709471841,1.06309579258781,-0.62541035944936,-0.513246088979342,-0.24069059247955,0.502378437133711,0.48287649739278,0.562023149804395,-0.0041026890859041,-0.036338183323176,-0.296324815106797,-0.508460685888365,0.443145276740837,0.573172900579149,1.30525441526631
1992-04-01,0.000501742160278746,6.60292682926829e-06,-0.682894388243539,1.20400017261886,2.34734611940849,0,-0.0580485874998227,0,-0.536418019302942,0,0,-0.688086752112245,-1.05048288907801,-0.70074484015243,-0.904694197443783,-1.33563753287735,-1.55012300933636,0.533367353210715,0.406329492404327,-0.779858846024305,-0.71836420474469,-0.785230155662373,-1.06197749011916,-0.974258849758147,-1.25446968935753,-0.698542372826216,-0.189820716720835,0.391266045861016,-0.371277733430179,-0.166402515872582,0.856392203120998,0.457993841811336,0.658697740989938,1.46353323597054,0.0699221365892854,1.15005398218983,0.678582106168294,-0.636050447543686,-0.691410709471841,1.06309579258781,-0.62541035944936,-0.513246088979342,-0.24069059247955,0.502378437133711,0.48287649739278,0.562023149804395,-0.0041026890859041,-0.036338183323176,-0.296324815106797,-0.508460685888365,0.443145276740837,0.573172900579149,1.30525441526631
1992-05-01,0.000609737142857143,0.000164230243902439,-0.163522771941106,1.48712854179529,1.33432491984382,0,-0.0580485874998227,0,-0.531498858911116,0,0,-0.286814799519337,-1.04753016093136,-0.721892615135661,-0.890472798878927,-0.471345929276999,0.0444051092909303,0.574709920453357,0.0982884787398572,-0.779706391409966,-0.717456227967164,-0.785062033102942,-1.04712678516573,-0.866589836897479,-1.19861400770354,-0.719571263557578,-0.189820716720835,0.391266045861016,-0.371277733430179,-0.166402515872582,0.856392203120998,0.457993841811336,0.658697740989938,1.46353323597054,0.0699221365892854,1.15005398218983,0.678582106168294,-0.636050447543686,-0.691410709471841,1.06309579258781,-0.62541035944936,-0.513246088979342,-0.24069059247955,0.502378437133711,0.48287649739278,0.562023149804395,-0.0041026890859041,-0.036338183323176,-0.296324815106797,-0.508460685888365,0.443145276740837,0.573172900579149,1.30525441526631
1992-06-01,0.00187645547038328,0.00277252682926829,0.912570666014775,1.14722919456352,0.466490447357451,0,-0.0580485874998227,0,-0.238087448129597,0,0,1.48359082902921,-0.918465914635823,-0.644454212628815,-0.593183318992617,0.835319985901341,1.28592364028906,0.747020431535057,-0.173876243873613,-0.567346119534544,-0.166349892807499,-0.556022190938647,-0.72432503033156,-0.276180295591229,-0.145883827470036,-0.641894651952465,-0.189820716720835,0.391266045861016,-0.371277733430179,-0.166402515872582,0.856392203120998,0.457993841811336,0.658697740989938,1.46353323597054,0.0699221365892854,1.15005398218983,0.678582106168294,-0.636050447543686,-0.691410709471841,1.06309579258781,-0.62541035944936,-0.513246088979342,-0.24069059247955,0.502378437133711,0.48287649739278,0.562023149804395,-0.0041026890859041,-0.036338183323176,-0.296324815106797,-0.508460685888365,0.443145276740837,0.573172900579149,1.30525441526631
1992-07-01,0.00478391080139373,0.00887585895470383,0.995162211204898,0.788497695401999,-0.2608584913403,0,-0.0580485874998227,0,0.318295048581059,0,0,1.38374914244549,-0.660379930638761,-0.728365113322414,-0.280401481855747,1.26249853522594,0.563588685544992,0.537060524129638,-0.427114887784004,0.293055994048827,0.755017022669197,0.368752532563878,-0.366846809910614,0.559357154401316,0.592603673415558,-0.726112390522763,-0.189820716720835,0.391266045861016,-0.371277733430179,-0.166402515872582,0.856392203120998,0.457993841811336,0.658697740989938,1.46353323597054,0.0699221365892854,1.15005398218983,0.678582106168294,-0.636050447543686,-0.691410709471841,1.06309579258781,-0.62541035944936,-0.513246088979342,-0.24069059247955,0.502378437133711,0.48287649739278,0.562023149804395,-0.0041026890859041,-0.036338183323176,-0.296324815106797,-0.508460685888365,0.443145276740837,0.573172900579149,1.30525441526631
1992-08-01,0.00581762006968641,0.0102655241811847,0.800808357311708,0.78850411476723,0.362032271675409,0,-0.0580485874998227,0,0.255385552719595,0,0,0.491893691388454,-0.56319840960009,-0.750975389310008,-0.077912578330985,1.27312213439711,0.655882056551876,0.437900618937693,-0.501991612112379,0.773628473118688,1.01365390826344,0.868477768153082,-0.113610840613335,0.723369666599513,1.11431724066929,-0.748894484191447,-0.189820716720835,0.391266045861016,-0.371277733430179,-0.166402515872582,0.856392203120998,0.457993841811336,0.658697740989938,1.46353323597054,0.0699221365892854,1.15005398218983,0.678582106168294,-0.636050447543686,-0.691410709471841,1.06309579258781,-0.62541035944936,-0.513246088979342,-0.24069059247955,0.502378437133711,0.48287649739278,0.562023149804395,-0.0041026890859041,-0.036338183323176,-0.296324815106797,-0.508460685888365,0.443145276740837,0.573172900579149,1.30525441526631
1992-09-01,0.0044026268989547,0.00933146090592334,0.0959243782849208,0.769619475086463,0.181635341644078,0,-0.0580485874998227,0,-0.267777526165938,0,0,-0.122866157047945,-0.479766108341958,-0.685339794706022,-0.0837428112625862,0.870756839169346,0.534733998600172,0.567664803820148,-0.501991630764842,1.06112437104696,0.975807713472922,1.14022550445629,0.128346744323021,0.706868556754589,1.22038765281558,-0.683091570245031,-0.189820716720835,0.391266045861016,-0.371277733430179,-0.166402515872582,0.856392203120998,0.457993841811336,0.658697740989938,1.46353323597054,0.0699221365892854,1.15005398218983,0.678582106168294,-0.636050447543686,-0.691410709471841,1.06309579258781,-0.62541035944936,-0.513246088979342,-0.24069059247955,0.502378437133711,0.48287649739278,0.562023149804395,-0.0041026890859041,-0.036338183323176,-0.296324815106797,-0.508460685888365,0.443145276740837,0.573172900579149,1.30525441526631
1992-10-01,0.00244623386759582,0.00474373128919861,-0.760488224570735,-0.325398111694606,0.0133261851087757,0,-0.0580485874998227,0,-0.540633830560761,0,0,-0.686290757957103,-0.334194205462572,-0.835762791082354,-0.305757832117615,-0.160031767762188,0.688216507866438,0.0628693279858474,-0.501991519721831,0.310654783852212,-0.297934368559756,0.33054709325464,-0.0614026580521757,0.187661702656933,0.63744503097463,-0.834331832105731,-0.189820716720835,0.391266045861016,-0.371277733430179,-0.166402515872582,0.856392203120998,0.457993841811336,0.658697740989938,1.46353323597054,0.0699221365892854,1.15005398218983,0.678582106168294,-0.636050447543686,-0.691410709471841,1.06309579258781,-0.62541035944936,-0.513246088979342,-0.24069059247955,0.502378437133711,0.48287649739278,0.562023149804395,-0.0041026890859041,-0.036338183323176,-0.296324815106797,-0.508460685888365,0.443145276740837,0.573172900579149,1.30525441526631
1992-11-01,0.00127643205574913,0.00127111358885017,-0.869770307406488,-1.38271778735112,-0.530726610450934,0,-0.0580485874998227,0,-0.541557441288392,0,0,-0.687228005643205,0.00569882873562061,-0.918129078723305,-0.496107445616515,-0.445588075138353,0.146169303471274,-0.441599685856751,-0.501991467583478,-0.495956660277304,-0.703066255279534,-0.499181594475307,-0.375934301482472,-0.457538812109033,0.0511873720017684,-0.917619197896257,-0.189820716720835,0.391266045861016,-0.371277733430179,-0.166402515872582,0.856392203120998,0.457993841811336,0.658697740989938,1.46353323597054,0.0699221365892854,1.15005398218983,0.678582106168294,-0.636050447543686,-0.691410709471841,1.06309579258781,-0.62541035944936,-0.513246088979342,-0.24069059247955,0.502378437133711,0.48287649739278,0.562023149804395,-0.0041026890859041,-0.036338183323176,-0.296324815106797,-0.508460685888365,0.443145276740837,0.573172900579149,1.30525441526631
1992-12-01,0.000978698257839721,0.000281055888501742,-0.801801925942054,-1.60933421873977,-1.01686013950248,0,-0.0580485874998227,0,-0.536344517476161,0,0,-0.68740857231547,0.466010875657699,-1.11355459140238,-0.707431670906713,-0.836645324192081,-0.326296045366681,-1.1832718881674,-0.501990296116705,-0.723829981976839,-0.719359272286689,-0.729537573292761,-0.613753176657779,-0.773176573778568,-0.398973404719307,-1.11428544017438,-0.189820716720835,0.391266045861016,-0.371277733430179,-0.166402515872582,0.856392203120998,0.457993841811336,0.658697740989938,1.46353323597054,0.0699221365892854,1.15005398218983,0.678582106168294,-0.636050447543686,-0.691410709471841,1.06309579258781,-0.62541035944936,-0.513246088979342,-0.24069059247955,0.502378437133711,0.48287649739278,0.562023149804395,-0.0041026890859041,-0.036338183323176,-0.296324815106797,-0.508460685888365,0.443145276740837,0.573172900579149,1.30525441526631
1993-01-01,NA,5.91654355400697e-05,-0.927770557348216,-2.00584066140862,-1.56442505378262,0,-0.0580485874998227,0,-0.541581401865274,0,0,-0.686542376869917,0.301917074552626,-0.999634729821378,-0.805140371029172,-0.947840686334574,-0.750858409825851,-1.19661936469246,-0.259197291669496,-0.769637917401445,-0.718439818131375,-0.775162818383145,-0.799500125150182,-0.917658450079062,-0.791548404732933,-1.00057041683929,-0.189820716720835,0.391266045861016,-0.371277733430179,-0.166402515872582,0.856392203120998,0.457993841811336,0.658697740989938,1.46353323597054,0.0699221365892854,1.15005398218983,0.678582106168294,-0.636050447543686,-0.691410709471841,1.06309579258781,-0.62541035944936,-0.513246088979342,-0.24069059247955,0.502378437133711,0.48287649739278,0.562023149804395,-0.0041026890859041,-0.036338183323176,-0.296324815106797,-0.508460685888365,0.443145276740837,0.573172900579149,1.30525441526631
1993-02-01,NA,1.06168641114983e-05,-0.887009128318254,-1.23166748019506,0.353931367559621,0,-0.0580485874998227,0,-0.541199071723126,0,0,-0.688360079795709,-0.763622154221795,-0.680852455529483,-0.878504856215026,-1.33147557023774,-1.32954824136295,-0.356710932927479,0.831636866798335,-0.778633486136804,-0.718773681401178,-0.783977361438961,-0.998382262886628,-0.975140217067696,-1.1240263353786,-0.680534858268689,-0.189820716720835,0.391266045861016,-0.371277733430179,-0.166402515872582,0.856392203120998,0.457993841811336,0.658697740989938,1.46353323597054,0.0699221365892854,1.15005398218983,0.678582106168294,-0.636050447543686,-0.691410709471841,1.06309579258781,-0.62541035944936,-0.513246088979342,-0.24069059247955,0.502378437133711,0.48287649739278,0.562023149804395,-0.0041026890859041,-0.036338183323176,-0.296324815106797,-0.508460685888365,0.443145276740837,0.573172900579149,1.30525441526631
1993-03-01,NA,5.69979094076655e-06,-0.843475514283133,-0.117640264916082,1.49410897375712,0,-0.0580485874998227,0,-0.539849386217618,0,0,-0.688324555878065,-1.04195781524945,-0.755079713263447,-0.899175985918755,-1.39717051516955,-2.52760371062074,-0.131412047282263,0.668035827087384,-0.779729478543429,-0.718360294777033,-0.785094301215124,-1.06023452643861,-0.978954145593236,-1.25079976518352,-0.754177736714533,-0.189820716720835,0.391266045861016,-0.371277733430179,-0.166402515872582,0.856392203120998,0.457993841811336,0.658697740989938,1.46353323597054,0.0699221365892854,1.15005398218983,0.678582106168294,-0.636050447543686,-0.691410709471841,1.06309579258781,-0.62541035944936,-0.513246088979342,-0.24069059247955,0.502378437133711,0.48287649739278,0.562023149804395,-0.0041026890859041,-0.036338183323176,-0.296324815106797,-0.508460685888365,0.443145276740837,0.573172900579149,1.30525441526631
1993-04-01,NA,2.72947735191638e-05,-0.453445527020664,0.599836704966589,2.16639076077367,0,-0.0580485874998227,0,-0.531161863659972,0,0,-0.683954972435525,-1.05796515462845,-0.546278014261628,-0.895335540209389,-0.983697763454744,0.274022374059144,0.579015068331127,0.106910592014143,-0.779890629067924,-0.718367265138126,-0.785263181715006,-1.06095995807127,-0.934573395787928,-1.25615845100491,-0.544220885741333,-0.189820716720835,0.391266045861016,-0.371277733430179,-0.166402515872582,0.856392203120998,0.457993841811336,0.658697740989938,1.46353323597054,0.0699221365892854,1.15005398218983,0.678582106168294,-0.636050447543686,-0.691410709471841,1.06309579258781,-0.62541035944936,-0.513246088979342,-0.24069059247955,0.502378437133711,0.48287649739278,0.562023149804395,-0.0041026890859041,-0.036338183323176,-0.296324815106797,-0.508460685888365,0.443145276740837,0.573172900579149,1.30525441526631
1993-05-01,NA,0.000849188571428571,0.7700955611937,1.07178201739257,1.05152267115018,0,-0.0580485874998227,0,-0.50721958914817,0,0,1.46984591752708,-1.03594596188415,-0.568905898140681,-0.739789323431618,0.294000285487492,0.843180422544178,0.62028409806028,-0.0632053124222497,-0.77421187730944,-0.674165757936046,-0.779172346803259,-0.948250467310163,-0.626193091092259,-0.930916978674193,-0.566727842040409,-0.189820716720835,0.391266045861016,-0.371277733430179,-0.166402515872582,0.856392203120998,0.457993841811336,0.658697740989938,1.46353323597054,0.0699221365892854,1.15005398218983,0.678582106168294,-0.636050447543686,-0.691410709471841,1.06309579258781,-0.62541035944936,-0.513246088979342,-0.24069059247955,0.502378437133711,0.48287649739278,0.562023149804395,-0.0041026890859041,-0.036338183323176,-0.296324815106797,-0.508460685888365,0.443145276740837,0.573172900579149,1.30525441526631
1993-06-01,NA,0.0141404186759582,1.97544258513883,1.2227639771894,0.659572985049016,0,-0.0580485874998227,0,2.18223443801361,0,0,1.9941159154617,-0.68881147099572,-0.486048274782644,0.0064324234902609,1.35785432848183,1.11643680944788,0.792233746078627,-0.479680661608765,-0.083561491529945,0.655901451721131,-0.0367873323289274,-0.471137676197697,0.884696796339182,0.52730337252594,-0.483640940107327,-0.189820716720835,0.391266045861016,-0.371277733430179,-0.166402515872582,0.856392203120998,0.457993841811336,0.658697740989938,1.46353323597054,0.0699221365892854,1.15005398218983,0.678582106168294,-0.636050447543686,-0.691410709471841,1.06309579258781,-0.62541035944936,-0.513246088979342,-0.24069059247955,0.502378437133711,0.48287649739278,0.562023149804395,-0.0041026890859041,-0.036338183323176,-0.296324815106797,-0.508460685888365,0.443145276740837,0.573172900579149,1.30525441526631
1993-07-01,NA,0.0224297410452962,1.95029481277093,1.12837098756312,-0.0265445496190925,0,-0.0580485874998227,0,2.84615097732824,0,0,1.14417481698999,-0.646934299190847,-0.575831668780807,0.367539943934231,1.11630971900546,0.0512599385779013,0.580032197992133,-0.501991630764842,1.18676357765024,1.71008209052805,1.25072453191807,0.0183654856662178,1.69509050824354,1.41323967986624,-0.573727366894374,-0.189820716720835,0.391266045861016,-0.371277733430179,-0.166402515872582,0.856392203120998,0.457993841811336,0.658697740989938,1.46353323597054,0.0699221365892854,1.15005398218983,0.678582106168294,-0.636050447543686,-0.691410709471841,1.06309579258781,-0.62541035944936,-0.513246088979342,-0.24069059247955,0.502378437133711,0.48287649739278,0.562023149804395,-0.0041026890859041,-0.036338183323176,-0.296324815106797,-0.508460685888365,0.443145276740837,0.573172900579149,1.30525441526631
1993-08-01,NA,0.0168161092682927,1.0334552097397,0.750731059308501,-0.568534440526061,0,-0.0580485874998227,0,0.943688029988635,0,0,-0.00676138391391734,-0.652708704963686,-0.600024592028835,0.480481977689308,0.995863873679136,-0.262114706964348,0.480607112069728,-0.501991630764842,1.77051296069476,1.76959086847871,1.79349651352554,0.353010589764009,1.544978678685,1.47052785604992,-0.598089672764935,-0.189820716720835,0.391266045861016,-0.371277733430179,-0.166402515872582,0.856392203120998,0.457993841811336,0.658697740989938,1.46353323597054,0.0699221365892854,1.15005398218983,0.678582106168294,-0.636050447543686,-0.691410709471841,1.06309579258781,-0.62541035944936,-0.513246088979342,-0.24069059247955,0.502378437133711,0.48287649739278,0.562023149804395,-0.0041026890859041,-0.036338183323176,-0.296324815106797,-0.508460685888365,0.443145276740837,0.573172900579149,1.30525441526631
1993-09-01,NA,0.0127476827874564,0.346052116411976,0.731833203287551,0.112333833870431,0,-0.0580485874998227,0,0.153530737851224,0,0,-0.322730998545073,-0.462353682759548,-0.5297952845014,0.523669953724543,0.720730089803645,0.320763447079473,0.611139819678382,-0.501991630764842,1.5838200756135,1.18912892494267,1.59777445490694,0.753651737160997,1.18506454149659,1.30927632946542,-0.527697558006791,-0.189820716720835,0.391266045861016,-0.371277733430179,-0.166402515872582,0.856392203120998,0.457993841811336,0.658697740989938,1.46353323597054,0.0699221365892854,1.15005398218983,0.678582106168294,-0.636050447543686,-0.691410709471841,1.06309579258781,-0.62541035944936,-0.513246088979342,-0.24069059247955,0.502378437133711,0.48287649739278,0.562023149804395,-0.0041026890859041,-0.036338183323176,-0.296324815106797,-0.508460685888365,0.443145276740837,0.573172900579149,1.30525441526631
1993-10-01,NA,0.00554473254355401,-0.904981515041809,0.071057353662117,0.287532683760798,0,-0.0580485874998227,0,-0.541609653419676,0,0,-0.690112353086017,-0.174205748941643,-0.690745243048053,0.0555178850572881,-0.275438085755247,0.756438303759224,0.0999667751316172,-0.501991630764842,0.510015832336074,-0.330191291670174,0.516913699909675,0.743986325537581,0.33820378713021,0.589978757218703,-0.689463100725322,-0.189820716720835,0.391266045861016,-0.371277733430179,-0.166402515872582,0.856392203120998,0.457993841811336,0.658697740989938,1.46353323597054,0.0699221365892854,1.15005398218983,0.678582106168294,-0.636050447543686,-0.691410709471841,1.06309579258781,-0.62541035944936,-0.513246088979342,-0.24069059247955,0.502378437133711,0.48287649739278,0.562023149804395,-0.0041026890859041,-0.036338183323176,-0.296324815106797,-0.508460685888365,0.443145276740837,0.573172900579149,1.30525441526631
1993-11-01,NA,0.00135219512195122,-0.933618706992498,-0.7407499226334,-0.414900793970132,0,-0.0580485874998227,0,-0.541609653419676,0,0,-0.690112353086017,0.308863279393953,-0.778875529164023,-0.272972776598556,-0.920179751208766,0.130396767197489,-0.411421032380678,-0.501991630764842,-0.473197342448973,-0.712511759854833,-0.479900899120757,0.246596750157161,-0.423928052147678,-0.0898601445480157,-0.778518313579417,-0.189820716720835,0.391266045861016,-0.371277733430179,-0.166402515872582,0.856392203120998,0.457993841811336,0.658697740989938,1.46353323597054,0.0699221365892854,1.15005398218983,0.678582106168294,-0.636050447543686,-0.691410709471841,1.06309579258781,-0.62541035944936,-0.513246088979342,-0.24069059247955,0.502378437133711,0.48287649739278,0.562023149804395,-0.0041026890859041,-0.036338183323176,-0.296324815106797,-0.508460685888365,0.443145276740837,0.573172900579149,1.30525441526631
1993-12-01,NA,0.000278788013937282,-0.924785525541802,-1.77929295498892,-1.0519817976896,0,-0.0580485874998227,0,-0.541342200096052,0,0,-0.690107942353316,0.925004985948098,-0.987977492110275,-0.627939762831478,-1.28648294502998,-0.398309752352227,-1.16097553691844,-0.501991630764842,-0.719689583927241,-0.719426738741509,-0.726291751518774,-0.362087610559544,-0.775598464622906,-0.624631571550391,-0.988856684116906,-0.189820716720835,0.391266045861016,-0.371277733430179,-0.166402515872582,0.856392203120998,0.457993841811336,0.658697740989938,1.46353323597054,0.0699221365892854,1.15005398218983,0.678582106168294,-0.636050447543686,-0.691410709471841,1.06309579258781,-0.62541035944936,-0.513246088979342,-0.24069059247955,0.502378437133711,0.48287649739278,0.562023149804395,-0.0041026890859041,-0.036338183323176,-0.296324815106797,-0.508460685888365,0.443145276740837,0.573172900579149,1.30525441526631
1994-01-01,NA,5.56532404181185e-05,-0.905391086951906,-1.21287233401781,-0.819097131764323,0,-0.0580485874998227,0,-0.541437711195627,0,0,-0.690110555677134,0.939650398486543,-0.874515261371617,-0.7939220371971,-1.42312180592565,-1.54196712862904,-1.07890321504557,-0.328228656089162,-0.769107904576287,-0.718878928375201,-0.774835666776984,-0.687217067756896,-0.917908983603627,-1.09089322085072,-0.875400987326201,-0.189820716720835,0.391266045861016,-0.371277733430179,-0.166402515872582,0.856392203120998,0.457993841811336,0.658697740989938,1.46353323597054,0.0699221365892854,1.15005398218983,0.678582106168294,-0.636050447543686,-0.691410709471841,1.06309579258781,-0.62541035944936,-0.513246088979342,-0.24069059247955,0.502378437133711,0.48287649739278,0.562023149804395,-0.0041026890859041,-0.036338183323176,-0.296324815106797,-0.508460685888365,0.443145276740837,0.573172900579149,1.30525441526631
1994-02-01,NA,2.07319860627178e-05,-0.627497823853369,-0.476454838215893,-0.0126639016075148,0,-0.0580485874998227,0,-0.537555367584301,0,0,-0.688236025977893,-0.744633695219078,-0.534831432017638,-0.855013783890097,-0.913283493564042,-1.03198275394246,-0.194882024478668,0.426179910726792,-0.778538687712638,-0.718884545544741,-0.783917803544374,-0.9614446476778,-0.951250348526091,-1.244787800546,-0.53440424897117,-0.189820716720835,0.391266045861016,-0.371277733430179,-0.166402515872582,0.856392203120998,0.457993841811336,0.658697740989938,1.46353323597054,0.0699221365892854,1.15005398218983,0.678582106168294,-0.636050447543686,-0.691410709471841,1.06309579258781,-0.62541035944936,-0.513246088979342,-0.24069059247955,0.502378437133711,0.48287649739278,0.562023149804395,-0.0041026890859041,-0.036338183323176,-0.296324815106797,-0.508460685888365,0.443145276740837,0.573172900579149,1.30525441526631
1994-03-01,NA,3.99587456445993e-05,-0.431425385605346,-0.646311619840784,0.174806091081349,0,-0.0580485874998227,0,-0.524331031472856,0,0,-0.646603519855952,-1.04573633687391,-0.613926429117855,-0.878214789423048,-0.886706726864629,-1.60582300327273,0.0343607281541844,0.663712062276476,-0.779738880527932,-0.718313808188584,-0.785106237585566,-1.0256719746019,-0.926582931856023,-1.24961294255386,-0.612898758916792,-0.189820716720835,0.391266045861016,-0.371277733430179,-0.166402515872582,0.856392203120998,0.457993841811336,0.658697740989938,1.46353323597054,0.0699221365892854,1.15005398218983,0.678582106168294,-0.636050447543686,-0.691410709471841,1.06309579258781,-0.62541035944936,-0.513246088979342,-0.24069059247955,0.502378437133711,0.48287649739278,0.562023149804395,-0.0041026890859041,-0.036338183323176,-0.296324815106797,-0.508460685888365,0.443145276740837,0.573172900579149,1.30525441526631
1994-04-01,NA,0.000160517351916376,-0.436467607292086,0.939691871861175,1.78430502439334,0,-0.0580485874998227,0,-0.522016677027997,0,0,-0.522847401757675,-0.934857110583637,-0.391433577550055,-0.820130134138887,0.227921990701097,1.90815753787975,0.769384192171378,-0.00974683016204174,-0.778905697239774,-0.717220851650545,-0.784416221086151,-0.893140117930102,-0.817819873932474,-1.19510760104613,-0.38922130282376,-0.189820716720835,0.391266045861016,-0.371277733430179,-0.166402515872582,0.856392203120998,0.457993841811336,0.658697740989938,1.46353323597054,0.0699221365892854,1.15005398218983,0.678582106168294,-0.636050447543686,-0.691410709471841,1.06309579258781,-0.62541035944936,-0.513246088979342,-0.24069059247955,0.502378437133711,0.48287649739278,0.562023149804395,-0.0041026890859041,-0.036338183323176,-0.296324815106797,-0.508460685888365,0.443145276740837,0.573172900579149,1.30525441526631
1994-05-01,NA,0.000327657700348432,0.177708536617594,0.958493059793938,0.705146850470959,0,-0.0580485874998227,0,-0.515676120035891,0,0,0.138422552213795,-0.967792957299706,-0.415545027980183,-0.795822213428029,0.75108115618458,1.29661859752192,0.807567292570269,0.0219928436952515,-0.778935113459048,-0.715719026965701,-0.78438089989382,-0.8834284510217,-0.75720813819859,-1.13315156833348,-0.413215579100177,-0.189820716720835,0.391266045861016,-0.371277733430179,-0.166402515872582,0.856392203120998,0.457993841811336,0.658697740989938,1.46353323597054,0.0699221365892854,1.15005398218983,0.678582106168294,-0.636050447543686,-0.691410709471841,1.06309579258781,-0.62541035944936,-0.513246088979342,-0.24069059247955,0.502378437133711,0.48287649739278,0.562023149804395,-0.0041026890859041,-0.036338183323176,-0.296324815106797,-0.508460685888365,0.443145276740837,0.573172900579149,1.30525441526631
1994-06-01,NA,0.0139332393031359,2.18134596465025,0.769607391575439,-0.840577558195224,0,-0.0580485874998227,0,1.90608397426207,0,0,3.22269157202024,-0.60187961102086,-0.327255021436251,0.501022917839627,1.46695166950828,0.211281915951247,0.988697291349291,-0.475657356664529,-0.0474438339450746,0.830600403389433,-0.00123930017811538,0.0242494214223703,1.00526290239983,0.673606750042793,-0.324685401686316,-0.189820716720835,0.391266045861016,-0.371277733430179,-0.166402515872582,0.856392203120998,0.457993841811336,0.658697740989938,1.46353323597054,0.0699221365892854,1.15005398218983,0.678582106168294,-0.636050447543686,-0.691410709471841,1.06309579258781,-0.62541035944936,-0.513246088979342,-0.24069059247955,0.502378437133711,0.48287649739278,0.562023149804395,-0.0041026890859041,-0.036338183323176,-0.296324815106797,-0.508460685888365,0.443145276740837,0.573172900579149,1.30525441526631
1994-07-01,NA,0.0212582935191638,2.05079014179415,0.712981793262098,-1.4260471680125,0,-0.0580485874998227,0,3.03159476198521,0,0,1.28100460205987,-0.582768388161791,-0.422925146142962,0.267534609915041,1.24308155072068,-0.360041758051613,0.768251881594358,-0.501991630764842,0.914205935790578,1.2534751137338,1.01017843236388,0.0733812564556317,1.62428851055615,1.21356195134632,-0.420665378850145,-0.189820716720835,0.391266045861016,-0.371277733430179,-0.166402515872582,0.856392203120998,0.457993841811336,0.658697740989938,1.46353323597054,0.0699221365892854,1.15005398218983,0.678582106168294,-0.636050447543686,-0.691410709471841,1.06309579258781,-0.62541035944936,-0.513246088979342,-0.24069059247955,0.502378437133711,0.48287649739278,0.562023149804395,-0.0041026890859041,-0.036338183323176,-0.296324815106797,-0.508460685888365,0.443145276740837,0.573172900579149,1.30525441526631
1994-08-01,NA,0.0186240066898955,1.18771108587718,0.599680752152444,-1.20136403952739,0,-0.0580485874998227,0,1.09708904789423,0,0,0.322184033395994,-0.64109049883367,-0.448705133152252,0.55134775807167,1.15578281705807,-0.605675628212086,0.666002704457901,-0.501991630764842,1.87407586293191,2.10294461945478,1.9026025278266,0.747793484887405,1.63092950131954,1.55842309916767,-0.446617035289455,-0.189820716720835,0.391266045861016,-0.371277733430179,-0.166402515872582,0.856392203120998,0.457993841811336,0.658697740989938,1.46353323597054,0.0699221365892854,1.15005398218983,0.678582106168294,-0.636050447543686,-0.691410709471841,1.06309579258781,-0.62541035944936,-0.513246088979342,-0.24069059247955,0.502378437133711,0.48287649739278,0.562023149804395,-0.0041026890859041,-0.036338183323176,-0.296324815106797,-0.508460685888365,0.443145276740837,0.573172900579149,1.30525441526631
1994-09-01,NA,0.0148930720557491,0.540330072257472,0.731852838992964,-0.615948592731827,0,-0.0580485874998227,0,0.38589747795717,0,0,-0.223817756230842,-0.371192437716332,-0.373870897113739,0.633108720606814,0.892669227418621,-0.237326422769048,0.800280672057533,-0.501991630764842,1.8860868536843,1.58665922530088,1.89031345593338,1.44593066355784,1.40377628996199,1.4291818653233,-0.371618516381312,-0.189820716720835,0.391266045861016,-0.371277733430179,-0.166402515872582,0.856392203120998,0.457993841811336,0.658697740989938,1.46353323597054,0.0699221365892854,1.15005398218983,0.678582106168294,-0.636050447543686,-0.691410709471841,1.06309579258781,-0.62541035944936,-0.513246088979342,-0.24069059247955,0.502378437133711,0.48287649739278,0.562023149804395,-0.0041026890859041,-0.036338183323176,-0.296324815106797,-0.508460685888365,0.443145276740837,0.573172900579149,1.30525441526631
1994-10-01,NA,0.00736744139372822,-0.470055781873834,-0.117741086711183,0.63003200202864,0,-0.0580485874998227,0,-0.517548813632195,0,0,-0.368352840053596,-0.11166240078572,-0.545372922151207,0.335865860927446,0.367396003363795,1.24565108772049,0.27215973761221,-0.501991630764842,0.93144674421185,0.0626134895873282,0.912967786632376,1.41188995922666,0.671717355317497,0.905620691049951,-0.543959499438067,-0.189820716720835,0.391266045861016,-0.371277733430179,-0.166402515872582,0.856392203120998,0.457993841811336,0.658697740989938,1.46353323597054,0.0699221365892854,1.15005398218983,0.678582106168294,-0.636050447543686,-0.691410709471841,1.06309579258781,-0.62541035944936,-0.513246088979342,-0.24069059247955,0.502378437133711,0.48287649739278,0.562023149804395,-0.0041026890859041,-0.036338183323176,-0.296324815106797,-0.508460685888365,0.443145276740837,0.573172900579149,1.30525441526631
1994-11-01,NA,0.00261869268292683,-0.82370495811671,-0.81630962750076,-0.304389547375525,0,-0.0580485874998227,0,-0.535545677345636,0,0,-0.6849446668847,0.126335179568401,-0.639281676593594,-0.0934081383969377,-0.488097658807212,0.296553994725823,-0.254867744146743,-0.501991630764842,-0.153710863820171,-0.613367200958191,-0.184017931166758,0.817504960812999,-0.0714434932070432,0.284933397491593,-0.638816037690245,-0.189820716720835,0.391266045861016,-0.371277733430179,-0.166402515872582,0.856392203120998,0.457993841811336,0.658697740989938,1.46353323597054,0.0699221365892854,1.15005398218983,0.678582106168294,-0.636050447543686,-0.691410709471841,1.06309579258781,-0.62541035944936,-0.513246088979342,-0.24069059247955,0.502378437133711,0.48287649739278,0.562023149804395,-0.0041026890859041,-0.036338183323176,-0.296324815106797,-0.508460685888365,0.443145276740837,0.573172900579149,1.30525441526631
1994-12-01,NA,0.000656419233449477,-0.851980499553229,-1.13733792900166,-1.21374083946678,0,-0.0580485874998227,0,-0.540500097834731,0,0,-0.64797350982422,0.184703954621252,-0.86209327167508,-0.506282483534468,-0.394317120298049,-0.217098304859748,-1.02656581460714,-0.501991630764842,-0.633376956008811,-0.715154810315393,-0.64757844872282,-0.215566177746093,-0.593316904451425,-0.133993446166294,-0.862889083531483,-0.189820716720835,0.391266045861016,-0.371277733430179,-0.166402515872582,0.856392203120998,0.457993841811336,0.658697740989938,1.46353323597054,0.0699221365892854,1.15005398218983,0.678582106168294,-0.636050447543686,-0.691410709471841,1.06309579258781,-0.62541035944936,-0.513246088979342,-0.24069059247955,0.502378437133711,0.48287649739278,0.562023149804395,-0.0041026890859041,-0.036338183323176,-0.296324815106797,-0.508460685888365,0.443145276740837,0.573172900579149,1.30525441526631
1995-01-01,NA,0.000137637909407666,-0.9319205614426,-1.62828154163397,-1.02960524798945,0,-0.0580485874998227,0,-0.541581971337403,0,0,-0.688817406986552,0.966731100501927,-0.646225752467414,-0.678194219401439,-1.040090133847,-0.47126988728354,-0.973649863352368,-0.501159010539204,-0.74976906884244,-0.719322693537623,-0.757451741330277,-0.475023637141738,-0.84251437250302,-0.59521521567579,-0.647246833871394,-0.189820716720835,0.391266045861016,-0.371277733430179,-0.166402515872582,0.856392203120998,0.457993841811336,0.658697740989938,1.46353323597054,0.0699221365892854,1.15005398218983,0.678582106168294,-0.636050447543686,-0.691410709471841,1.06309579258781,-0.62541035944936,-0.513246088979342,-0.24069059247955,0.502378437133711,0.48287649739278,0.562023149804395,-0.0041026890859041,-0.036338183323176,-0.296324815106797,-0.508460685888365,0.443145276740837,0.573172900579149,1.30525441526631
1995-02-01,NA,2.94622996515679e-05,-0.933401748345452,-1.55268445340438,-0.1412334136269,0,-0.0580485874998227,0,-0.541609653419676,0,0,-0.689772223528284,0.41462089578342,-0.268407356157083,-0.810893403716034,-1.30448779818555,-1.90258751692107,-0.0748126744001251,-0.122524056735589,-0.774426555521899,-0.719301284797962,-0.780255474446384,-0.786137359403678,-0.942409569395105,-0.954031342782782,-0.268145020359965,-0.189820716720835,0.391266045861016,-0.371277733430179,-0.166402515872582,0.856392203120998,0.457993841811336,0.658697740989938,1.46353323597054,0.0699221365892854,1.15005398218983,0.678582106168294,-0.636050447543686,-0.691410709471841,1.06309579258781,-0.62541035944936,-0.513246088979342,-0.24069059247955,0.502378437133711,0.48287649739278,0.562023149804395,-0.0041026890859041,-0.036338183323176,-0.296324815106797,-0.508460685888365,0.443145276740837,0.573172900579149,1.30525441526631
1995-03-01,NA,5.4388850174216e-06,-0.843447224173743,-0.0799234733055553,1.35911902424317,0,-0.0580485874998227,0,-0.540229339407168,0,0,-0.689766885062551,-0.925092536969463,-0.356385912224879,-0.878615734944226,-1.42429780700796,-1.68244314176287,0.164104160973173,0.952832825685579,-0.779349017078395,-0.718731121308892,-0.784749052321523,-1.02332374963518,-0.981729888583012,-1.19029203693419,-0.355488950721601,-0.189820716720835,0.391266045861016,-0.371277733430179,-0.166402515872582,0.856392203120998,0.457993841811336,0.658697740989938,1.46353323597054,0.0699221365892854,1.15005398218983,0.678582106168294,-0.636050447543686,-0.691410709471841,1.06309579258781,-0.62541035944936,-0.513246088979342,-0.24069059247955,0.502378437133711,0.48287649739278,0.562023149804395,-0.0041026890859041,-0.036338183323176,-0.296324815106797,-0.508460685888365,0.443145276740837,0.573172900579149,1.30525441526631
1995-04-01,NA,3.95974912891986e-05,-0.392728825180896,0.977421502202165,1.82957384995682,0,-0.0580485874998227,0,-0.528182688651633,0,0,-0.679857357866606,-1.05062068496793,-0.108913680646523,-0.867727917309931,-0.813706994413745,0.615061553888065,0.923056704024613,0.34070774480537,-0.779853109726721,-0.718360617329147,-0.785228127770186,-1.02854984551341,-0.918544547851577,-1.25202908171964,-0.106820643181254,-0.189820716720835,0.391266045861016,-0.371277733430179,-0.166402515872582,0.856392203120998,0.457993841811336,0.658697740989938,1.46353323597054,0.0699221365892854,1.15005398218983,0.678582106168294,-0.636050447543686,-0.691410709471841,1.06309579258781,-0.62541035944936,-0.513246088979342,-0.24069059247955,0.502378437133711,0.48287649739278,0.562023149804395,-0.0041026890859041,-0.036338183323176,-0.296324815106797,-0.508460685888365,0.443145276740837,0.573172900579149,1.30525441526631
1995-05-01,NA,0.000538429547038327,0.391849682394032,0.996211361843343,0.754731919384344,0,-0.0580485874998227,0,-0.513365484744348,0,0,0.535442182624872,-0.775782522407981,-0.135729685771035,-0.745035071907844,0.698377886492618,1.6605777732893,0.965782974290957,0.0297123379148659,-0.777271558925227,-0.712997672107099,-0.782626465965824,-0.850393580245662,-0.688939158619205,-0.934898195769216,-0.133506415092722,-0.189820716720835,0.391266045861016,-0.371277733430179,-0.166402515872582,0.856392203120998,0.457993841811336,0.658697740989938,1.46353323597054,0.0699221365892854,1.15005398218983,0.678582106168294,-0.636050447543686,-0.691410709471841,1.06309579258781,-0.62541035944936,-0.513246088979342,-0.24069059247955,0.502378437133711,0.48287649739278,0.562023149804395,-0.0041026890859041,-0.036338183323176,-0.296324815106797,-0.508460685888365,0.443145276740837,0.573172900579149,1.30525441526631
1995-06-01,NA,0.00757431972125436,1.33969804446755,1.22273867733819,-0.0400603429569289,0,-0.0580485874998227,0,0.504011302406009,0,0,2.17095612775952,-0.549433039958166,-0.03752385035882,-0.0713714638893134,1.30248799074055,0.751228587580314,1.14861255314026,-0.386611920745303,-0.188708208868343,0.478799530346936,-0.152346135241425,-0.289456222863461,0.37451346929358,0.507451581889623,-0.035072568843237,-0.189820716720835,0.391266045861016,-0.371277733430179,-0.166402515872582,0.856392203120998,0.457993841811336,0.658697740989938,1.46353323597054,0.0699221365892854,1.15005398218983,0.678582106168294,-0.636050447543686,-0.691410709471841,1.06309579258781,-0.62541035944936,-0.513246088979342,-0.24069059247955,0.502378437133711,0.48287649739278,0.562023149804395,-0.0041026890859041,-0.036338183323176,-0.296324815106797,-0.508460685888365,0.443145276740837,0.573172900579149,1.30525441526631
1995-07-01,NA,0.0148817326829268,1.7795295985605,0.788522240033764,-0.246484410351282,0,-0.0580485874998227,0,1.48171501532186,0,0,1.66687508545163,-0.572564841387275,-0.14393577675638,0.227067004819059,1.3291524470866,0.256169510176765,0.923961995383855,-0.501991630764842,0.844709384013805,1.348883392425,0.932927950959934,-0.0722343332700073,1.28560956643057,1.25222462407168,-0.141787226014394,-0.189820716720835,0.391266045861016,-0.371277733430179,-0.166402515872582,0.856392203120998,0.457993841811336,0.658697740989938,1.46353323597054,0.0699221365892854,1.15005398218983,0.678582106168294,-0.636050447543686,-0.691410709471841,1.06309579258781,-0.62541035944936,-0.513246088979342,-0.24069059247955,0.502378437133711,0.48287649739278,0.562023149804395,-0.0041026890859041,-0.036338183323176,-0.296324815106797,-0.508460685888365,0.443145276740837,0.573172900579149,1.30525441526631
1995-08-01,NA,0.0244402620209059,1.96226631574965,0.543146535391217,-1.07615216387088,0,-0.0580485874998227,0,2.50937200494011,0,0,0.353099053360281,-0.666304687884639,-0.172608339360425,0.270625424614221,1.16884058605305,-0.536679377816371,0.819231762820701,-0.501991630764842,2.06192931781487,2.42143547772555,2.04464364873462,0.27841458242797,2.16623930991751,1.62876848702836,-0.170630928978266,-0.189820716720835,0.391266045861016,-0.371277733430179,-0.166402515872582,0.856392203120998,0.457993841811336,0.658697740989938,1.46353323597054,0.0699221365892854,1.15005398218983,0.678582106168294,-0.636050447543686,-0.691410709471841,1.06309579258781,-0.62541035944936,-0.513246088979342,-0.24069059247955,0.502378437133711,0.48287649739278,0.562023149804395,-0.0041026890859041,-0.036338183323176,-0.296324815106797,-0.508460685888365,0.443145276740837,0.573172900579149,1.30525441526631
1995-09-01,NA,0.0153042397212544,0.019084997490405,0.694097153581331,0.163334520078623,0,-0.0580485874998227,0,0.129497856562183,0,0,-0.32137348186,-0.292171871728807,-0.0893732795171757,0.778398015675148,0.483021894774077,0.227200710012866,0.95651028381164,-0.501991630587886,2.20222933176855,1.47534607333906,2.15626426943884,1.68954308197276,1.49692031250611,1.3326319269369,-0.0872392987733172,-0.189820716720835,0.391266045861016,-0.371277733430179,-0.166402515872582,0.856392203120998,0.457993841811336,0.658697740989938,1.46353323597054,0.0699221365892854,1.15005398218983,0.678582106168294,-0.636050447543686,-0.691410709471841,1.06309579258781,-0.62541035944936,-0.513246088979342,-0.24069059247955,0.502378437133711,0.48287649739278,0.562023149804395,-0.0041026890859041,-0.036338183323176,-0.296324815106797,-0.508460685888365,0.443145276740837,0.573172900579149,1.30525441526631
1995-10-01,NA,0.00605365965156794,-0.485333940489565,0.222107660818172,0.0746855099693674,0,-0.0580485874998227,0,-0.534277458333636,0,0,-0.392627412307925,-0.0771788140440356,-0.280131335331352,0.181065313061958,0.218508763794827,0.939168237719275,0.412003993590831,-0.501991630764842,0.615041324531903,-0.176158408000359,0.608194536071631,1.00433078234877,0.445212893166667,0.724849397506785,-0.278835923238367,-0.189820716720835,0.391266045861016,-0.371277733430179,-0.166402515872582,0.856392203120998,0.457993841811336,0.658697740989938,1.46353323597054,0.0699221365892854,1.15005398218983,0.678582106168294,-0.636050447543686,-0.691410709471841,1.06309579258781,-0.62541035944936,-0.513246088979342,-0.24069059247955,0.502378437133711,0.48287649739278,0.562023149804395,-0.0041026890859041,-0.036338183323176,-0.296324815106797,-0.508460685888365,0.443145276740837,0.573172900579149,1.30525441526631
1995-11-01,NA,0.0018768568641115,-0.877115342945208,-0.929573662857904,-0.795903112922106,0,-0.0580485874998227,0,-0.540099688881305,0,0,-0.687841759742148,0.173996887136288,-0.384584398332179,-0.269356204423585,-0.543704801369601,-0.0448793004764379,-0.130021380478875,-0.501991630764842,-0.354262004100057,-0.67216983272178,-0.357773097327015,0.207717878104834,-0.304551657522885,0.139768365338898,-0.38425696479921,-0.189820716720835,0.391266045861016,-0.371277733430179,-0.166402515872582,0.856392203120998,0.457993841811336,0.658697740989938,1.46353323597054,0.0699221365892854,1.15005398218983,0.678582106168294,-0.636050447543686,-0.691410709471841,1.06309579258781,-0.62541035944936,-0.513246088979342,-0.24069059247955,0.502378437133711,0.48287649739278,0.562023149804395,-0.0041026890859041,-0.036338183323176,-0.296324815106797,-0.508460685888365,0.443145276740837,0.573172900579149,1.30525441526631
1995-12-01,NA,0.000400550801393728,-0.928636547758534,-1.89256378732101,-1.12838541205995,0,-0.0580485874998227,0,-0.541520636109014,0,0,-0.689682564957627,0.988539744617944,-0.632407770782267,-0.539323601208765,-1.02846765635257,-0.419625619507784,-0.931834176917827,-0.501991630764842,-0.69250226253194,-0.719090997456241,-0.698570553260492,-0.217850006383577,-0.725558420621658,-0.347397181220032,-0.633364639216691,-0.189820716720835,0.391266045861016,-0.371277733430179,-0.166402515872582,0.856392203120998,0.457993841811336,0.658697740989938,1.46353323597054,0.0699221365892854,1.15005398218983,0.678582106168294,-0.636050447543686,-0.691410709471841,1.06309579258781,-0.62541035944936,-0.513246088979342,-0.24069059247955,0.502378437133711,0.48287649739278,0.562023149804395,-0.0041026890859041,-0.036338183323176,-0.296324815106797,-0.508460685888365,0.443145276740837,0.573172900579149,1.30525441526631
1996-01-01,NA,7.82717770034843e-05,-0.920688911975108,-1.74151348016496,-0.937359813239025,0,-0.0580485874998227,0,-0.541600917747228,0,0,-0.690012603437413,0.976031074986759,-0.562263016000942,-0.76555201377338,-1.34159891015013,-0.577682071303803,-0.8876393847912,-0.404198733564792,-0.764458598482037,-0.719301878010368,-0.770116260373372,-0.655477344960483,-0.900366983653146,-0.850810147440811,-0.563236231616892,-0.189820716720835,0.391266045861016,-0.371277733430179,-0.166402515872582,0.856392203120998,0.457993841811336,0.658697740989938,1.46353323597054,0.0699221365892854,1.15005398218983,0.678582106168294,-0.636050447543686,-0.691410709471841,1.06309579258781,-0.62541035944936,-0.513246088979342,-0.24069059247955,0.502378437133711,0.48287649739278,0.562023149804395,-0.0041026890859041,-0.036338183323176,-0.296324815106797,-0.508460685888365,0.443145276740837,0.573172900579149,1.30525441526631
1996-02-01,NA,1.60356794425087e-05,-0.858304799743203,-1.83585624769855,-0.400277092098476,0,-0.0580485874998227,0,-0.539956407395639,0,0,-0.689542349267683,-0.532812621845359,-0.264817031543398,-0.855244562720569,-1.39681863274618,-1.96046266494385,-0.120080027874062,0.567658742197135,-0.777810735809012,-0.718954114068774,-0.78317811237423,-0.944854577233016,-0.962546539623932,-1.19954908464553,-0.264654599374676,-0.189820716720835,0.391266045861016,-0.371277733430179,-0.166402515872582,0.856392203120998,0.457993841811336,0.658697740989938,1.46353323597054,0.0699221365892854,1.15005398218983,0.678582106168294,-0.636050447543686,-0.691410709471841,1.06309579258781,-0.62541035944936,-0.513246088979342,-0.24069059247955,0.502378437133711,0.48287649739278,0.562023149804395,-0.0041026890859041,-0.036338183323176,-0.296324815106797,-0.508460685888365,0.443145276740837,0.573172900579149,1.30525441526631
1996-03-01,NA,1.32259233449477e-05,-0.579999760139631,-0.193155789446263,1.17692969067909,0,-0.0580485874998227,0,-0.535434327437708,0,0,-0.686627519906005,-1.034229968534,-0.261663708064248,-0.876913715792697,-1.13070497587853,-1.96651032114899,0.282411256964258,0.887395139612266,-0.779648786908671,-0.718365133143728,-0.785010829357836,-1.03348050379143,-0.960794644040128,-1.24998272770786,-0.260668095616262,-0.189820716720835,0.391266045861016,-0.371277733430179,-0.166402515872582,0.856392203120998,0.457993841811336,0.658697740989938,1.46353323597054,0.0699221365892854,1.15005398218983,0.678582106168294,-0.636050447543686,-0.691410709471841,1.06309579258781,-0.62541035944936,-0.513246088979342,-0.24069059247955,0.502378437133711,0.48287649739278,0.562023149804395,-0.0041026890859041,-0.036338183323176,-0.296324815106797,-0.508460685888365,0.443145276740837,0.573172900579149,1.30525441526631
1996-04-01,NA,0.000187189965156794,0.01418981018445,0.184466013541821,0.115109021507152,0,-0.0580485874998227,0,-0.50989775460559,0,0,-0.176400380099842,-1.04752221470136,-0.0050047479812288,-0.836875751095511,0.521754475478233,0.939228853191785,1.05941753812847,0.192869181163165,-0.779718451307855,-0.716969073434304,-0.785105622209511,-0.987130390050413,-0.79979286637193,-1.22655227796245,-0.0027897648020099,-0.189820716720835,0.391266045861016,-0.371277733430179,-0.166402515872582,0.856392203120998,0.457993841811336,0.658697740989938,1.46353323597054,0.0699221365892854,1.15005398218983,0.678582106168294,-0.636050447543686,-0.691410709471841,1.06309579258781,-0.62541035944936,-0.513246088979342,-0.24069059247955,0.502378437133711,0.48287649739278,0.562023149804395,-0.0041026890859041,-0.036338183323176,-0.296324815106797,-0.508460685888365,0.443145276740837,0.573172900579149,1.30525441526631
1996-05-01,NA,0.00116089087108014,0.382340985562596,0.561974156004343,0.294420807173206,0,-0.0580485874998227,0,-0.510992019948535,0,0,1.66487229040717,-0.207597486731975,-0.0328164997068365,-0.501741856719043,1.48042267634271,1.62625081792006,1.10090049516959,-0.472773564682635,-0.754433409755794,-0.650698531583854,-0.76099749557336,-0.436193672110584,-0.441857544593087,-0.319729571297713,-0.0304714736492299,-0.189820716720835,0.391266045861016,-0.371277733430179,-0.166402515872582,0.856392203120998,0.457993841811336,0.658697740989938,1.46353323597054,0.0699221365892854,1.15005398218983,0.678582106168294,-0.636050447543686,-0.691410709471841,1.06309579258781,-0.62541035944936,-0.513246088979342,-0.24069059247955,0.502378437133711,0.48287649739278,0.562023149804395,-0.0041026890859041,-0.036338183323176,-0.296324815106797,-0.508460685888365,0.443145276740837,0.573172900579149,1.30525441526631
1996-06-01,NA,0.0106006076655052,1.57746176700874,0.788509778913022,0.306902636276419,0,-0.0580485874998227,0,1.41566351844766,0,0,1.96556769299023,-0.467441937384302,0.0690358544809099,0.00467283193821915,1.32051986154097,1.23351961267038,1.2887850816933,-0.501991630764842,-0.262407981788791,0.440516909723356,-0.236918553026129,-0.152057554716423,0.579548556329768,0.730091995612468,0.0716119172118945,-0.189820716720835,0.391266045861016,-0.371277733430179,-0.166402515872582,0.856392203120998,0.457993841811336,0.658697740989938,1.46353323597054,0.0699221365892854,1.15005398218983,0.678582106168294,-0.636050447543686,-0.691410709471841,1.06309579258781,-0.62541035944936,-0.513246088979342,-0.24069059247955,0.502378437133711,0.48287649739278,0.562023149804395,-0.0041026890859041,-0.036338183323176,-0.296324815106797,-0.508460685888365,0.443145276740837,0.573172900579149,1.30525441526631
1996-07-01,NA,0.0210716655052265,1.9241725989172,0.750761268086059,-0.589199124751814,0,-0.0580485874998227,0,2.78524414562541,0,0,1.41590449204858,-0.543385944398557,-0.0413269805781777,0.334284478981342,1.18057708742468,0.0117981179541388,1.05683467224276,-0.501991630764842,0.928192615291316,1.51463791180972,0.998360044891132,0.0152782977073698,1.61966206950573,1.34783787287272,-0.039061248403287,-0.189820716720835,0.391266045861016,-0.371277733430179,-0.166402515872582,0.856392203120998,0.457993841811336,0.658697740989938,1.46353323597054,0.0699221365892854,1.15005398218983,0.678582106168294,-0.636050447543686,-0.691410709471841,1.06309579258781,-0.62541035944936,-0.513246088979342,-0.24069059247955,0.502378437133711,0.48287649739278,0.562023149804395,-0.0041026890859041,-0.036338183323176,-0.296324815106797,-0.508460685888365,0.443145276740837,0.573172900579149,1.30525441526631
1996-08-01,NA,0.0265250609059233,2.12583963089994,0.637484016388733,-0.959512018133327,0,-0.0580485874998227,0,3.01688009488946,0,0,0.399562335234712,-0.704226835441142,-0.0710642685528254,0.179655421984819,1.13816105557835,-0.768921017019356,0.950310152205587,-0.501991630764842,2.26692783411047,2.60356916403033,2.23264133546469,0.25091349314959,2.42536586526987,1.65537175232448,-0.0689732989813728,-0.189820716720835,0.391266045861016,-0.371277733430179,-0.166402515872582,0.856392203120998,0.457993841811336,0.658697740989938,1.46353323597054,0.0699221365892854,1.15005398218983,0.678582106168294,-0.636050447543686,-0.691410709471841,1.06309579258781,-0.62541035944936,-0.513246088979342,-0.24069059247955,0.502378437133711,0.48287649739278,0.562023149804395,-0.0041026890859041,-0.036338183323176,-0.296324815106797,-0.508460685888365,0.443145276740837,0.573172900579149,1.30525441526631
1996-09-01,NA,0.0139386581184669,0.331668449830789,0.505286629697008,-0.457450635844045,0,-0.0580485874998227,0,0.018331838157096,0,0,0.145916043178557,-0.482941797987532,0.0152605985142494,0.433875077760944,0.740154242565436,0.113329493615072,1.09250273397008,-0.501991630764842,2.00213839368284,1.2787679622285,1.93557276013658,1.62189270552258,1.46675588789534,1.35925719652577,0.0175139457492476,-0.189820716720835,0.391266045861016,-0.371277733430179,-0.166402515872582,0.856392203120998,0.457993841811336,0.658697740989938,1.46353323597054,0.0699221365892854,1.15005398218983,0.678582106168294,-0.636050447543686,-0.691410709471841,1.06309579258781,-0.62541035944936,-0.513246088979342,-0.24069059247955,0.502378437133711,0.48287649739278,0.562023149804395,-0.0041026890859041,-0.036338183323176,-0.296324815106797,-0.508460685888365,0.443145276740837,0.573172900579149,1.30525441526631
1996-10-01,NA,0.00747533602787457,-0.534118245918339,0.108854953752612,0.0356919022045791,0,-0.0580485874998227,0,-0.532280460538176,0,0,-0.606761654253689,-0.0773774697939989,-0.182578473755333,0.327751518346677,0.18240744959513,0.798011563342055,0.534299803310733,-0.501991630764842,1.00927256038416,0.106766042170082,0.972095965842975,1.67538422833242,0.707516702585927,0.913618271822669,-0.181184611300125,-0.189820716720835,0.391266045861016,-0.371277733430179,-0.166402515872582,0.856392203120998,0.457993841811336,0.658697740989938,1.46353323597054,0.0699221365892854,1.15005398218983,0.678582106168294,-0.636050447543686,-0.691410709471841,1.06309579258781,-0.62541035944936,-0.513246088979342,-0.24069059247955,0.502378437133711,0.48287649739278,0.562023149804395,-0.0041026890859041,-0.036338183323176,-0.296324815106797,-0.508460685888365,0.443145276740837,0.573172900579149,1.30525441526631
1996-11-01,NA,0.00310199080139373,-0.532711764332596,-0.627485509666536,-0.812837299403686,0,-0.0580485874998227,0,-0.539209216279431,0,0,-0.380796068000439,-0.0793968252126445,-0.290908759588088,-0.15591280938328,0.242920139916382,0.434176373768448,-0.0181362821146541,-0.501991630764842,-0.0717256198802945,-0.443386723355127,-0.0890383913044965,0.662010069422497,-0.0067042354555211,0.550427397423334,-0.290496305304621,-0.189820716720835,0.391266045861016,-0.371277733430179,-0.166402515872582,0.856392203120998,0.457993841811336,0.658697740989938,1.46353323597054,0.0699221365892854,1.15005398218983,0.678582106168294,-0.636050447543686,-0.691410709471841,1.06309579258781,-0.62541035944936,-0.513246088979342,-0.24069059247955,0.502378437133711,0.48287649739278,0.562023149804395,-0.0041026890859041,-0.036338183323176,-0.296324815106797,-0.508460685888365,0.443145276740837,0.573172900579149,1.30525441526631
1996-12-01,NA,0.00100729756097561,-0.922470233892934,-1.77928691323341,-1.20763768738342,0,-0.0580485874998227,0,-0.541478201961297,0,0,-0.689821284279904,0.384371458111618,-0.547932923611263,-0.39930375284134,-0.64265255937499,-0.418217228188197,-0.835484296104967,-0.501991630764842,-0.551442196855308,-0.693719677296461,-0.558359780212458,0.339954624890991,-0.514730543793838,0.0889467383667339,-0.548819660080261,-0.189820716720835,0.391266045861016,-0.371277733430179,-0.166402515872582,0.856392203120998,0.457993841811336,0.658697740989938,1.46353323597054,0.0699221365892854,1.15005398218983,0.678582106168294,-0.636050447543686,-0.691410709471841,1.06309579258781,-0.62541035944936,-0.513246088979342,-0.24069059247955,0.502378437133711,0.48287649739278,0.562023149804395,-0.0041026890859041,-0.036338183323176,-0.296324815106797,-0.508460685888365,0.443145276740837,0.573172900579149,1.30525441526631
1997-01-01,NA,0.000217394843205575,-0.856857988276311,-1.74150706079973,-1.00096038823832,0,-0.0580485874998227,0,-0.540378704249868,0,0,-0.689374763691516,0.743639966756866,-0.568666593530041,-0.667955451327922,-1.01748117938148,-0.459068612598419,-0.834109924546046,-0.501991630764842,-0.734279941063892,-0.719261561098216,-0.740533920831549,-0.303108494826688,-0.806375691748854,-0.377971317072151,-0.569518873347659,-0.189820716720835,0.391266045861016,-0.371277733430179,-0.166402515872582,0.856392203120998,0.457993841811336,0.658697740989938,1.46353323597054,0.0699221365892854,1.15005398218983,0.678582106168294,-0.636050447543686,-0.691410709471841,1.06309579258781,-0.62541035944936,-0.513246088979342,-0.24069059247955,0.502378437133711,0.48287649739278,0.562023149804395,-0.0041026890859041,-0.036338183323176,-0.296324815106797,-0.508460685888365,0.443145276740837,0.573172900579149,1.30525441526631
1997-02-01,NA,4.65817421602787e-05,-0.908725386841433,-1.36381615523298,-0.347670825533847,0,-0.0580485874998227,0,-0.541294564437255,0,0,-0.688128001519112,0.719321347718506,-0.177892450153399,-0.792192556023573,-1.23956582518737,-0.176662618604745,0.0947958901632245,-0.0540717108352883,-0.771814369130336,-0.719332457548372,-0.777384222007969,-0.678949788207134,-0.927557501353503,-0.797193410110203,-0.177417863506999,-0.189820716720835,0.391266045861016,-0.371277733430179,-0.166402515872582,0.856392203120998,0.457993841811336,0.658697740989938,1.46353323597054,0.0699221365892854,1.15005398218983,0.678582106168294,-0.636050447543686,-0.691410709471841,1.06309579258781,-0.62541035944936,-0.513246088979342,-0.24069059247955,0.502378437133711,0.48287649739278,0.562023149804395,-0.0041026890859041,-0.036338183323176,-0.296324815106797,-0.508460685888365,0.443145276740837,0.573172900579149,1.30525441526631
1997-03-01,NA,4.58592334494774e-05,-0.288631824677741,-0.306432663533871,1.16281339427453,0,-0.0580485874998227,0,-0.524223525157399,0,0,-0.660464602352232,-0.923772545278301,-0.26888805740507,-0.854451562589373,-0.501219942110981,-0.227444263917558,0.349206021134171,0.597924844971736,-0.778895641047514,-0.718685671761076,-0.784249633139139,-0.973713764039671,-0.917206261262574,-1.19650688567233,-0.267742148928949,-0.189820716720835,0.391266045861016,-0.371277733430179,-0.166402515872582,0.856392203120998,0.457993841811336,0.658697740989938,1.46353323597054,0.0699221365892854,1.15005398218983,0.678582106168294,-0.636050447543686,-0.691410709471841,1.06309579258781,-0.62541035944936,-0.513246088979342,-0.24069059247955,0.502378437133711,0.48287649739278,0.562023149804395,-0.0041026890859041,-0.036338183323176,-0.296324815106797,-0.508460685888365,0.443145276740837,0.573172900579149,1.30525441526631
1997-04-01,NA,0.00144092320557491,0.647499957149173,0.033410042239973,1.72534206000607,0,-0.0580485874998227,0,-0.494494753204196,0,0,2.20973698981692,-0.628288578441803,-0.0129297519336301,-0.484596227036763,1.23211472570712,2.34684365183964,1.13883150674383,-0.21592820557083,-0.73254685311207,-0.583956814518158,-0.73539154088877,-0.411364582285646,-0.388376088784339,-0.382946321877945,-0.0105361988417552,-0.189820716720835,0.391266045861016,-0.371277733430179,-0.166402515872582,0.856392203120998,0.457993841811336,0.658697740989938,1.46353323597054,0.0699221365892854,1.15005398218983,0.678582106168294,-0.636050447543686,-0.691410709471841,1.06309579258781,-0.62541035944936,-0.513246088979342,-0.24069059247955,0.502378437133711,0.48287649739278,0.562023149804395,-0.0041026890859041,-0.036338183323176,-0.296324815106797,-0.508460685888365,0.443145276740837,0.573172900579149,1.30525441526631
1997-05-01,NA,0.00476691177700348,0.917609138837807,1.07175180861501,0.973633106053935,0,-0.0580485874998227,0,0.148551419015285,0,0,1.65483408624968,-0.332994798019219,-0.0406653771318125,-0.15842398624997,1.17016956866437,1.77994720337058,1.17942477129221,-0.501991630764842,-0.471793361265275,-0.0566452071272754,-0.461808962605255,-0.301202663677656,0.0246107777315771,0.479624440844841,-0.0381439304333346,-0.189820716720835,0.391266045861016,-0.371277733430179,-0.166402515872582,0.856392203120998,0.457993841811336,0.658697740989938,1.46353323597054,0.0699221365892854,1.15005398218983,0.678582106168294,-0.636050447543686,-0.691410709471841,1.06309579258781,-0.62541035944936,-0.513246088979342,-0.24069059247955,0.502378437133711,0.48287649739278,0.562023149804395,-0.0041026890859041,-0.036338183323176,-0.296324815106797,-0.508460685888365,0.443145276740837,0.573172900579149,1.30525441526631
1997-06-01,NA,0.0129797485714286,1.2614695189377,1.22274509670342,0.662822452362748,0,-0.0580485874998227,0,1.29151243203168,0,0,0.834659833320225,-0.414601936600703,0.0609086212800812,0.369136328885227,1.08817734951685,1.01626652666965,1.36671270117238,-0.501991630764842,0.505432034966958,1.02301485649725,0.576700600949069,0.0792822033495834,0.933118635845941,1.14306569843737,0.0636589270701228,-0.189820716720835,0.391266045861016,-0.371277733430179,-0.166402515872582,0.856392203120998,0.457993841811336,0.658697740989938,1.46353323597054,0.0699221365892854,1.15005398218983,0.678582106168294,-0.636050447543686,-0.691410709471841,1.06309579258781,-0.62541035944936,-0.513246088979342,-0.24069059247955,0.502378437133711,0.48287649739278,0.562023149804395,-0.0041026890859041,-0.036338183323176,-0.296324815106797,-0.508460685888365,0.443145276740837,0.573172900579149,1.30525441526631
1997-07-01,NA,0.0302019880139373,2.80379532460632,0.864032100418154,-1.23242300010389,0,-0.0580485874998227,0,4.55069362502829,0,0,1.43945707756108,-0.796174545520811,-0.0491529038212198,0.522188439606657,1.35284122650103,-0.454458851834911,1.13530017406482,-0.501991630593946,1.52246963581043,2.10846202937072,1.58242209343272,-0.0240562059966006,2.4109220241147,1.54045591591996,-0.0467116570641416,-0.189820716720835,0.391266045861016,-0.371277733430179,-0.166402515872582,0.856392203120998,0.457993841811336,0.658697740989938,1.46353323597054,0.0699221365892854,1.15005398218983,0.678582106168294,-0.636050447543686,-0.691410709471841,1.06309579258781,-0.62541035944936,-0.513246088979342,-0.24069059247955,0.502378437133711,0.48287649739278,0.562023149804395,-0.0041026890859041,-0.036338183323176,-0.296324815106797,-0.508460685888365,0.443145276740837,0.573172900579149,1.30525441526631
1997-08-01,NA,0.018325389825784,1.09040926257654,0.750748806965315,-1.20976762858766,0,-0.0580485874998227,0,0.677137258292084,0,0,0.0812600283567362,-0.570882671410064,-0.078808835201672,0.540760202749635,1.08559677716557,-0.637422407928592,1.02229892109245,-0.501991630764842,2.44728654682092,2.25829726109001,2.40341560972113,0.617002434650397,1.86868812102586,1.5911528267808,-0.0765558226311683,-0.189820716720835,0.391266045861016,-0.371277733430179,-0.166402515872582,0.856392203120998,0.457993841811336,0.658697740989938,1.46353323597054,0.0699221365892854,1.15005398218983,0.678582106168294,-0.636050447543686,-0.691410709471841,1.06309579258781,-0.62541035944936,-0.513246088979342,-0.24069059247955,0.502378437133711,0.48287649739278,0.562023149804395,-0.0041026890859041,-0.036338183323176,-0.296324815106797,-0.508460685888365,0.443145276740837,0.573172900579149,1.30525441526631
1997-09-01,NA,0.01681265728223,0.435937240369108,0.505286629697008,-0.0766217955557909,0,-0.0580485874998227,0,0.490271291841298,0,0,0.0584805661392708,-0.39739320062608,0.00728125997929677,0.605324525385865,0.665483486245607,0.198284603981319,1.16921698447659,-0.501991630764842,2.25002739905135,1.52259675984772,2.17979225318825,1.29221026732601,1.70750604272712,1.37356172003037,0.00970223766040677,-0.189820716720835,0.391266045861016,-0.371277733430179,-0.166402515872582,0.856392203120998,0.457993841811336,0.658697740989938,1.46353323597054,0.0699221365892854,1.15005398218983,0.678582106168294,-0.636050447543686,-0.691410709471841,1.06309579258781,-0.62541035944936,-0.513246088979342,-0.24069059247955,0.502378437133711,0.48287649739278,0.562023149804395,-0.0041026890859041,-0.036338183323176,-0.296324815106797,-0.508460685888365,0.443145276740837,0.573172900579149,1.30525441526631
1997-10-01,NA,0.00609020655052265,-0.632431144337879,0.429802824383263,0.214346666868218,0,-0.0580485874998227,0,-0.528893123701618,0,0,-0.549253779254684,-0.0258937667524172,-0.190018447126699,0.257208172108588,0.15243216995066,0.989743698583932,0.6006913646368,-0.501991630764842,0.681958600593925,-0.156838103937936,0.627878618939,1.28101418685238,0.547547046772289,0.766145953931872,-0.188473546782434,-0.189820716720835,0.391266045861016,-0.371277733430179,-0.166402515872582,0.856392203120998,0.457993841811336,0.658697740989938,1.46353323597054,0.0699221365892854,1.15005398218983,0.678582106168294,-0.636050447543686,-0.691410709471841,1.06309579258781,-0.62541035944936,-0.513246088979342,-0.24069059247955,0.502378437133711,0.48287649739278,0.562023149804395,-0.0041026890859041,-0.036338183323176,-0.296324815106797,-0.508460685888365,0.443145276740837,0.573172900579149,1.30525441526631
1997-11-01,NA,0.00192909825783972,-0.934755521052158,-0.36314586730213,-0.430515129659049,0,-0.0580485874998227,0,-0.541609653419676,0,0,-0.690112353086017,0.150419231211297,-0.298053234186966,-0.124392996405062,-0.682563953790928,0.175495826764601,0.0389222824000101,-0.501991630764842,-0.311128103645137,-0.674518670369138,-0.344433963880035,0.430005334305607,-0.210106419773004,0.125915080550079,-0.29750897200047,-0.189820716720835,0.391266045861016,-0.371277733430179,-0.166402515872582,0.856392203120998,0.457993841811336,0.658697740989938,1.46353323597054,0.0699221365892854,1.15005398218983,0.678582106168294,-0.636050447543686,-0.691410709471841,1.06309579258781,-0.62541035944936,-0.513246088979342,-0.24069059247955,0.502378437133711,0.48287649739278,0.562023149804395,-0.0041026890859041,-0.036338183323176,-0.296324815106797,-0.508460685888365,0.443145276740837,0.573172900579149,1.30525441526631
1997-12-01,NA,0.000451848919860627,-0.935023006739563,-0.910790600191677,-0.965535260135388,0,-0.0580485874998227,0,-0.541609653419676,0,0,-0.690108419622484,0.903132821811716,-0.554375610417429,-0.429918688933185,-1.15468464678788,-0.335253359054282,-0.792391034649146,-0.501991630764842,-0.673338638383732,-0.71894244645701,-0.687021445336096,-0.00800469650023175,-0.668121621993214,-0.448133360945616,-0.555162557011015,-0.189820716720835,0.391266045861016,-0.371277733430179,-0.166402515872582,0.856392203120998,0.457993841811336,0.658697740989938,1.46353323597054,0.0699221365892854,1.15005398218983,0.678582106168294,-0.636050447543686,-0.691410709471841,1.06309579258781,-0.62541035944936,-0.513246088979342,-0.24069059247955,0.502378437133711,0.48287649739278,0.562023149804395,-0.0041026890859041,-0.036338183323176,-0.296324815106797,-0.508460685888365,0.443145276740837,0.573172900579149,1.30525441526631
1998-01-01,NA,0.000100067456445993,-0.934009998259305,-1.09957091529844,-0.784156644959947,0,-0.0580485874998227,0,-0.541609653419676,0,0,-0.690112303592573,1.17634955489498,-0.739417987762353,-0.703398576177658,-1.37300779250252,-1.57153565460428,-1.2261679353825,-0.494098138688877,-0.757865633552569,-0.718859534317485,-0.765265316418889,-0.535859301756766,-0.868581554886133,-0.931480823604567,-0.740819939264916,-0.189820716720835,0.391266045861016,-0.371277733430179,-0.166402515872582,0.856392203120998,0.457993841811336,0.658697740989938,1.46353323597054,0.0699221365892854,1.15005398218983,0.678582106168294,-0.636050447543686,-0.691410709471841,1.06309579258781,-0.62541035944936,-0.513246088979342,-0.24069059247955,0.502378437133711,0.48287649739278,0.562023149804395,-0.0041026890859041,-0.036338183323176,-0.296324815106797,-0.508460685888365,0.443145276740837,0.573172900579149,1.30525441526631
1998-02-01,NA,2.45251567944251e-05,-0.814585109213716,-0.589717740743879,0.240110210858945,0,-0.0580485874998227,0,-0.540577764131734,0,0,-0.689904592766389,0.0259077439727525,-0.377167291974967,-0.826079556159789,-1.34973416752493,-1.30872544893168,-0.384310063132089,0.099596780838169,-0.776031270490549,-0.719216406294744,-0.781777705220193,-0.85530265272402,-0.94746262338648,-1.15351808609875,-0.377379836039971,-0.189820716720835,0.391266045861016,-0.371277733430179,-0.166402515872582,0.856392203120998,0.457993841811336,0.658697740989938,1.46353323597054,0.0699221365892854,1.15005398218983,0.678582106168294,-0.636050447543686,-0.691410709471841,1.06309579258781,-0.62541035944936,-0.513246088979342,-0.24069059247955,0.502378437133711,0.48287649739278,0.562023149804395,-0.0041026890859041,-0.036338183323176,-0.296324815106797,-0.508460685888365,0.443145276740837,0.573172900579149,1.30525441526631
1998-03-01,NA,7.32543554006969e-06,-0.662708125184446,0.335491776066111,2.02685378633907,0,-0.0580485874998227,0,-0.536450807442701,0,0,-0.688903039539499,-0.970640610670178,-0.461520859708767,-0.881362843847415,-1.30517358164303,-1.68107871962126,-0.163380809964541,1.00073047204411,-0.779587885446176,-0.71863867910725,-0.784979396374015,-1.03512389894758,-0.973800284470662,-1.24918158305872,-0.461142396907912,-0.189820716720835,0.391266045861016,-0.371277733430179,-0.166402515872582,0.856392203120998,0.457993841811336,0.658697740989938,1.46353323597054,0.0699221365892854,1.15005398218983,0.678582106168294,-0.636050447543686,-0.691410709471841,1.06309579258781,-0.62541035944936,-0.513246088979342,-0.24069059247955,0.502378437133711,0.48287649739278,0.562023149804395,-0.0041026890859041,-0.036338183323176,-0.296324815106797,-0.508460685888365,0.443145276740837,0.573172900579149,1.30525441526631
1998-04-01,NA,0.000107974912891986,-0.383457161767043,0.939666572009971,2.49026270940317,0,-0.0580485874998227,0,-0.520826915325383,0,0,-0.621781164061577,-1.04084239538858,-0.224245369696078,-0.852485966734069,-0.382695280656954,1.09216995607859,0.545614273994124,0.138790595221617,-0.779741653627871,-0.718067994372643,-0.785136033045223,-0.99898418448619,-0.851129718525177,-1.24499447511212,-0.222759393810232,-0.189820716720835,0.391266045861016,-0.371277733430179,-0.166402515872582,0.856392203120998,0.457993841811336,0.658697740989938,1.46353323597054,0.0699221365892854,1.15005398218983,0.678582106168294,-0.636050447543686,-0.691410709471841,1.06309579258781,-0.62541035944936,-0.513246088979342,-0.24069059247955,0.502378437133711,0.48287649739278,0.562023149804395,-0.0041026890859041,-0.036338183323176,-0.296324815106797,-0.508460685888365,0.443145276740837,0.573172900579149,1.30525441526631
1998-05-01,NA,0.000269636236933798,0.204086857055137,1.33607823463923,1.03420306374603,0,-0.0580485874998227,0,-0.517991596185802,0,0,0.0481869634261365,-1.02944573297403,-0.249956232656229,-0.842684549299253,0.0576794822103871,0.565282819120403,0.581492781143574,0.148859859624056,-0.779505178871837,-0.716871689662804,-0.784880761758546,-0.997059649424372,-0.808742219281984,-1.1745741068703,-0.248355669315579,-0.189820716720835,0.391266045861016,-0.371277733430179,-0.166402515872582,0.856392203120998,0.457993841811336,0.658697740989938,1.46353323597054,0.0699221365892854,1.15005398218983,0.678582106168294,-0.636050447543686,-0.691410709471841,1.06309579258781,-0.62541035944936,-0.513246088979342,-0.24069059247955,0.502378437133711,0.48287649739278,0.562023149804395,-0.0041026890859041,-0.036338183323176,-0.296324815106797,-0.508460685888365,0.443145276740837,0.573172900579149,1.30525441526631
1998-06-01,NA,0.0055396749825784,1.26945907096355,1.33602763493682,0.111090910268014,0,-0.0580485874998227,0,0.310915701571526,0,0,2.44358369447139,-0.524210257022089,-0.155797335742619,-0.106515872388598,1.37408781736401,1.23220088173721,0.753331287238125,-0.399067913158711,-0.459507732549662,0.121866231850057,-0.441769158132343,-0.392545218909853,0.166436332545263,0.252248281321313,-0.153984566913851,-0.189820716720835,0.391266045861016,-0.371277733430179,-0.166402515872582,0.856392203120998,0.457993841811336,0.658697740989938,1.46353323597054,0.0699221365892854,1.15005398218983,0.678582106168294,-0.636050447543686,-0.691410709471841,1.06309579258781,-0.62541035944936,-0.513246088979342,-0.24069059247955,0.502378437133711,0.48287649739278,0.562023149804395,-0.0041026890859041,-0.036338183323176,-0.296324815106797,-0.508460685888365,0.443145276740837,0.573172900579149,1.30525441526631
1998-07-01,NA,0.0232322876655052,2.11455028957692,1.01507598820898,-0.0184177414494459,0,-0.0580485874998227,0,3.3343517190563,0,0,1.68816393526155,-0.539488991149197,-0.257824722831591,0.469765396525199,1.09618817993029,0.213973449574309,0.544266086246823,-0.501991630764842,0.870831271503516,1.35234912344873,0.943040082787639,0.265374711425517,1.65071055972074,1.29139799231756,-0.256289222296064,-0.189820716720835,0.391266045861016,-0.371277733430179,-0.166402515872582,0.856392203120998,0.457993841811336,0.658697740989938,1.46353323597054,0.0699221365892854,1.15005398218983,0.678582106168294,-0.636050447543686,-0.691410709471841,1.06309579258781,-0.62541035944936,-0.513246088979342,-0.24069059247955,0.502378437133711,0.48287649739278,0.562023149804395,-0.0041026890859041,-0.036338183323176,-0.296324815106797,-0.508460685888365,0.443145276740837,0.573172900579149,1.30525441526631
1998-08-01,NA,0.0138963110801394,1.0807867844431,0.958400167802947,0.654295308815286,0,-0.0580485874998227,0,0.772422807518739,0,0,0.217129395489014,-0.482494106393022,-0.285315987687923,0.506647218221467,1.08217636458933,0.532478597893895,0.444320527430651,-0.501991630764842,1.23559128795398,1.35605539468595,1.29099697112515,0.401767512662243,1.19567887980097,1.34982300672205,-0.283945691844301,-0.189820716720835,0.391266045861016,-0.371277733430179,-0.166402515872582,0.856392203120998,0.457993841811336,0.658697740989938,1.46353323597054,0.0699221365892854,1.15005398218983,0.678582106168294,-0.636050447543686,-0.691410709471841,1.06309579258781,-0.62541035944936,-0.513246088979342,-0.24069059247955,0.502378437133711,0.48287649739278,0.562023149804395,-0.0041026890859041,-0.036338183323176,-0.296324815106797,-0.508460685888365,0.443145276740837,0.573172900579149,1.30525441526631
1998-09-01,NA,0.0105579997212544,-0.130249304602182,0.769588133479746,0.474403743325597,0,-0.0580485874998227,0,-0.253478328105765,0,0,-0.309434002606947,-0.28291995242278,-0.205509992066292,0.541085050420781,0.581336051799621,0.655425603675557,0.573855743237014,-0.501991630764842,1.41520841469506,1.07944360860548,1.42294989164239,1.01285236173105,1.02124860899664,1.28673835725551,-0.203993510844971,-0.189820716720835,0.391266045861016,-0.371277733430179,-0.166402515872582,0.856392203120998,0.457993841811336,0.658697740989938,1.46353323597054,0.0699221365892854,1.15005398218983,0.678582106168294,-0.636050447543686,-0.691410709471841,1.06309579258781,-0.62541035944936,-0.513246088979342,-0.24069059247955,0.502378437133711,0.48287649739278,0.562023149804395,-0.0041026890859041,-0.036338183323176,-0.296324815106797,-0.508460685888365,0.443145276740837,0.573172900579149,1.30525441526631
1998-10-01,NA,0.00425672027874564,-0.770560816273336,0.410930268213519,0.362878941750922,0,-0.0580485874998227,0,-0.541226475713685,0,0,-0.690052531155867,-0.00729578980952865,-0.388408274483056,0.0375468291841072,-0.201973358222846,0.796743345302645,0.0660846443426851,-0.501991630764842,0.230907408632454,-0.5150239442754,0.206461115586901,0.458119575036135,0.199478133659924,0.448613082709997,-0.387667316284276,-0.189820716720835,0.391266045861016,-0.371277733430179,-0.166402515872582,0.856392203120998,0.457993841811336,0.658697740989938,1.46353323597054,0.0699221365892854,1.15005398218983,0.678582106168294,-0.636050447543686,-0.691410709471841,1.06309579258781,-0.62541035944936,-0.513246088979342,-0.24069059247955,0.502378437133711,0.48287649739278,0.562023149804395,-0.0041026890859041,-0.036338183323176,-0.296324815106797,-0.508460685888365,0.443145276740837,0.573172900579149,1.30525441526631
1998-11-01,NA,0.00102447721254355,-0.905236339119619,-0.533092897649976,-0.430791125578342,0,-0.0580485874998227,0,-0.54140606663417,0,0,-0.690112353086017,0.6745595574202,-0.488557835154299,-0.230203058247536,-0.837160588191222,0.135732306402668,-0.443854139892449,-0.501991630764842,-0.541510167429726,-0.715239418909068,-0.555863022262324,0.0145415653423863,-0.483966533002176,-0.128709703047449,-0.488719957383465,-0.189820716720835,0.391266045861016,-0.371277733430179,-0.166402515872582,0.856392203120998,0.457993841811336,0.658697740989938,1.46353323597054,0.0699221365892854,1.15005398218983,0.678582106168294,-0.636050447543686,-0.691410709471841,1.06309579258781,-0.62541035944936,-0.513246088979342,-0.24069059247955,0.502378437133711,0.48287649739278,0.562023149804395,-0.0041026890859041,-0.036338183323176,-0.296324815106797,-0.508460685888365,0.443145276740837,0.573172900579149,1.30525441526631
1998-12-01,NA,0.000220325017421603,-0.928131876646989,-1.17510494270488,-0.978683372902697,0,-0.0580485874998227,0,-0.541605574378161,0,0,-0.690109858389944,1.29607327249399,-0.72616993807547,-0.603530826236376,-1.239120846551,-0.348121977947159,-1.18754054583961,-0.501991630764842,-0.730982774951009,-0.719434472604867,-0.73902047903388,-0.399347756107166,-0.795311920846723,-0.638778553361736,-0.727512330306382,-0.189820716720835,0.391266045861016,-0.371277733430179,-0.166402515872582,0.856392203120998,0.457993841811336,0.658697740989938,1.46353323597054,0.0699221365892854,1.15005398218983,0.678582106168294,-0.636050447543686,-0.691410709471841,1.06309579258781,-0.62541035944936,-0.513246088979342,-0.24069059247955,0.502378437133711,0.48287649739278,0.562023149804395,-0.0041026890859041,-0.036338183323176,-0.296324815106797,-0.508460685888365,0.443145276740837,0.573172900579149,1.30525441526631
1999-01-01,NA,4.8086968641115e-05,-0.919510003516498,-1.45835301416238,-0.985272108250205,0,-0.0580485874998227,0,-0.541269905434227,0,0,-0.689989855561627,1.52580380523038,-0.617203821403154,-0.723997864970916,-1.39890097178237,-2.05508743560172,-1.51489821888466,-0.383514041825041,-0.769755843443012,-0.717643405940905,-0.775889538648824,-0.639229231740637,-0.919627787668184,-1.05046218670251,-0.619397878405048,-0.189820716720835,0.391266045861016,-0.371277733430179,-0.166402515872582,0.856392203120998,0.457993841811336,0.658697740989938,1.46353323597054,0.0699221365892854,1.15005398218983,0.678582106168294,-0.636050447543686,-0.691410709471841,1.06309579258781,-0.62541035944936,-0.513246088979342,-0.24069059247955,0.502378437133711,0.48287649739278,0.562023149804395,-0.0041026890859041,-0.036338183323176,-0.296324815106797,-0.508460685888365,0.443145276740837,0.573172900579149,1.30525441526631
1999-02-01,NA,9.33240418118467e-06,-0.933616785601194,-0.797444623525405,0.36092169423907,0,-0.0580485874998227,0,-0.54160953430771,0,0,-0.689846521238253,-0.421705104394313,-0.234537559980293,-0.84723113817836,-1.44494094609208,-2.83844787830959,-0.753421862799247,1.87305063108145,-0.778705244639124,-0.718959026975008,-0.784147979091975,-0.957568226312996,-0.976907295989519,-1.22840353980467,-0.235741357790502,-0.189820716720835,0.391266045861016,-0.371277733430179,-0.166402515872582,0.856392203120998,0.457993841811336,0.658697740989938,1.46353323597054,0.0699221365892854,1.15005398218983,0.678582106168294,-0.636050447543686,-0.691410709471841,1.06309579258781,-0.62541035944936,-0.513246088979342,-0.24069059247955,0.502378437133711,0.48287649739278,0.562023149804395,-0.0041026890859041,-0.036338183323176,-0.296324815106797,-0.508460685888365,0.443145276740837,0.573172900579149,1.30525441526631
1999-03-01,NA,9.61337979094077e-06,-0.579208197433199,0.108932363745105,1.51777271944264,0,-0.0580485874998227,0,-0.535026511234859,0,0,-0.688004000173637,-1.03672838115198,-0.323645403687372,-0.879639996611268,-1.18889102022394,-1.58105790908774,-0.53483982121282,1.10269355709235,-0.779807051279222,-0.718362550954145,-0.785180364584409,-1.05544937342808,-0.964168576758824,-1.25108827763296,-0.324255173176057,-0.189820716720835,0.391266045861016,-0.371277733430179,-0.166402515872582,0.856392203120998,0.457993841811336,0.658697740989938,1.46353323597054,0.0699221365892854,1.15005398218983,0.678582106168294,-0.636050447543686,-0.691410709471841,1.06309579258781,-0.62541035944936,-0.513246088979342,-0.24069059247955,0.502378437133711,0.48287649739278,0.562023149804395,-0.0041026890859041,-0.036338183323176,-0.296324815106797,-0.508460685888365,0.443145276740837,0.573172900579149,1.30525441526631
1999-04-01,NA,0.000365990801393728,0.0818779778983423,0.297742887629428,0.865997523426166,0,-0.0580485874998227,0,-0.519949195843946,0,0,0.087623321206208,-0.792901333961618,-0.0729973593427548,-0.78842289449129,0.409307796961498,1.28931374427238,0.109710495668928,0.421865780543181,-0.778111915550258,-0.713260569647561,-0.783360637246635,-0.927512214235438,-0.766889561628096,-1.08784647030463,-0.0726550454572328,-0.189820716720835,0.391266045861016,-0.371277733430179,-0.166402515872582,0.856392203120998,0.457993841811336,0.658697740989938,1.46353323597054,0.0699221365892854,1.15005398218983,0.678582106168294,-0.636050447543686,-0.691410709471841,1.06309579258781,-0.62541035944936,-0.513246088979342,-0.24069059247955,0.502378437133711,0.48287649739278,0.562023149804395,-0.0041026890859041,-0.036338183323176,-0.296324815106797,-0.508460685888365,0.443145276740837,0.573172900579149,1.30525441526631
1999-05-01,NA,0.00597506675958188,1.46622811385799,0.316525950295656,-0.4160732271472,0,-0.0580485874998227,0,0.405263855906871,0,0,2.76263997596983,-0.235084914080369,-0.100157967755536,0.350034176904079,1.39262429090068,0.811339275557971,0.149662117556994,-0.39484102151445,-0.499277467559725,0.0863575113589842,-0.488686297034839,-0.401647470145389,0.18337008667142,0.293574754541684,-0.0996898159511978,-0.189820716720835,0.391266045861016,-0.371277733430179,-0.166402515872582,0.856392203120998,0.457993841811336,0.658697740989938,1.46353323597054,0.0699221365892854,1.15005398218983,0.678582106168294,-0.636050447543686,-0.691410709471841,1.06309579258781,-0.62541035944936,-0.513246088979342,-0.24069059247955,0.502378437133711,0.48287649739278,0.562023149804395,-0.0041026890859041,-0.036338183323176,-0.296324815106797,-0.508460685888365,0.443145276740837,0.573172900579149,1.30525441526631
1999-06-01,NA,0.0157128183972125,1.46248385401809,0.845135377226363,0.0691010669402451,0,-0.0580485874998227,0,1.54975238583219,0,0,1.26208954842345,-0.331449943380149,-0.000691686251827054,1.47106587780638,1.28114195550519,0.269488727042367,0.303337136370916,-0.501991630764842,0.826477739124336,1.39330444314121,0.917892508679139,0.165705454404363,1.21331409400688,1.20206794874081,-5.75381603227643e-05,-0.189820716720835,0.391266045861016,-0.371277733430179,-0.166402515872582,0.856392203120998,0.457993841811336,0.658697740989938,1.46353323597054,0.0699221365892854,1.15005398218983,0.678582106168294,-0.636050447543686,-0.691410709471841,1.06309579258781,-0.62541035944936,-0.513246088979342,-0.24069059247955,0.502378437133711,0.48287649739278,0.562023149804395,-0.0041026890859041,-0.036338183323176,-0.296324815106797,-0.508460685888365,0.443145276740837,0.573172900579149,1.30525441526631
1999-07-01,NA,0.0137746687108014,0.980262516822836,0.807424627371347,0.302812935652072,0,-0.0580485874998227,0,0.621952664702981,0,0,0.191603928074887,-0.175849796527547,-0.108469415530364,1.6803322257151,1.11166067940934,0.339198012854284,0.108260636738204,-0.501991630764842,1.30535930426093,1.42136326385126,1.37348535140466,0.619727218663775,1.17465860904788,1.36038642367273,-0.108076225778962,-0.189820716720835,0.391266045861016,-0.371277733430179,-0.166402515872582,0.856392203120998,0.457993841811336,0.658697740989938,1.46353323597054,0.0699221365892854,1.15005398218983,0.678582106168294,-0.636050447543686,-0.691410709471841,1.06309579258781,-0.62541035944936,-0.513246088979342,-0.24069059247955,0.502378437133711,0.48287649739278,0.562023149804395,-0.0041026890859041,-0.036338183323176,-0.296324815106797,-0.508460685888365,0.443145276740837,0.573172900579149,1.30525441526631
1999-08-01,NA,0.0172690419512195,1.17940965469867,0.713006337893865,-1.23947251362155,0,-0.0580485874998227,0,0.828735696177826,0,0,0.310099834215791,-0.387347218790967,-0.137509942387583,1.53642333755777,1.15174216804806,-0.626220599727684,0.0209617196594452,-0.501991630764842,2.02576324270859,2.1763050302244,2.02360302434771,0.632270264376973,1.69780026706735,1.56484940765203,-0.137253725724562,-0.189820716720835,0.391266045861016,-0.371277733430179,-0.166402515872582,0.856392203120998,0.457993841811336,0.658697740989938,1.46353323597054,0.0699221365892854,1.15005398218983,0.678582106168294,-0.636050447543686,-0.691410709471841,1.06309579258781,-0.62541035944936,-0.513246088979342,-0.24069059247955,0.502378437133711,0.48287649739278,0.562023149804395,-0.0041026890859041,-0.036338183323176,-0.296324815106797,-0.508460685888365,0.443145276740837,0.573172900579149,1.30525441526631
1999-09-01,NA,0.0150084326132404,0.610629553737102,0.580802531836909,0.0420809408459769,0,-0.0580485874998227,0,0.325336061304043,0,0,-0.147282422388843,-0.13556394654004,-0.0532064961269928,2.03747666980154,0.929953577311701,0.0719802127952441,0.138451267915338,-0.501991630764842,2.03652136209224,1.74832768417494,1.98317760777981,1.26464672048777,1.51932146814991,1.47378426530593,-0.052833492548626,-0.189820716720835,0.391266045861016,-0.371277733430179,-0.166402515872582,0.856392203120998,0.457993841811336,0.658697740989938,1.46353323597054,0.0699221365892854,1.15005398218983,0.678582106168294,-0.636050447543686,-0.691410709471841,1.06309579258781,-0.62541035944936,-0.513246088979342,-0.24069059247955,0.502378437133711,0.48287649739278,0.562023149804395,-0.0041026890859041,-0.036338183323176,-0.296324815106797,-0.508460685888365,0.443145276740837,0.573172900579149,1.30525441526631
1999-10-01,NA,0.00741205630662021,-0.453966184997067,0.222132205449939,-0.0777830821399868,0,-0.0580485874998227,0,-0.541277988125358,0,0,-0.595507200182124,0.457105721691603,-0.246412136021603,1.08298204133968,0.313722771366446,0.980389284670178,-0.328859574622625,-0.501991630764842,0.990514306947173,-0.0685096054108409,0.960312441451168,1.7345288691071,0.678131549343702,0.815650940482842,-0.246715230924404,-0.189820716720835,0.391266045861016,-0.371277733430179,-0.166402515872582,0.856392203120998,0.457993841811336,0.658697740989938,1.46353323597054,0.0699221365892854,1.15005398218983,0.678582106168294,-0.636050447543686,-0.691410709471841,1.06309579258781,-0.62541035944936,-0.513246088979342,-0.24069059247955,0.502378437133711,0.48287649739278,0.562023149804395,-0.0041026890859041,-0.036338183323176,-0.296324815106797,-0.508460685888365,0.443145276740837,0.573172900579149,1.30525441526631
1999-11-01,NA,0.0027306012543554,-0.815679837924315,-0.7407499226334,-1.01460994069062,0,-0.0580485874998227,0,-0.541559796774359,0,0,-0.683487627539198,0.521284295208378,-0.352205926638839,0.194744400618191,-0.135034599286976,0.0798977644856565,-0.788979061153963,-0.501991630764842,-0.137274058262926,-0.510813808858364,-0.148159052958094,0.620098545117796,-0.0939453159989507,0.452196089927632,-0.353296729035407,-0.189820716720835,0.391266045861016,-0.371277733430179,-0.166402515872582,0.856392203120998,0.457993841811336,0.658697740989938,1.46353323597054,0.0699221365892854,1.15005398218983,0.678582106168294,-0.636050447543686,-0.691410709471841,1.06309579258781,-0.62541035944936,-0.513246088979342,-0.24069059247955,0.502378437133711,0.48287649739278,0.562023149804395,-0.0041026890859041,-0.036338183323176,-0.296324815106797,-0.508460685888365,0.443145276740837,0.573172900579149,1.30525441526631
1999-12-01,NA,0.000770475261324042,-0.902934447356572,-2.45900215594893,-1.33834922916552,0,-0.0580485874998227,0,-0.540473250455251,0,0,-0.688409823362775,1.21607209024437,-0.603209034405265,-0.23002465295023,-0.707561426005824,-0.498266618154329,-1.47087348225797,-0.501991630764842,-0.607134550598756,-0.709608853591418,-0.61384081828512,0.509623046197579,-0.587795078474666,-0.028759950716301,-0.605332191145664,-0.189820716720835,0.391266045861016,-0.371277733430179,-0.166402515872582,0.856392203120998,0.457993841811336,0.658697740989938,1.46353323597054,0.0699221365892854,1.15005398218983,0.678582106168294,-0.636050447543686,-0.691410709471841,1.06309579258781,-0.62541035944936,-0.513246088979342,-0.24069059247955,0.502378437133711,0.48287649739278,0.562023149804395,-0.0041026890859041,-0.036338183323176,-0.296324815106797,-0.508460685888365,0.443145276740837,0.573172900579149,1.30525441526631
2000-01-01,NA,0.000159052264808362,-0.925938881219225,-1.32616166922616,-0.710153629908093,0,-0.0580485874998227,0,-0.541592062900629,0,0,-0.689912380521679,2.33855315625469,-0.711445847322475,-0.539210211107007,-1.17703779169193,-0.316992833158873,-1.34769229758874,-0.501991630764842,-0.745506676772781,-0.717564017340133,-0.751676665406697,-0.0887669911247186,-0.841393001776007,-0.522931905230873,-0.713145018918801,-0.189820716720835,0.391266045861016,-0.371277733430179,-0.166402515872582,0.856392203120998,0.457993841811336,0.658697740989938,1.46353323597054,0.0699221365892854,1.15005398218983,0.678582106168294,-0.636050447543686,-0.691410709471841,1.06309579258781,-0.62541035944936,-0.513246088979342,-0.24069059247955,0.502378437133711,0.48287649739278,0.562023149804395,-0.0041026890859041,-0.036338183323176,-0.296324815106797,-0.508460685888365,0.443145276740837,0.573172900579149,1.30525441526631
2000-02-01,NA,3.62458536585366e-05,-0.724080865019139,-1.53376884972662,-0.29850807119549,0,-0.0580485874998227,0,-0.536854609343592,0,0,-0.689148413426509,1.19841881791808,-0.432916781923479,-0.77089894120999,-1.20086826566873,-0.610246815493088,-0.677168335956793,0.205044439605685,-0.774509337333803,-0.719260389177888,-0.779999800363094,-0.637818724898113,-0.931274327472667,-1.03310708450775,-0.433652941893293,-0.189820716720835,0.391266045861016,-0.371277733430179,-0.166402515872582,0.856392203120998,0.457993841811336,0.658697740989938,1.46353323597054,0.0699221365892854,1.15005398218983,0.678582106168294,-0.636050447543686,-0.691410709471841,1.06309579258781,-0.62541035944936,-0.513246088979342,-0.24069059247955,0.502378437133711,0.48287649739278,0.562023149804395,-0.0041026890859041,-0.036338183323176,-0.296324815106797,-0.508460685888365,0.443145276740837,0.573172900579149,1.30525441526631
2000-03-01,NA,1.69187456445993e-05,-0.85366048376578,-0.344206096602319,1.50425158829976,0,-0.0580485874998227,0,-0.540736417147963,0,0,-0.68686883740032,-0.999651008349973,-0.429964234896431,-0.86074048304185,-1.22839303429441,-1.26139257144017,-0.31855889098599,1.62433849816112,-0.779333974824391,-0.718510518957172,-0.784685360263002,-1.00272806407116,-0.963910278999891,-1.20375273349028,-0.42995822763968,-0.189820716720835,0.391266045861016,-0.371277733430179,-0.166402515872582,0.856392203120998,0.457993841811336,0.658697740989938,1.46353323597054,0.0699221365892854,1.15005398218983,0.678582106168294,-0.636050447543686,-0.691410709471841,1.06309579258781,-0.62541035944936,-0.513246088979342,-0.24069059247955,0.502378437133711,0.48287649739278,0.562023149804395,-0.0041026890859041,-0.036338183323176,-0.296324815106797,-0.508460685888365,0.443145276740837,0.573172900579149,1.30525441526631
2000-04-01,NA,8.12822299651568e-05,-0.124956145817371,0.373290508985764,0.747737353859717,0,-0.0580485874998227,0,-0.515609420649189,0,0,-0.560008005288581,-1.02339219200059,-0.189628138866048,-0.841023246998392,-0.202613337736045,-0.428744574455409,0.355769244213076,1.20593247755213,-0.779795231505038,-0.718032859405397,-0.785170744790192,-0.985286391051764,-0.871220260225398,-1.24736529447769,-0.188591620284575,-0.189820716720835,0.391266045861016,-0.371277733430179,-0.166402515872582,0.856392203120998,0.457993841811336,0.658697740989938,1.46353323597054,0.0699221365892854,1.15005398218983,0.678582106168294,-0.636050447543686,-0.691410709471841,1.06309579258781,-0.62541035944936,-0.513246088979342,-0.24069059247955,0.502378437133711,0.48287649739278,0.562023149804395,-0.0041026890859041,-0.036338183323176,-0.296324815106797,-0.508460685888365,0.443145276740837,0.573172900579149,1.30525441526631
2000-05-01,NA,0.00174351386759582,0.866872346266661,0.486509608786292,0.588781130710037,0,-0.0580485874998227,0,-0.490676514773737,0,0,2.79124493393906,-0.0683569003660639,-0.215671372569412,-0.400402690334473,1.45575916590985,1.85020662051632,0.405552330262503,-0.327323540562053,-0.715466321193802,-0.53055285109021,-0.721326930363375,-0.363024724121251,-0.291374108206578,-0.240409973780454,-0.214490158153266,-0.189820716720835,0.391266045861016,-0.371277733430179,-0.166402515872582,0.856392203120998,0.457993841811336,0.658697740989938,1.46353323597054,0.0699221365892854,1.15005398218983,0.678582106168294,-0.636050447543686,-0.691410709471841,1.06309579258781,-0.62541035944936,-0.513246088979342,-0.24069059247955,0.502378437133711,0.48287649739278,0.562023149804395,-0.0041026890859041,-0.036338183323176,-0.296324815106797,-0.508460685888365,0.443145276740837,0.573172900579149,1.30525441526631
2000-06-01,NA,0.0184211422996516,2.20654687880545,0.713000296138352,-0.434425228843309,0,-0.0580485874998227,0,2.94074120963529,0,0,2.27862141566813,-0.181425442759539,-0.120296920970747,1.07995684847929,1.31651912392538,0.414991806323368,0.572449059740347,-0.501991630764842,0.157767030356423,1.09682826965396,0.184776509035351,0.192882915124905,1.29973796293799,1.17718802649599,-0.118915199211401,-0.189820716720835,0.391266045861016,-0.371277733430179,-0.166402515872582,0.856392203120998,0.457993841811336,0.658697740989938,1.46353323597054,0.0699221365892854,1.15005398218983,0.678582106168294,-0.636050447543686,-0.691410709471841,1.06309579258781,-0.62541035944936,-0.513246088979342,-0.24069059247955,0.502378437133711,0.48287649739278,0.562023149804395,-0.0041026890859041,-0.036338183323176,-0.296324815106797,-0.508460685888365,0.443145276740837,0.573172900579149,1.30525441526631
2000-07-01,NA,0.0186696852961672,1.46454835983882,0.712999918528632,0.00661577920526381,0,-0.0580485874998227,0,1.56640995123923,0,0,0.455311765066253,-0.250177914422441,-0.223640512474164,1.38917706357737,1.10977688589208,-0.113398548432238,0.370152095501921,-0.501991630764842,1.67399562384906,2.12231095949065,1.67504033253025,0.889987000725755,1.69419220298037,1.54728229560372,-0.222520490790543,-0.189820716720835,0.391266045861016,-0.371277733430179,-0.166402515872582,0.856392203120998,0.457993841811336,0.658697740989938,1.46353323597054,0.0699221365892854,1.15005398218983,0.678582106168294,-0.636050447543686,-0.691410709471841,1.06309579258781,-0.62541035944936,-0.513246088979342,-0.24069059247955,0.502378437133711,0.48287649739278,0.562023149804395,-0.0041026890859041,-0.036338183323176,-0.296324815106797,-0.508460685888365,0.443145276740837,0.573172900579149,1.30525441526631
2000-08-01,NA,0.0164696061324042,1.14320286593239,0.82627679261624,-0.330462213075631,0,-0.0580485874998227,0,0.666735512071067,0,0,0.0316972546214771,-0.0820895758798598,-0.25148704414379,1.86856984012313,1.00943465899961,-0.11545511202036,0.2738346659024,-0.501991630764842,2.17027014085437,1.7630778142708,2.10356455346964,1.49711234069591,1.7218938906472,1.48249834202214,-0.25052973031078,-0.189820716720835,0.391266045861016,-0.371277733430179,-0.166402515872582,0.856392203120998,0.457993841811336,0.658697740989938,1.46353323597054,0.0699221365892854,1.15005398218983,0.678582106168294,-0.636050447543686,-0.691410709471841,1.06309579258781,-0.62541035944936,-0.513246088979342,-0.24069059247955,0.502378437133711,0.48287649739278,0.562023149804395,-0.0041026890859041,-0.036338183323176,-0.296324815106797,-0.508460685888365,0.443145276740837,0.573172900579149,1.30525441526631
2000-09-01,NA,0.016290644738676,0.51504655156163,0.543047979254433,-0.490936413781427,0,-0.0580485874998227,0,0.453519887704533,0,0,0.056766386738998,0.0206404604540003,-0.170651132151502,1.88797707494724,0.785866275213633,-0.0810239164067315,0.400187155840858,-0.501991630764842,2.09172041926826,1.64293653617357,2.03993188036589,1.81187200842186,1.62072232072042,1.40491105505905,-0.169557533504254,-0.189820716720835,0.391266045861016,-0.371277733430179,-0.166402515872582,0.856392203120998,0.457993841811336,0.658697740989938,1.46353323597054,0.0699221365892854,1.15005398218983,0.678582106168294,-0.636050447543686,-0.691410709471841,1.06309579258781,-0.62541035944936,-0.513246088979342,-0.24069059247955,0.502378437133711,0.48287649739278,0.562023149804395,-0.0041026890859041,-0.036338183323176,-0.296324815106797,-0.508460685888365,0.443145276740837,0.573172900579149,1.30525441526631
2000-10-01,NA,0.00606393533101045,-0.658944608023604,0.297641310614889,-0.255342497811071,0,-0.0580485874998227,0,-0.538367930374015,0,0,-0.610706210162812,0.697695998301777,-0.355908523352513,0.983242717120281,0.142601179483662,0.82422063747632,-0.0954774120685408,-0.501991630764842,0.675982119462775,-0.220737086129878,0.636665855207632,1.8101340371767,0.512976437259183,0.711335144612136,-0.35555683573266,-0.189820716720835,0.391266045861016,-0.371277733430179,-0.166402515872582,0.856392203120998,0.457993841811336,0.658697740989938,1.46353323597054,0.0699221365892854,1.15005398218983,0.678582106168294,-0.636050447543686,-0.691410709471841,1.06309579258781,-0.62541035944936,-0.513246088979342,-0.24069059247955,0.502378437133711,0.48287649739278,0.562023149804395,-0.0041026890859041,-0.036338183323176,-0.296324815106797,-0.508460685888365,0.443145276740837,0.573172900579149,1.30525441526631
2000-11-01,NA,0.00184418341463415,-0.927531776039372,-0.929592543343879,-0.505014717573659,0,-0.0580485874998227,0,-0.541609653419676,0,0,-0.687851404208346,0.773650789188769,-0.45734964901253,0.190589938102603,-0.504445991663729,0.207408265812226,-0.581523468199392,-0.501991630764842,-0.339733483573153,-0.670477129317475,-0.362565260879576,0.671078506852261,-0.254734572791415,0.178192758702321,-0.457846202482041,-0.189820716720835,0.391266045861016,-0.371277733430179,-0.166402515872582,0.856392203120998,0.457993841811336,0.658697740989938,1.46353323597054,0.0699221365892854,1.15005398218983,0.678582106168294,-0.636050447543686,-0.691410709471841,1.06309579258781,-0.62541035944936,-0.513246088979342,-0.24069059247955,0.502378437133711,0.48287649739278,0.562023149804395,-0.0041026890859041,-0.036338183323176,-0.296324815106797,-0.508460685888365,0.443145276740837,0.573172900579149,1.30525441526631
2000-12-01,NA,0.000418493101045296,-0.921727578730893,-1.17508681743834,-1.06648571293644,0,-0.0580485874998227,0,-0.541599468015657,0,0,-0.6901117080157,2.63134651051616,-0.698027355570753,-0.201476609088894,-1.01330882884469,-0.372206296086729,-1.30995836097962,-0.501991051145539,-0.682238041761306,-0.718648518192971,-0.693346304167467,0.540277700227397,-0.692330466135293,-0.32082722379171,-0.699667697432619,-0.189820716720835,0.391266045861016,-0.371277733430179,-0.166402515872582,0.856392203120998,0.457993841811336,0.658697740989938,1.46353323597054,0.0699221365892854,1.15005398218983,0.678582106168294,-0.636050447543686,-0.691410709471841,1.06309579258781,-0.62541035944936,-0.513246088979342,-0.24069059247955,0.502378437133711,0.48287649739278,0.562023149804395,-0.0041026890859041,-0.036338183323176,-0.296324815106797,-0.508460685888365,0.443145276740837,0.573172900579149,1.30525441526631
2001-01-01,NA,8.76643902439024e-05,-0.926518142485418,-0.986294041210834,-0.850463958096068,0,-0.0580485874998227,0,-0.541609260111782,0,0,-0.690110846531681,3.1453373338633,-0.790094603503533,-0.580773289958905,-1.32613367004951,-0.92313435601667,-1.2670850156863,-0.489928714585618,-0.760655763039604,-0.718574845500344,-0.767423007599153,-0.200109224193395,-0.882601618964632,-0.827705783228278,-0.791503352692667,-0.189820716720835,0.391266045861016,-0.371277733430179,-0.166402515872582,0.856392203120998,0.457993841811336,0.658697740989938,1.46353323597054,0.0699221365892854,1.15005398218983,0.678582106168294,-0.636050447543686,-0.691410709471841,1.06309579258781,-0.62541035944936,-0.513246088979342,-0.24069059247955,0.502378437133711,0.48287649739278,0.562023149804395,-0.0041026890859041,-0.036338183323176,-0.296324815106797,-0.508460685888365,0.443145276740837,0.573172900579149,1.30525441526631
2001-02-01,NA,1.60356794425087e-05,-0.924699551074618,-0.967354270511024,0.00198146547282401,0,-0.0580485874998227,0,-0.541584854226652,0,0,-0.690111144866823,0.667368198513349,-0.436309090398077,-0.799185287004685,-1.4386055407356,-2.02892875955918,-0.440976845401593,1.30977933295825,-0.777167450736522,-0.719188571707963,-0.782730671780415,-0.776132675646683,-0.963638093953253,-1.1299366507336,-0.436547889486702,-0.189820716720835,0.391266045861016,-0.371277733430179,-0.166402515872582,0.856392203120998,0.457993841811336,0.658697740989938,1.46353323597054,0.0699221365892854,1.15005398218983,0.678582106168294,-0.636050447543686,-0.691410709471841,1.06309579258781,-0.62541035944936,-0.513246088979342,-0.24069059247955,0.502378437133711,0.48287649739278,0.562023149804395,-0.0041026890859041,-0.036338183323176,-0.296324815106797,-0.508460685888365,0.443145276740837,0.573172900579149,1.30525441526631
2001-03-01,NA,0.000140126550522648,-0.22660032398922,-0.344199677237088,-0.198423598764645,0,-0.0580485874998227,0,-0.518358505908573,0,0,-0.511426549611977,-0.839729362020398,-0.518691649357868,-0.766667265403572,0.252207193358112,-0.272978308381142,-0.191938852631978,0.559033392290243,-0.778817523565643,-0.716895814945318,-0.784314373191065,-0.902267510626651,-0.832840891906994,-1.21730668454049,-0.518283589592824,-0.189820716720835,0.391266045861016,-0.371277733430179,-0.166402515872582,0.856392203120998,0.457993841811336,0.658697740989938,1.46353323597054,0.0699221365892854,1.15005398218983,0.678582106168294,-0.636050447543686,-0.691410709471841,1.06309579258781,-0.62541035944936,-0.513246088979342,-0.24069059247955,0.502378437133711,0.48287649739278,0.562023149804395,-0.0041026890859041,-0.036338183323176,-0.296324815106797,-0.508460685888365,0.443145276740837,0.573172900579149,1.30525441526631
2001-04-01,NA,8.02586759581882e-05,-0.292726636159074,1.24176718632208,2.48949657738602,0,-0.0580485874998227,0,-0.529742693994755,0,0,-0.539128855404009,-0.907252503328394,-0.286961018022548,-0.830563106326166,-0.0335967833560026,1.82765445028605,0.497433275099367,0.464325357227534,-0.779230493162041,-0.717998526268893,-0.784685050565916,-0.965459984995839,-0.887624506600595,-1.19885150335095,-0.285478036410174,-0.189820716720835,0.391266045861016,-0.371277733430179,-0.166402515872582,0.856392203120998,0.457993841811336,0.658697740989938,1.46353323597054,0.0699221365892854,1.15005398218983,0.678582106168294,-0.636050447543686,-0.691410709471841,1.06309579258781,-0.62541035944936,-0.513246088979342,-0.24069059247955,0.502378437133711,0.48287649739278,0.562023149804395,-0.0041026890859041,-0.036338183323176,-0.296324815106797,-0.508460685888365,0.443145276740837,0.573172900579149,1.30525441526631
2001-05-01,NA,0.00129026006968641,0.759684769369042,0.486497147665549,-0.316750804882596,0,-0.0580485874998227,0,-0.406849596290158,0,0,1.82283819773226,-0.164243588623599,-0.312071701764951,-0.436014083668644,1.35660395370061,1.16743990787901,0.536529327015154,0.2505161670995,-0.769179549814249,-0.655666014319549,-0.774023622895892,-0.618981841718144,-0.508120156229635,-0.73816470944116,-0.31046755336582,-0.189820716720835,0.391266045861016,-0.371277733430179,-0.166402515872582,0.856392203120998,0.457993841811336,0.658697740989938,1.46353323597054,0.0699221365892854,1.15005398218983,0.678582106168294,-0.636050447543686,-0.691410709471841,1.06309579258781,-0.62541035944936,-0.513246088979342,-0.24069059247955,0.502378437133711,0.48287649739278,0.562023149804395,-0.0041026890859041,-0.036338183323176,-0.296324815106797,-0.508460685888365,0.443145276740837,0.573172900579149,1.30525441526631
2001-06-01,NA,0.0132926349825784,1.57985327897605,0.712924774194457,-0.311088021714834,0,-0.0580485874998227,0,1.65934927908155,0,0,1.59513203603939,-0.0317970808018778,-0.220112164151701,1.84457716516028,1.37025249638006,0.423764403542659,0.709885101427793,-0.501991630764842,0.140305822476248,0.956836868394833,0.19898131050911,0.270472298998105,0.932611317827891,0.779835336882545,-0.218289775056448,-0.189820716720835,0.391266045861016,-0.371277733430179,-0.166402515872582,0.856392203120998,0.457993841811336,0.658697740989938,1.46353323597054,0.0699221365892854,1.15005398218983,0.678582106168294,-0.636050447543686,-0.691410709471841,1.06309579258781,-0.62541035944936,-0.513246088979342,-0.24069059247955,0.502378437133711,0.48287649739278,0.562023149804395,-0.0041026890859041,-0.036338183323176,-0.296324815106797,-0.508460685888365,0.443145276740837,0.573172900579149,1.30525441526631
2001-07-01,NA,0.0213091099651568,1.81817038641611,0.712975373896867,-0.37263416975174,0,-0.0580485874998227,0,2.48953430054853,0,0,1.09890852267091,-0.24220797858624,-0.319755396247784,2.38564501175229,1.20972060631977,-0.300571091398271,0.503876860443259,-0.501991630764842,1.27722999369235,1.82851075834113,1.35613630709417,0.464518264486576,1.75357254610727,1.43051794789357,-0.318209345695407,-0.189820716720835,0.391266045861016,-0.371277733430179,-0.166402515872582,0.856392203120998,0.457993841811336,0.658697740989938,1.46353323597054,0.0699221365892854,1.15005398218983,0.678582106168294,-0.636050447543686,-0.691410709471841,1.06309579258781,-0.62541035944936,-0.513246088979342,-0.24069059247955,0.502378437133711,0.48287649739278,0.562023149804395,-0.0041026890859041,-0.036338183323176,-0.296324815106797,-0.508460685888365,0.443145276740837,0.573172900579149,1.30525441526631
2001-08-01,NA,0.0185718255052265,1.40246586144997,0.712999918528632,-0.572455215320396,0,-0.0580485874998227,0,1.18116701097928,0,0,-0.0370679449739642,-0.0545168012884163,-0.346604525128504,2.35128173796425,1.12212712366825,-0.240338368861377,0.404208320783015,-0.501991630764842,2.06801705044186,2.09373802536547,2.05161134075903,1.30462272754022,1.77268699539056,1.54753534497039,-0.345223373547104,-0.189820716720835,0.391266045861016,-0.371277733430179,-0.166402515872582,0.856392203120998,0.457993841811336,0.658697740989938,1.46353323597054,0.0699221365892854,1.15005398218983,0.678582106168294,-0.636050447543686,-0.691410709471841,1.06309579258781,-0.62541035944936,-0.513246088979342,-0.24069059247955,0.502378437133711,0.48287649739278,0.562023149804395,-0.0041026890859041,-0.036338183323176,-0.296324815106797,-0.508460685888365,0.443145276740837,0.573172900579149,1.30525441526631
2001-09-01,NA,0.0180316699651568,0.769605446591084,0.807342308452501,-0.0545060133311576,0,-0.0580485874998227,0,0.690425677413195,0,0,0.0864936204590883,-0.00302220020412508,-0.268663455093238,1.51829214091497,0.870990870595507,0.076772393986435,0.536067489146347,-0.501991630764842,2.41389078809909,2.04296812442232,2.34693610548484,1.84155160738164,1.90593931012948,1.51044190988988,-0.267127615514733,-0.189820716720835,0.391266045861016,-0.371277733430179,-0.166402515872582,0.856392203120998,0.457993841811336,0.658697740989938,1.46353323597054,0.0699221365892854,1.15005398218983,0.678582106168294,-0.636050447543686,-0.691410709471841,1.06309579258781,-0.62541035944936,-0.513246088979342,-0.24069059247955,0.502378437133711,0.48287649739278,0.562023149804395,-0.0041026890859041,-0.036338183323176,-0.296324815106797,-0.508460685888365,0.443145276740837,0.573172900579149,1.30525441526631
2001-10-01,NA,0.00751061853658537,-0.267211396224379,0.297599018326307,-0.129423676975619,0,-0.0580485874998227,0,-0.49273515551984,0,0,-0.295116762445551,0.747437052418653,-0.447287523554328,1.56368373221661,0.498425445344971,0.780599883665836,0.0273961128141507,-0.501991630764842,0.997340633449517,-0.080507517026395,0.916556418853964,2.63898304755027,0.79267432794819,0.807240628506662,-0.446538242259525,-0.189820716720835,0.391266045861016,-0.371277733430179,-0.166402515872582,0.856392203120998,0.457993841811336,0.658697740989938,1.46353323597054,0.0699221365892854,1.15005398218983,0.678582106168294,-0.636050447543686,-0.691410709471841,1.06309579258781,-0.62541035944936,-0.513246088979342,-0.24069059247955,0.502378437133711,0.48287649739278,0.562023149804395,-0.0041026890859041,-0.036338183323176,-0.296324815106797,-0.508460685888365,0.443145276740837,0.573172900579149,1.30525441526631
2001-11-01,NA,0.00297073505226481,-0.804498621722972,-1.45822727012579,-0.711086332841269,0,-0.0580485874998227,0,-0.538270151344563,0,0,-0.650459593967509,1.02938893000174,-0.545096309730944,0.629194306169503,-0.0126716705740768,0.410669509846153,-0.473202014451926,-0.501990623061108,-0.0373672954452778,-0.445771705097488,-0.093322545273652,1.46981646911422,0.0581771292650909,0.505752353131752,-0.545236549945256,-0.189820716720835,0.391266045861016,-0.371277733430179,-0.166402515872582,0.856392203120998,0.457993841811336,0.658697740989938,1.46353323597054,0.0699221365892854,1.15005398218983,0.678582106168294,-0.636050447543686,-0.691410709471841,1.06309579258781,-0.62541035944936,-0.513246088979342,-0.24069059247955,0.502378437133711,0.48287649739278,0.562023149804395,-0.0041026890859041,-0.036338183323176,-0.296324815106797,-0.508460685888365,0.443145276740837,0.573172900579149,1.30525441526631
2001-12-01,NA,0.000946426202090592,-0.907433296899013,-1.59049451461562,-1.21775690978046,0,-0.0580485874998227,0,-0.541398655392178,0,0,-0.690057104275012,1.56681241341039,-0.777155999433856,0.140462876613314,-0.652260908653959,-0.395195976858163,-1.20985472436457,-0.501990480713755,-0.544896039156655,-0.701575793642304,-0.571259678232883,0.884123244848757,-0.46501808435296,0.0205245407641328,-0.77846554313706,-0.189820716720835,0.391266045861016,-0.371277733430179,-0.166402515872582,0.856392203120998,0.457993841811336,0.658697740989938,1.46353323597054,0.0699221365892854,1.15005398218983,0.678582106168294,-0.636050447543686,-0.691410709471841,1.06309579258781,-0.62541035944936,-0.513246088979342,-0.24069059247955,0.502378437133711,0.48287649739278,0.562023149804395,-0.0041026890859041,-0.036338183323176,-0.296324815106797,-0.508460685888365,0.443145276740837,0.573172900579149,1.30525441526631
2002-01-01,NA,0.000239792613240418,-0.825692872678814,-1.74151348016496,-0.812498505778068,0,-0.0580485874998227,0,-0.537103051764609,0,0,-0.685119194441583,1.76489783247197,-0.739933730457697,-0.327464407902381,-0.838476661865993,-0.272380419402302,-1.13308030680156,-0.499564023456786,-0.726627656980976,-0.718938569975794,-0.737513553546538,0.043303771985999,-0.764378530518873,-0.442549394873587,-0.741141667800235,-0.189820716720835,0.391266045861016,-0.371277733430179,-0.166402515872582,0.856392203120998,0.457993841811336,0.658697740989938,1.46353323597054,0.0699221365892854,1.15005398218983,0.678582106168294,-0.636050447543686,-0.691410709471841,1.06309579258781,-0.62541035944936,-0.513246088979342,-0.24069059247955,0.502378437133711,0.48287649739278,0.562023149804395,-0.0041026890859041,-0.036338183323176,-0.296324815106797,-0.508460685888365,0.443145276740837,0.573172900579149,1.30525441526631
2002-02-01,NA,5.42282926829268e-05,-0.908075616683549,-0.816290369405067,-0.0324456500823544,0,-0.0580485874998227,0,-0.540991325462491,0,0,-0.686861744077574,2.04296585521513,-0.377768604373849,-0.632995449327901,-1.030058553693,-1.21731938282446,-0.286943609760599,-0.410036627726687,-0.768935394216861,-0.719390239331674,-0.775546920571895,-0.354836279520878,-0.908669894663931,-0.833288212014102,-0.377777572579125,-0.189820716720835,0.391266045861016,-0.371277733430179,-0.166402515872582,0.856392203120998,0.457993841811336,0.658697740989938,1.46353323597054,0.0699221365892854,1.15005398218983,0.678582106168294,-0.636050447543686,-0.691410709471841,1.06309579258781,-0.62541035944936,-0.513246088979342,-0.24069059247955,0.502378437133711,0.48287649739278,0.562023149804395,-0.0041026890859041,-0.036338183323176,-0.296324815106797,-0.508460685888365,0.443145276740837,0.573172900579149,1.30525441526631
2002-03-01,NA,1.34868292682927e-05,-0.762913844620823,-0.0798668318476332,1.25328243890732,0,-0.0580485874998227,0,-0.538904470994994,0,0,-0.687964489956684,-0.204006498626458,-0.46210299519616,-0.818688182292597,-1.25183432661471,-1.2314905455641,-0.0545003039838442,1.28099350034314,-0.7785120954317,-0.71909264063719,-0.784034671813799,-0.888184223128831,-0.962004660264215,-1.05055101019521,-0.461496762467778,-0.189820716720835,0.391266045861016,-0.371277733430179,-0.166402515872582,0.856392203120998,0.457993841811336,0.658697740989938,1.46353323597054,0.0699221365892854,1.15005398218983,0.678582106168294,-0.636050447543686,-0.691410709471841,1.06309579258781,-0.62541035944936,-0.513246088979342,-0.24069059247955,0.502378437133711,0.48287649739278,0.562023149804395,-0.0041026890859041,-0.036338183323176,-0.296324815106797,-0.508460685888365,0.443145276740837,0.573172900579149,1.30525441526631
2002-04-01,NA,6.6571149825784e-05,-0.125319127901622,0.826390453141803,2.47847353900071,0,-0.0580485874998227,0,-0.520643428916043,0,0,-0.646168887574737,-1.03901280291705,-0.224883728401245,-0.822244037959074,-0.292331054238302,1.50181735543755,0.674160075982633,0.817417386327203,-0.779854067746265,-0.718361335424266,-0.785229948522492,-0.974487745793159,-0.88154698879496,-1.21238143807204,-0.223128960970865,-0.189820716720835,0.391266045861016,-0.371277733430179,-0.166402515872582,0.856392203120998,0.457993841811336,0.658697740989938,1.46353323597054,0.0699221365892854,1.15005398218983,0.678582106168294,-0.636050447543686,-0.691410709471841,1.06309579258781,-0.62541035944936,-0.513246088979342,-0.24069059247955,0.502378437133711,0.48287649739278,0.562023149804395,-0.0041026890859041,-0.036338183323176,-0.296324815106797,-0.508460685888365,0.443145276740837,0.573172900579149,1.30525441526631
2002-05-01,NA,0.00136788961672474,0.790312328164855,0.694123963871413,0.136832318067262,0,-0.0580485874998227,0,-0.49430594921184,0,0,2.35798680992764,-0.385653725228427,-0.250588489616831,-0.409524256387163,1.2103305156043,1.4610154507028,0.721991771688317,-0.00534766937450361,-0.753137263640577,-0.63144380100585,-0.759219177743043,-0.488195261074205,-0.417356642632911,-0.529833943510269,-0.24869364383645,-0.189820716720835,0.391266045861016,-0.371277733430179,-0.166402515872582,0.856392203120998,0.457993841811336,0.658697740989938,1.46353323597054,0.0699221365892854,1.15005398218983,0.678582106168294,-0.636050447543686,-0.691410709471841,1.06309579258781,-0.62541035944936,-0.513246088979342,-0.24069059247955,0.502378437133711,0.48287649739278,0.562023149804395,-0.0041026890859041,-0.036338183323176,-0.296324815106797,-0.508460685888365,0.443145276740837,0.573172900579149,1.30525441526631
2002-06-01,NA,0.014965603902439,1.90533909688461,0.958374112732303,-0.238022890406928,0,-0.0580485874998227,0,2.01999406881242,0,0,1.87380848786427,-0.108737189677965,-0.156451500871801,1.95734607728499,1.30124496645967,0.211189959524202,0.900222888259455,-0.501991243892856,0.241729722033259,1.24178753202665,0.272677005111855,0.390250722208338,1.17500096423751,1.22593258387512,-0.154330867502318,-0.189820716720835,0.391266045861016,-0.371277733430179,-0.166402515872582,0.856392203120998,0.457993841811336,0.658697740989938,1.46353323597054,0.0699221365892854,1.15005398218983,0.678582106168294,-0.636050447543686,-0.691410709471841,1.06309579258781,-0.62541035944936,-0.513246088979342,-0.24069059247955,0.502378437133711,0.48287649739278,0.562023149804395,-0.0041026890859041,-0.036338183323176,-0.296324815106797,-0.508460685888365,0.443145276740837,0.573172900579149,1.30525441526631
2002-07-01,NA,0.0255941285017422,2.23064194393644,0.826264331495496,-0.974153303362754,0,-0.0580485874998227,0,3.04969557620909,0,0,0.8272216923276,-0.447474969074412,-0.258454945877339,2.32790320774515,1.20139947544564,-0.676654739291851,0.688027746850272,-0.501991630764842,1.92435138406327,2.40956522359409,1.91207005376224,0.880598020091577,2.35893073654517,1.60751535451518,-0.256620524358584,-0.189820716720835,0.391266045861016,-0.371277733430179,-0.166402515872582,0.856392203120998,0.457993841811336,0.658697740989938,1.46353323597054,0.0699221365892854,1.15005398218983,0.678582106168294,-0.636050447543686,-0.691410709471841,1.06309579258781,-0.62541035944936,-0.513246088979342,-0.24069059247955,0.502378437133711,0.48287649739278,0.562023149804395,-0.0041026890859041,-0.036338183323176,-0.296324815106797,-0.508460685888365,0.443145276740837,0.573172900579149,1.30525441526631
2002-08-01,NA,0.0229278706620209,1.65622473581031,0.48644617035342,-0.78480770018026,0,-0.0580485874998227,0,1.77290417871627,0,0,0.2603051448078,-0.362417198798423,-0.285939644094281,2.54869388555528,1.1592272250693,-0.465864663245381,0.585372163531313,-0.501991630764842,2.61552746008943,2.42796279617833,2.53557918597321,1.15249395673571,2.21773667440238,1.60697783184323,-0.284275543372396,-0.189820716720835,0.391266045861016,-0.371277733430179,-0.166402515872582,0.856392203120998,0.457993841811336,0.658697740989938,1.46353323597054,0.0699221365892854,1.15005398218983,0.678582106168294,-0.636050447543686,-0.691410709471841,1.06309579258781,-0.62541035944936,-0.513246088979342,-0.24069059247955,0.502378437133711,0.48287649739278,0.562023149804395,-0.0041026890859041,-0.036338183323176,-0.296324815106797,-0.508460685888365,0.443145276740837,0.573172900579149,1.30525441526631
2002-09-01,NA,0.0149908314982578,0.507752052021079,0.316507069809683,-0.549633272888149,0,-0.0580485874998227,0,0.122748311886513,0,0,-0.337598221324356,0.222284453728354,-0.206152534824875,2.61884063062056,0.827125848588891,-0.0873090980145541,0.714921028345862,-0.501990991202726,2.18680136964533,1.49292232571864,2.14886128131906,2.02549220652597,1.50256911279747,1.38346063748276,-0.204345439507005,-0.189820716720835,0.391266045861016,-0.371277733430179,-0.166402515872582,0.856392203120998,0.457993841811336,0.658697740989938,1.46353323597054,0.0699221365892854,1.15005398218983,0.678582106168294,-0.636050447543686,-0.691410709471841,1.06309579258781,-0.62541035944936,-0.513246088979342,-0.24069059247955,0.502378437133711,0.48287649739278,0.562023149804395,-0.0041026890859041,-0.036338183323176,-0.296324815106797,-0.508460685888365,0.443145276740837,0.573172900579149,1.30525441526631
2002-10-01,NA,0.00705784641114983,-0.6228726205039,0.108842870241589,-0.00798390254372308,0,-0.0580485874998227,0,-0.538609500774186,0,0,-0.616311005894097,1.01690963319043,-0.38900758202301,1.39793405661118,0.167323676163057,0.799796160918105,0.18873309986591,-0.50199103491784,0.894288381925116,-0.0261409242766076,0.880855573481133,2.36695018792444,0.607479526640332,0.804156862520163,-0.388008481980881,-0.189820716720835,0.391266045861016,-0.371277733430179,-0.166402515872582,0.856392203120998,0.457993841811336,0.658697740989938,1.46353323597054,0.0699221365892854,1.15005398218983,0.678582106168294,-0.636050447543686,-0.691410709471841,1.06309579258781,-0.62541035944936,-0.513246088979342,-0.24069059247955,0.502378437133711,0.48287649739278,0.562023149804395,-0.0041026890859041,-0.036338183323176,-0.296324815106797,-0.508460685888365,0.443145276740837,0.573172900579149,1.30525441526631
2002-11-01,NA,0.00233041170731707,-0.653218027978562,-0.66524006224901,-0.945287395685359,0,-0.0580485874998227,0,-0.530147053242844,0,0,-0.506574581001733,1.04229916655905,-0.489133142498964,0.373644470933537,0.088113044289369,0.226742535106078,-0.328066678667523,-0.501989464430687,-0.254522127593112,-0.622421756215175,-0.26963811256203,0.949710353737329,-0.152962137527946,0.323573010923865,-0.489053667333129,-0.189820716720835,0.391266045861016,-0.371277733430179,-0.166402515872582,0.856392203120998,0.457993841811336,0.658697740989938,1.46353323597054,0.0699221365892854,1.15005398218983,0.678582106168294,-0.636050447543686,-0.691410709471841,1.06309579258781,-0.62541035944936,-0.513246088979342,-0.24069059247955,0.502378437133711,0.48287649739278,0.562023149804395,-0.0041026890859041,-0.036338183323176,-0.296324815106797,-0.508460685888365,0.443145276740837,0.573172900579149,1.30525441526631
2002-12-01,NA,0.000664226341463415,-0.754276607331467,-1.13736247363343,-1.57196988420891,0,-0.0580485874998227,0,-0.536322689446366,0,0,-0.55193268948512,1.10235776097719,-0.726688876922729,-0.188949621847478,-0.129977212060316,-0.28987808579994,-1.08584262150314,-0.501991320369718,-0.639651112413754,-0.695244816364022,-0.651900778093885,0.232511277895565,-0.584151149755204,0.0665160747625753,-0.727818219005786,-0.189820716720835,0.391266045861016,-0.371277733430179,-0.166402515872582,0.856392203120998,0.457993841811336,0.658697740989938,1.46353323597054,0.0699221365892854,1.15005398218983,0.678582106168294,-0.636050447543686,-0.691410709471841,1.06309579258781,-0.62541035944936,-0.513246088979342,-0.24069059247955,0.502378437133711,0.48287649739278,0.562023149804395,-0.0041026890859041,-0.036338183323176,-0.296324815106797,-0.508460685888365,0.443145276740837,0.573172900579149,1.30525441526631
2003-01-01,NA,0.000196301602787456,-0.894485301740248,-1.89256378732101,-1.18873777569964,0,-0.0580485874998227,0,-0.541160709971173,0,0,-0.638652446621528,1.20022301483637,-0.606606253331442,-0.515403038515089,-0.405921646777182,-0.32777343270706,-1.05494976278242,-0.50014452919629,-0.740607614243816,-0.711947756717748,-0.749395269050779,-0.200659167594308,-0.798074414678594,-0.202563419173311,-0.607859022112865,-0.189820716720835,0.391266045861016,-0.371277733430179,-0.166402515872582,0.856392203120998,0.457993841811336,0.658697740989938,1.46353323597054,0.0699221365892854,1.15005398218983,0.678582106168294,-0.636050447543686,-0.691410709471841,1.06309579258781,-0.62541035944936,-0.513246088979342,-0.24069059247955,0.502378437133711,0.48287649739278,0.562023149804395,-0.0041026890859041,-0.036338183323176,-0.296324815106797,-0.508460685888365,0.443145276740837,0.573172900579149,1.30525441526631
2003-02-01,NA,4.78059930313589e-05,-0.811052266871452,-0.891825529640661,0.0169003165642016,0,-0.0580485874998227,0,-0.540374795738718,0,0,-0.688506390874691,1.64956125170431,-0.222169730530748,-0.676352763627051,-0.966309122182135,0.0670785104662236,-0.191080079321042,-0.324816417345139,-0.77050293849217,-0.71913944423722,-0.776873033056024,-0.308195492132117,-0.915036945765081,-0.637233203938806,-0.222221796741883,-0.189820716720835,0.391266045861016,-0.371277733430179,-0.166402515872582,0.856392203120998,0.457993841811336,0.658697740989938,1.46353323597054,0.0699221365892854,1.15005398218983,0.678582106168294,-0.636050447543686,-0.691410709471841,1.06309579258781,-0.62541035944936,-0.513246088979342,-0.24069059247955,0.502378437133711,0.48287649739278,0.562023149804395,-0.0041026890859041,-0.036338183323176,-0.296324815106797,-0.508460685888365,0.443145276740837,0.573172900579149,1.30525441526631
2003-03-01,NA,2.90809756097561e-05,-0.640897183517921,-0.457470131959464,1.0107134247013,0,-0.0580485874998227,0,-0.532111877032061,0,0,-0.682906104674031,-0.4560178202054,-0.31168935482816,-0.82550715890792,-0.95945714978327,-0.725909861994902,0.0485243596584982,1.08939079635438,-0.778849094074477,-0.719011507594346,-0.784320091622689,-0.866943499401964,-0.933150791110065,-0.942528674103069,-0.311103032497123,-0.189820716720835,0.391266045861016,-0.371277733430179,-0.166402515872582,0.856392203120998,0.457993841811336,0.658697740989938,1.46353323597054,0.0699221365892854,1.15005398218983,0.678582106168294,-0.636050447543686,-0.691410709471841,1.06309579258781,-0.62541035944936,-0.513246088979342,-0.24069059247955,0.502378437133711,0.48287649739278,0.562023149804395,-0.0041026890859041,-0.036338183323176,-0.296324815106797,-0.508460685888365,0.443145276740837,0.573172900579149,1.30525441526631
2003-04-01,NA,5.16393031358885e-05,-0.418504302026439,0.826396494897314,2.05189625566694,0,-0.0580485874998227,0,-0.527223605593126,0,0,-0.662926398941958,-1.03293382798774,-0.0598823857992336,-0.843693038242021,-0.460902022502605,0.790581920284529,0.786161330192025,0.720648093006886,-0.779818687719645,-0.718354106494155,-0.785199017576884,-0.992256746458984,-0.902486718589056,-1.08222556414936,-0.0581511517482565,-0.189820716720835,0.391266045861016,-0.371277733430179,-0.166402515872582,0.856392203120998,0.457993841811336,0.658697740989938,1.46353323597054,0.0699221365892854,1.15005398218983,0.678582106168294,-0.636050447543686,-0.691410709471841,1.06309579258781,-0.62541035944936,-0.513246088979342,-0.24069059247955,0.502378437133711,0.48287649739278,0.562023149804395,-0.0041026890859041,-0.036338183323176,-0.296324815106797,-0.508460685888365,0.443145276740837,0.573172900579149,1.30525441526631
2003-05-01,NA,0.000384956655052265,0.239533218414624,1.10953090582925,1.15561049735917,0,-0.0580485874998227,0,-0.523975783977306,0,0,0.393400938336241,-1.02339352571344,-0.0871682252552223,-0.782359090865698,0.239678417395963,1.14883704232636,0.827943451208477,0.68106934515473,-0.779190720307999,-0.713775281260071,-0.784516529818888,-0.98370493061315,-0.786438359124684,-1.06099466200043,-0.0853074770269817,-0.189820716720835,0.391266045861016,-0.371277733430179,-0.166402515872582,0.856392203120998,0.457993841811336,0.658697740989938,1.46353323597054,0.0699221365892854,1.15005398218983,0.678582106168294,-0.636050447543686,-0.691410709471841,1.06309579258781,-0.62541035944936,-0.513246088979342,-0.24069059247955,0.502378437133711,0.48287649739278,0.562023149804395,-0.0041026890859041,-0.036338183323176,-0.296324815106797,-0.508460685888365,0.443145276740837,0.573172900579149,1.30525441526631
2003-06-01,NA,0.00914465226480836,1.43073834460294,0.807392908154912,-0.233437872873951,0,-0.0580485874998227,0,0.966174500649261,0,0,1.82537175566744,-0.16840233361702,0.0127580115649544,1.2510402880153,1.36028120855324,0.565953951795192,1.01233235960517,-0.262793541758812,-0.159182116275617,0.588582714418931,-0.116531968441653,-0.0703679446120489,0.525861421922075,0.4726688989769,0.0148481535841954,-0.189820716720835,0.391266045861016,-0.371277733430179,-0.166402515872582,0.856392203120998,0.457993841811336,0.658697740989938,1.46353323597054,0.0699221365892854,1.15005398218983,0.678582106168294,-0.636050447543686,-0.691410709471841,1.06309579258781,-0.62541035944936,-0.513246088979342,-0.24069059247955,0.502378437133711,0.48287649739278,0.562023149804395,-0.0041026890859041,-0.036338183323176,-0.296324815106797,-0.508460685888365,0.443145276740837,0.573172900579149,1.30525441526631
2003-07-01,NA,0.0172026915679443,1.62229567770933,0.864032100418154,-0.199014525181154,0,-0.0580485874998227,0,1.92183499166676,0,0,1.81977103480253,0.228734538149187,-0.0955180268530285,1.48998486266693,1.24771844072946,0.41032315211782,0.789427760691761,-0.501991210434882,0.712126252546247,1.05213421630593,0.812921610317596,0.587779718161212,1.15313198567734,0.918607820561687,-0.0937240579707721,-0.189820716720835,0.391266045861016,-0.371277733430179,-0.166402515872582,0.856392203120998,0.457993841811336,0.658697740989938,1.46353323597054,0.0699221365892854,1.15005398218983,0.678582106168294,-0.636050447543686,-0.691410709471841,1.06309579258781,-0.62541035944936,-0.513246088979342,-0.24069059247955,0.502378437133711,0.48287649739278,0.562023149804395,-0.0041026890859041,-0.036338183323176,-0.296324815106797,-0.508460685888365,0.443145276740837,0.573172900579149,1.30525441526631
2003-08-01,NA,0.0200462851567944,1.49136654695139,0.788509778913022,-0.606535844530931,0,-0.0580485874998227,0,1.90130270647452,0,0,0.773011936721016,-0.0570054990797549,-0.12469395432773,2.47163473429247,1.19945936859105,-0.367125732192993,0.689377884455885,-0.501991525108142,1.57772672147654,2.03113961197585,1.64014544148906,0.997296176541185,1.70130624004033,1.50927538094528,-0.123064307878783,-0.189820716720835,0.391266045861016,-0.371277733430179,-0.166402515872582,0.856392203120998,0.457993841811336,0.658697740989938,1.46353323597054,0.0699221365892854,1.15005398218983,0.678582106168294,-0.636050447543686,-0.691410709471841,1.06309579258781,-0.62541035944936,-0.513246088979342,-0.24069059247955,0.502378437133711,0.48287649739278,0.562023149804395,-0.0041026890859041,-0.036338183323176,-0.296324815106797,-0.508460685888365,0.443145276740837,0.573172900579149,1.30525441526631
2003-09-01,NA,0.0177893887108014,0.854375278903947,0.580814615347932,-0.288780706485912,0,-0.0580485874998227,0,0.960104323649476,0,0,0.0746489395793686,0.173995018900395,-0.0399999964150023,2.27937487950327,0.788577030393272,0.0862068249159829,0.825902228106778,-0.501991630471109,2.06141232023603,1.67830165325628,2.04018399756141,1.83505443678541,1.6771376772385,1.43043618536742,-0.0382193582233999,-0.189820716720835,0.391266045861016,-0.371277733430179,-0.166402515872582,0.856392203120998,0.457993841811336,0.658697740989938,1.46353323597054,0.0699221365892854,1.15005398218983,0.678582106168294,-0.636050447543686,-0.691410709471841,1.06309579258781,-0.62541035944936,-0.513246088979342,-0.24069059247955,0.502378437133711,0.48287649739278,0.562023149804395,-0.0041026890859041,-0.036338183323176,-0.296324815106797,-0.508460685888365,0.443145276740837,0.573172900579149,1.30525441526631
2003-10-01,NA,0.0062357318466899,-0.818591147602453,0.335390199051571,0.320924579127226,0,-0.0580485874998227,0,-0.541597883887346,0,0,-0.690112353086017,0.885912565049086,-0.234099106049435,1.31458753738074,-0.168296646046933,0.864366678206435,0.287880609530012,-0.501991630764842,0.716388626482003,-0.30424300863117,0.684738432772946,1.96881651559424,0.515856251399604,0.627499241364393,-0.233135994889568,-0.189820716720835,0.391266045861016,-0.371277733430179,-0.166402515872582,0.856392203120998,0.457993841811336,0.658697740989938,1.46353323597054,0.0699221365892854,1.15005398218983,0.678582106168294,-0.636050447543686,-0.691410709471841,1.06309579258781,-0.62541035944936,-0.513246088979342,-0.24069059247955,0.502378437133711,0.48287649739278,0.562023149804395,-0.0041026890859041,-0.036338183323176,-0.296324815106797,-0.508460685888365,0.443145276740837,0.573172900579149,1.30525441526631
2003-11-01,NA,0.00159580097560976,-0.935023006739563,-0.476416699634225,-0.328407158136179,0,-0.0580485874998227,0,-0.541609653419676,0,0,-0.690112353086017,1.87589429367826,-0.34038179168593,0.610734348028201,-0.843834174273949,0.189165878637756,-0.251212038362533,-0.501991630764842,-0.402000501511008,-0.708730752082583,-0.420038822511347,1.10287480263726,-0.327287565826546,-0.035046999156104,-0.340373308624504,-0.189820716720835,0.391266045861016,-0.371277733430179,-0.166402515872582,0.856392203120998,0.457993841811336,0.658697740989938,1.46353323597054,0.0699221365892854,1.15005398218983,0.678582106168294,-0.636050447543686,-0.691410709471841,1.06309579258781,-0.62541035944936,-0.513246088979342,-0.24069059247955,0.502378437133711,0.48287649739278,0.562023149804395,-0.0041026890859041,-0.036338183323176,-0.296324815106797,-0.508460685888365,0.443145276740837,0.573172900579149,1.30525441526631
2003-12-01,NA,0.000337170731707317,-0.935023006739563,-1.79817155291417,-1.19068576054981,0,-0.0580485874998227,0,-0.541609653419676,0,0,-0.690108691481439,3.26786485837428,-0.592547136512287,-0.17963595210171,-1.25951203053023,-0.488092058529201,-1.03776956119352,-0.501991630764842,-0.702023685988463,-0.719395777612432,-0.711353814250232,0.256514910597586,-0.734173752162806,-0.566071999388566,-0.593786227234802,-0.189820716720835,0.391266045861016,-0.371277733430179,-0.166402515872582,0.856392203120998,0.457993841811336,0.658697740989938,1.46353323597054,0.0699221365892854,1.15005398218983,0.678582106168294,-0.636050447543686,-0.691410709471841,1.06309579258781,-0.62541035944936,-0.513246088979342,-0.24069059247955,0.502378437133711,0.48287649739278,0.562023149804395,-0.0041026890859041,-0.036338183323176,-0.296324815106797,-0.508460685888365,0.443145276740837,0.573172900579149,1.30525441526631
2004-01-01,NA,7.06051567944251e-05,-0.876813355531175,-1.59048205349488,-0.946316650092009,0,-0.0580485874998227,0,-0.54037197486083,0,0,-0.689634269691149,2.72906946707482,-0.458881361233812,-0.609754587986302,-1.384715061967,-1.42207971178268,-1.0046289336656,-0.446401941347443,-0.765709832359318,-0.719274972491394,-0.771990873841272,-0.384993441157997,-0.897471935491174,-1.03175668407575,-0.460259137486243,-0.189820716720835,0.391266045861016,-0.371277733430179,-0.166402515872582,0.856392203120998,0.457993841811336,0.658697740989938,1.46353323597054,0.0699221365892854,1.15005398218983,0.678582106168294,-0.636050447543686,-0.691410709471841,1.06309579258781,-0.62541035944936,-0.513246088979342,-0.24069059247955,0.502378437133711,0.48287649739278,0.562023149804395,-0.0041026890859041,-0.036338183323176,-0.296324815106797,-0.508460685888365,0.443145276740837,0.573172900579149,1.30525441526631
2004-02-01,NA,2.44448780487805e-05,-0.668003572749205,-1.42046592056836,-0.774959920868806,0,-0.0580485874998227,0,-0.537983892565621,0,0,-0.686996799181959,-0.45708661720165,-0.148325720467297,-0.794395505939319,-0.880691283928176,-0.519552062771601,-0.248609673893699,1.13095139205947,-0.77812071357605,-0.719124978461091,-0.783587419191736,-0.912107111297856,-0.946363273447272,-1.18115090361708,-0.148612280587799,-0.189820716720835,0.391266045861016,-0.371277733430179,-0.166402515872582,0.856392203120998,0.457993841811336,0.658697740989938,1.46353323597054,0.0699221365892854,1.15005398218983,0.678582106168294,-0.636050447543686,-0.691410709471841,1.06309579258781,-0.62541035944936,-0.513246088979342,-0.24069059247955,0.502378437133711,0.48287649739278,0.562023149804395,-0.0041026890859041,-0.036338183323176,-0.296324815106797,-0.508460685888365,0.443145276740837,0.573172900579149,1.30525441526631
2004-03-01,NA,6.52264808362369e-06,-0.707849626863763,-0.079884957114168,1.63570948082152,0,-0.0580485874998227,0,-0.53935285145272,0,0,-0.687865855808966,-1.00778731474409,-0.145033102876513,-0.868489743806179,-1.28025373010426,-2.21324984967259,0.132027041878975,2.6969171454767,-0.779770358027977,-0.718376892267379,-0.78514039827391,-1.04218254966489,-0.978033327187953,-1.25216544051326,-0.144531927252131,-0.189820716720835,0.391266045861016,-0.371277733430179,-0.166402515872582,0.856392203120998,0.457993841811336,0.658697740989938,1.46353323597054,0.0699221365892854,1.15005398218983,0.678582106168294,-0.636050447543686,-0.691410709471841,1.06309579258781,-0.62541035944936,-0.513246088979342,-0.24069059247955,0.502378437133711,0.48287649739278,0.562023149804395,-0.0041026890859041,-0.036338183323176,-0.296324815106797,-0.508460685888365,0.443145276740837,0.573172900579149,1.30525441526631
2004-04-01,NA,5.56933797909408e-05,-0.375852493081841,0.713120376029146,1.70988817245681,0,-0.0580485874998227,0,-0.525751634466811,0,0,-0.667771946173855,-1.05116039755927,0.122937794287103,-0.856957175298161,-0.256028482124298,1.41149915337862,0.896218714939734,0.81066042650076,-0.779894236106174,-0.718356319393549,-0.785267507123621,-1.02752338678756,-0.894392819222805,-1.25523251488728,0.124612994542855,-0.189820716720835,0.391266045861016,-0.371277733430179,-0.166402515872582,0.856392203120998,0.457993841811336,0.658697740989938,1.46353323597054,0.0699221365892854,1.15005398218983,0.678582106168294,-0.636050447543686,-0.691410709471841,1.06309579258781,-0.62541035944936,-0.513246088979342,-0.24069059247955,0.502378437133711,0.48287649739278,0.562023149804395,-0.0041026890859041,-0.036338183323176,-0.296324815106797,-0.508460685888365,0.443145276740837,0.573172900579149,1.30525441526631
2004-05-01,NA,0.000879132543554007,0.66152675821321,0.788584923247198,0.24063378673542,0,-0.0580485874998227,0,-0.502032833747349,0,0,1.36159224307254,-0.545081295817902,0.0939001730225338,-0.486556291349393,0.772321490010074,1.14673937961104,0.942180078697226,0.190917717512457,-0.772597003909584,-0.693063035546589,-0.77821114441465,-0.640066529949669,-0.56255499340608,-0.882571384744113,0.0957177685962322,-0.189820716720835,0.391266045861016,-0.371277733430179,-0.166402515872582,0.856392203120998,0.457993841811336,0.658697740989938,1.46353323597054,0.0699221365892854,1.15005398218983,0.678582106168294,-0.636050447543686,-0.691410709471841,1.06309579258781,-0.62541035944936,-0.513246088979342,-0.24069059247955,0.502378437133711,0.48287649739278,0.562023149804395,-0.0041026890859041,-0.036338183323176,-0.296324815106797,-0.508460685888365,0.443145276740837,0.573172900579149,1.30525441526631
2004-06-01,NA,0.00160701993031359,-0.0461667639690477,0.731852083773525,-0.235741763724711,0,-0.0580485874998227,0,-0.443191357246969,0,0,0.331472206352085,0.699220063626992,0.200240796176467,-0.16080144068175,0.70129275473959,0.908885643109554,1.11547359691947,-0.501991630764842,-0.575192677562093,-0.23140572027344,-0.568473674890866,-0.167691749315162,-0.490617901822071,0.114902685598633,0.202253429819427,-0.189820716720835,0.391266045861016,-0.371277733430179,-0.166402515872582,0.856392203120998,0.457993841811336,0.658697740989938,1.46353323597054,0.0699221365892854,1.15005398218983,0.678582106168294,-0.636050447543686,-0.691410709471841,1.06309579258781,-0.62541035944936,-0.513246088979342,-0.24069059247955,0.502378437133711,0.48287649739278,0.562023149804395,-0.0041026890859041,-0.036338183323176,-0.296324815106797,-0.508460685888365,0.443145276740837,0.573172900579149,1.30525441526631
2004-07-01,NA,0.0148376195121951,1.76790338566011,0.675232904825416,-0.471284970547209,0,-0.0580485874998227,0,1.70902843911167,0,0,1.99911471426119,-0.0134497588413098,0.0850145801400997,1.08866126576552,1.18298361693729,0.134920196833484,0.900115924603471,-0.501991630764842,0.398061484549481,1.08183039214719,0.478925284920689,0.149055302955735,0.969390184685404,0.739745474772052,0.0867575273501989,-0.189820716720835,0.391266045861016,-0.371277733430179,-0.166402515872582,0.856392203120998,0.457993841811336,0.658697740989938,1.46353323597054,0.0699221365892854,1.15005398218983,0.678582106168294,-0.636050447543686,-0.691410709471841,1.06309579258781,-0.62541035944936,-0.513246088979342,-0.24069059247955,0.502378437133711,0.48287649739278,0.562023149804395,-0.0041026890859041,-0.036338183323176,-0.296324815106797,-0.508460685888365,0.443145276740837,0.573172900579149,1.30525441526631
2004-08-01,NA,0.0172048390243902,1.64908913547533,0.750761268086059,-0.737264184699468,0,-0.0580485874998227,0,1.45328795964833,0,0,0.829717130545129,-0.184873832570972,0.0539662887618508,1.50455734654927,1.21329653361398,-0.27742137659525,0.797718418959693,-0.501991630764842,1.36431897027251,1.78695105508599,1.43336961957972,0.563021007749523,1.54595445734674,1.44636932796444,0.0555446375003648,-0.189820716720835,0.391266045861016,-0.371277733430179,-0.166402515872582,0.856392203120998,0.457993841811336,0.658697740989938,1.46353323597054,0.0699221365892854,1.15005398218983,0.678582106168294,-0.636050447543686,-0.691410709471841,1.06309579258781,-0.62541035944936,-0.513246088979342,-0.24069059247955,0.502378437133711,0.48287649739278,0.562023149804395,-0.0041026890859041,-0.036338183323176,-0.296324815106797,-0.508460685888365,0.443145276740837,0.573172900579149,1.30525441526631
2004-09-01,NA,0.0199110355400697,0.818336202461424,0.58080895120214,-0.20139534322216,0,-0.0580485874998227,0,1.36301152454808,0,0,-0.16845893804478,0.274197747234459,0.144096901081668,2.3110849697218,0.785603722631189,0.00512398706438235,0.934739976480199,-0.501991630764842,2.20330884302315,1.98838771814942,2.16560015605755,2.28277499208501,1.82612481509195,1.49689035519759,0.145818357292283,-0.189820716720835,0.391266045861016,-0.371277733430179,-0.166402515872582,0.856392203120998,0.457993841811336,0.658697740989938,1.46353323597054,0.0699221365892854,1.15005398218983,0.678582106168294,-0.636050447543686,-0.691410709471841,1.06309579258781,-0.62541035944936,-0.513246088979342,-0.24069059247955,0.502378437133711,0.48287649739278,0.562023149804395,-0.0041026890859041,-0.036338183323176,-0.296324815106797,-0.508460685888365,0.443145276740837,0.573172900579149,1.30525441526631
2004-10-01,NA,0.00660413101045296,-0.776313506825253,0.108836450876358,0.402928492947547,0,-0.0580485874998227,0,-0.525883091638875,0,0,-0.553978041481844,0.840407320656219,-0.0624622615130144,1.54669491655068,-0.128285139031303,0.862848306540894,0.388661543357374,-0.501991630764842,0.794431142796974,-0.309046335433895,0.745855547468505,2.43249218394267,0.602268680333534,0.613007153871219,-0.061557586790377,-0.189820716720835,0.391266045861016,-0.371277733430179,-0.166402515872582,0.856392203120998,0.457993841811336,0.658697740989938,1.46353323597054,0.0699221365892854,1.15005398218983,0.678582106168294,-0.636050447543686,-0.691410709471841,1.06309579258781,-0.62541035944936,-0.513246088979342,-0.24069059247955,0.502378437133711,0.48287649739278,0.562023149804395,-0.0041026890859041,-0.036338183323176,-0.296324815106797,-0.508460685888365,0.443145276740837,0.573172900579149,1.30525441526631
2004-11-01,NA,0.00171652013937282,-0.882115701005155,-0.438668188807262,-0.272211531672341,0,-0.0580485874998227,0,-0.540215508398281,0,0,-0.689441019988427,1.23987196244975,-0.175567685474273,0.537392810916787,-0.80696218137523,0.254625882064345,-0.153658537868664,-0.501991630764842,-0.365219940962532,-0.703683831316754,-0.393433794349572,1.20311301550746,-0.26968884538159,-0.0534154593179033,-0.175613108576235,-0.189820716720835,0.391266045861016,-0.371277733430179,-0.166402515872582,0.856392203120998,0.457993841811336,0.658697740989938,1.46353323597054,0.0699221365892854,1.15005398218983,0.678582106168294,-0.636050447543686,-0.691410709471841,1.06309579258781,-0.62541035944936,-0.513246088979342,-0.24069059247955,0.502378437133711,0.48287649739278,0.562023149804395,-0.0041026890859041,-0.036338183323176,-0.296324815106797,-0.508460685888365,0.443145276740837,0.573172900579149,1.30525441526631
2004-12-01,NA,0.000378915679442509,-0.935023006739563,-1.89253924268925,-1.02436996020749,0,-0.0580485874998227,0,-0.541609653419676,0,0,-0.689246108436542,2.68706975975354,-0.443918634156487,-0.099458328426351,-1.08456017492924,-0.363287785485696,-0.958574533811502,-0.501991630764842,-0.690231402801818,-0.719254090687953,-0.702136061608055,0.521757491051873,-0.704329575067809,-0.559967767435817,-0.445224928391728,-0.189820716720835,0.391266045861016,-0.371277733430179,-0.166402515872582,0.856392203120998,0.457993841811336,0.658697740989938,1.46353323597054,0.0699221365892854,1.15005398218983,0.678582106168294,-0.636050447543686,-0.691410709471841,1.06309579258781,-0.62541035944936,-0.513246088979342,-0.24069059247955,0.502378437133711,0.48287649739278,0.562023149804395,-0.0041026890859041,-0.036338183323176,-0.296324815106797,-0.508460685888365,0.443145276740837,0.573172900579149,1.30525441526631
2005-01-01,NA,7.80710801393728e-05,-0.928978424792424,-1.70375892758248,-0.963567180019196,0,-0.0580485874998227,0,-0.541601964264392,0,0,-0.690081846540321,2.8361868478218,-0.314128832305101,-0.578888221101599,-1.33680359863461,-2.0057377160249,-1.08066421565268,-0.477063230690867,-0.76262599892328,-0.719296718617984,-0.769488953725904,-0.310411943321846,-0.888922545638366,-0.952551780166612,-0.315890231257772,-0.189820716720835,0.391266045861016,-0.371277733430179,-0.166402515872582,0.856392203120998,0.457993841811336,0.658697740989938,1.46353323597054,0.0699221365892854,1.15005398218983,0.678582106168294,-0.636050447543686,-0.691410709471841,1.06309579258781,-0.62541035944936,-0.513246088979342,-0.24069059247955,0.502378437133711,0.48287649739278,0.562023149804395,-0.0041026890859041,-0.036338183323176,-0.296324815106797,-0.508460685888365,0.443145276740837,0.573172900579149,1.30525441526631
2005-02-01,NA,1.9286968641115e-05,-0.854761965692616,-0.51422222952883,0.479287049963612,0,-0.0580485874998227,0,-0.540083277950796,0,0,-0.68885673598386,0.319798375448755,0.119159361605269,-0.76606003508817,-1.35076369318226,-1.65540301572427,-0.202358895452438,1.49575084819392,-0.777402000080054,-0.71919909151348,-0.782989764382475,-0.795085943361095,-0.954902265935562,-1.15096997392646,0.118552371611078,-0.189820716720835,0.391266045861016,-0.371277733430179,-0.166402515872582,0.856392203120998,0.457993841811336,0.658697740989938,1.46353323597054,0.0699221365892854,1.15005398218983,0.678582106168294,-0.636050447543686,-0.691410709471841,1.06309579258781,-0.62541035944936,-0.513246088979342,-0.24069059247955,0.502378437133711,0.48287649739278,0.562023149804395,-0.0041026890859041,-0.036338183323176,-0.296324815106797,-0.508460685888365,0.443145276740837,0.573172900579149,1.30525441526631
2005-03-01,NA,2.93017421602787e-06,-0.846719003539753,-0.457464467813671,1.17722232799056,0,-0.0580485874998227,0,-0.540861583307346,0,0,-0.688934463189471,-0.979529806788021,0.018218491831773,-0.874005455047827,-1.42107427241979,-2.66537824827561,0.030194438043362,3.13141725900073,-0.779745943302398,-0.718433703719268,-0.785122210276804,-1.04268095932482,-0.990232382653321,-1.25051624891425,0.0182531380918912,-0.189820716720835,0.391266045861016,-0.371277733430179,-0.166402515872582,0.856392203120998,0.457993841811336,0.658697740989938,1.46353323597054,0.0699221365892854,1.15005398218983,0.678582106168294,-0.636050447543686,-0.691410709471841,1.06309579258781,-0.62541035944936,-0.513246088979342,-0.24069059247955,0.502378437133711,0.48287649739278,0.562023149804395,-0.0041026890859041,-0.036338183323176,-0.296324815106797,-0.508460685888365,0.443145276740837,0.573172900579149,1.30525441526631
2005-04-01,NA,3.23322648083624e-05,-0.45284708998776,0.675346942960697,2.0895018771277,0,-0.0580485874998227,0,-0.530286609475922,0,0,-0.68263251487754,-1.04882859525614,0.302042302492842,-0.856014138594996,-0.934230202237467,0.620444047124032,0.780253259506022,0.993255105229689,-0.779891301581856,-0.718361819178864,-0.785265772146969,-1.04182398573362,-0.925701484900924,-1.25521828745415,0.303198441264329,-0.189820716720835,0.391266045861016,-0.371277733430179,-0.166402515872582,0.856392203120998,0.457993841811336,0.658697740989938,1.46353323597054,0.0699221365892854,1.15005398218983,0.678582106168294,-0.636050447543686,-0.691410709471841,1.06309579258781,-0.62541035944936,-0.513246088979342,-0.24069059247955,0.502378437133711,0.48287649739278,0.562023149804395,-0.0041026890859041,-0.036338183323176,-0.296324815106797,-0.508460685888365,0.443145276740837,0.573172900579149,1.30525441526631
2005-05-01,NA,0.000303594146341463,0.31856360616067,1.18503434684841,1.16160814929591,0,-0.0580485874998227,0,-0.518680698158347,0,0,0.145528522320996,-0.956309627422081,0.271313335746808,-0.793763187990519,0.172764868853827,1.14695578143998,0.819555439300529,1.0401505245378,-0.779144334690433,-0.715036897863094,-0.784457302729637,-0.990519992677608,-0.787431416043754,-1.15692780951095,0.272598257155336,-0.189820716720835,0.391266045861016,-0.371277733430179,-0.166402515872582,0.856392203120998,0.457993841811336,0.658697740989938,1.46353323597054,0.0699221365892854,1.15005398218983,0.678582106168294,-0.636050447543686,-0.691410709471841,1.06309579258781,-0.62541035944936,-0.513246088979342,-0.24069059247955,0.502378437133711,0.48287649739278,0.562023149804395,-0.0041026890859041,-0.036338183323176,-0.296324815106797,-0.508460685888365,0.443145276740837,0.573172900579149,1.30525441526631
2005-06-01,NA,0.00917704473867596,1.80887373057754,1.10946180325059,-0.505344876514657,0,-0.0580485874998227,0,1.06923879399081,0,0,2.9760356830242,-0.462725783454006,0.3839704267622,1.11508162261131,1.41902276240586,0.632501130457882,1.00866342263956,-0.0525553610037915,-0.362163163309996,0.361689449329691,-0.338022833695824,-0.38620206582105,0.506757350695295,0.309268412062098,0.385473914240436,-0.189820716720835,0.391266045861016,-0.371277733430179,-0.166402515872582,0.856392203120998,0.457993841811336,0.658697740989938,1.46353323597054,0.0699221365892854,1.15005398218983,0.678582106168294,-0.636050447543686,-0.691410709471841,1.06309579258781,-0.62541035944936,-0.513246088979342,-0.24069059247955,0.502378437133711,0.48287649739278,0.562023149804395,-0.0041026890859041,-0.036338183323176,-0.296324815106797,-0.508460685888365,0.443145276740837,0.573172900579149,1.30525441526631
2005-07-01,NA,0.0210187216724739,2.240407273508,0.826294540273055,-0.288779921514583,0,-0.0580485874998227,0,2.99582113412165,0,0,1.71566281747177,-0.0363114652557219,0.261922169743305,1.39978503603215,1.28490316400635,0.159885046552873,0.78714670501766,-0.501991630764842,0.960885141248935,1.56908297292129,1.03626120369448,0.519497761526271,1.70199794957397,1.3397296677789,0.263154117625343,-0.189820716720835,0.391266045861016,-0.371277733430179,-0.166402515872582,0.856392203120998,0.457993841811336,0.658697740989938,1.46353323597054,0.0699221365892854,1.15005398218983,0.678582106168294,-0.636050447543686,-0.691410709471841,1.06309579258781,-0.62541035944936,-0.513246088979342,-0.24069059247955,0.502378437133711,0.48287649739278,0.562023149804395,-0.0041026890859041,-0.036338183323176,-0.296324815106797,-0.508460685888365,0.443145276740837,0.573172900579149,1.30525441526631
2005-08-01,NA,0.024036138815331,1.59810524674718,0.675245365946158,-1.30467427313783,0,-0.0580485874998227,0,2.1479671899294,0,0,0.350715096665582,-0.230520191048295,0.229038124928896,1.8618923940283,1.05926436904156,-0.67463192750092,0.686836940523885,-0.501991630764842,2.24456202198052,2.39317815878688,2.21432607169905,1.04954847131752,2.12248011398386,1.59241694325662,0.230112103866417,-0.189820716720835,0.391266045861016,-0.371277733430179,-0.166402515872582,0.856392203120998,0.457993841811336,0.658697740989938,1.46353323597054,0.0699221365892854,1.15005398218983,0.678582106168294,-0.636050447543686,-0.691410709471841,1.06309579258781,-0.62541035944936,-0.513246088979342,-0.24069059247955,0.502378437133711,0.48287649739278,0.562023149804395,-0.0041026890859041,-0.036338183323176,-0.296324815106797,-0.508460685888365,0.443145276740837,0.573172900579149,1.30525441526631
2005-09-01,NA,0.0122168797212544,0.29961750667778,0.675239324190647,-0.330746843679544,0,-0.0580485874998227,0,-0.15710647764204,0,0,0.0804349300878644,0.415650086178737,0.324504858150119,1.87348841220092,0.756774574308553,0.37717096593454,0.818338170611333,-0.501991630764842,1.69066013682818,0.916412899331282,1.65218712338419,2.33623983075712,1.27401944946446,1.24637607898644,0.325698841147807,-0.189820716720835,0.391266045861016,-0.371277733430179,-0.166402515872582,0.856392203120998,0.457993841811336,0.658697740989938,1.46353323597054,0.0699221365892854,1.15005398218983,0.678582106168294,-0.636050447543686,-0.691410709471841,1.06309579258781,-0.62541035944936,-0.513246088979342,-0.24069059247955,0.502378437133711,0.48287649739278,0.562023149804395,-0.0041026890859041,-0.036338183323176,-0.296324815106797,-0.508460685888365,0.443145276740837,0.573172900579149,1.30525441526631
2005-10-01,NA,0.00631408390243903,-0.88987206976222,0.297592976570796,-0.0357676487468908,0,-0.0580485874998227,0,-0.541609653419676,0,0,-0.675186906257096,0.886273238367332,0.105723610633207,1.35033591467263,-0.125357149230004,0.495018006279184,0.283628525653453,-0.501991630764842,0.745675605427773,0.0535892075624576,0.712727019700614,2.37964575016232,0.541296705363807,0.818972307616778,0.106151172603625,-0.189820716720835,0.391266045861016,-0.371277733430179,-0.166402515872582,0.856392203120998,0.457993841811336,0.658697740989938,1.46353323597054,0.0699221365892854,1.15005398218983,0.678582106168294,-0.636050447543686,-0.691410709471841,1.06309579258781,-0.62541035944936,-0.513246088979342,-0.24069059247955,0.502378437133711,0.48287649739278,0.562023149804395,-0.0041026890859041,-0.036338183323176,-0.296324815106797,-0.508460685888365,0.443145276740837,0.573172900579149,1.30525441526631
2005-11-01,NA,0.00194103972125436,-0.720693825851895,-0.495300206485835,-0.679667855396072,0,-0.0580485874998227,0,-0.539423744719348,0,0,-0.668799854840636,1.05180859104568,-0.0140844344526714,0.318339937686373,-0.193875506390075,0.242013616107287,-0.244805500326574,-0.501991630764842,-0.322869932873044,-0.678754247193026,-0.343435671703534,0.969273328982363,-0.238645423519759,0.19982765062334,-0.0145683944345359,-0.189820716720835,0.391266045861016,-0.371277733430179,-0.166402515872582,0.856392203120998,0.457993841811336,0.658697740989938,1.46353323597054,0.0699221365892854,1.15005398218983,0.678582106168294,-0.636050447543686,-0.691410709471841,1.06309579258781,-0.62541035944936,-0.513246088979342,-0.24069059247955,0.502378437133711,0.48287649739278,0.562023149804395,-0.0041026890859041,-0.036338183323176,-0.296324815106797,-0.508460685888365,0.443145276740837,0.573172900579149,1.30525441526631
2005-12-01,NA,0.000437659651567944,-0.875702756630881,-1.77928691323341,-1.38234702915299,0,-0.0580485874998227,0,-0.540624862493811,0,0,-0.689562459745718,2.28859445265627,-0.298271618530527,-0.0829612199381538,-0.757157590605107,-0.532947737790027,-1.0299273703374,-0.501991630764842,-0.678460432391547,-0.718208192479326,-0.68891365382671,0.56170072664768,-0.686339793354603,-0.216806752658336,-0.299952919430664,-0.189820716720835,0.391266045861016,-0.371277733430179,-0.166402515872582,0.856392203120998,0.457993841811336,0.658697740989938,1.46353323597054,0.0699221365892854,1.15005398218983,0.678582106168294,-0.636050447543686,-0.691410709471841,1.06309579258781,-0.62541035944936,-0.513246088979342,-0.24069059247955,0.502378437133711,0.48287649739278,0.562023149804395,-0.0041026890859041,-0.036338183323176,-0.296324815106797,-0.508460685888365,0.443145276740837,0.573172900579149,1.30525441526631
2006-01-01,NA,9.02935191637631e-05,-0.934334092788391,-1.51497219311049,-0.766290697510786,0,-0.0580485874998227,0,-0.541597067315512,0,0,-0.688751441685547,2.96240797848427,-0.0833967659957477,-0.561206201379191,-1.10209953183281,-0.356852098414882,-1.00409481176365,-0.491781391191111,-0.760748795402942,-0.719389735488515,-0.767360917174207,-0.195882123226134,-0.882413607196763,-0.638205386749808,-0.0853585358387181,-0.189820716720835,0.391266045861016,-0.371277733430179,-0.166402515872582,0.856392203120998,0.457993841811336,0.658697740989938,1.46353323597054,0.0699221365892854,1.15005398218983,0.678582106168294,-0.636050447543686,-0.691410709471841,1.06309579258781,-0.62541035944936,-0.513246088979342,-0.24069059247955,0.502378437133711,0.48287649739278,0.562023149804395,-0.0041026890859041,-0.036338183323176,-0.296324815106797,-0.508460685888365,0.443145276740837,0.573172900579149,1.30525441526631
2006-02-01,NA,2.19963763066202e-05,-0.817266742454874,-0.854051341352772,0.213005935838203,0,-0.0580485874998227,0,-0.538954579908272,0,0,-0.688390141900314,0.337615014624808,0.388434288750127,-0.76071951980539,-1.28912712047099,-1.12463063362189,-0.103100522415727,1.36417194753325,-0.77718070770776,-0.719233368133545,-0.782720787998485,-0.778829724834415,-0.94864032765231,-1.05042496026203,0.387615193157647,-0.189820716720835,0.391266045861016,-0.371277733430179,-0.166402515872582,0.856392203120998,0.457993841811336,0.658697740989938,1.46353323597054,0.0699221365892854,1.15005398218983,0.678582106168294,-0.636050447543686,-0.691410709471841,1.06309579258781,-0.62541035944936,-0.513246088979342,-0.24069059247955,0.502378437133711,0.48287649739278,0.562023149804395,-0.0041026890859041,-0.036338183323176,-0.296324815106797,-0.508460685888365,0.443145276740837,0.573172900579149,1.30525441526631
2006-03-01,NA,2.13742160278746e-05,-0.5565541692036,-0.0421179434109502,1.13808915232347,0,-0.0580485874998227,0,-0.532567835063112,0,0,-0.68497964749867,-1.0104781494316,0.278514266010873,-0.82891089715088,-1.15868830030444,-0.402652713195069,0.149832451608125,1.69592704069733,-0.779692813867588,-0.718426209606334,-0.785063379454725,-1.01252232589073,-0.943231535605414,-1.2095068032953,0.27839343228746,-0.189820716720835,0.391266045861016,-0.371277733430179,-0.166402515872582,0.856392203120998,0.457993841811336,0.658697740989938,1.46353323597054,0.0699221365892854,1.15005398218983,0.678582106168294,-0.636050447543686,-0.691410709471841,1.06309579258781,-0.62541035944936,-0.513246088979342,-0.24069059247955,0.502378437133711,0.48287649739278,0.562023149804395,-0.0041026890859041,-0.036338183323176,-0.296324815106797,-0.508460685888365,0.443145276740837,0.573172900579149,1.30525441526631
2006-04-01,NA,5.59141463414634e-05,-0.30094427694524,0.505381032126877,1.43124768475552,0,-0.0580485874998227,0,-0.523910777664168,0,0,-0.63742803276419,-1.04474870331022,0.587585642884078,-0.830355751752464,-0.84616385764663,-0.254328718401768,0.892831114673454,1.35484449925229,-0.779886133780323,-0.718338216254498,-0.78525953623167,-1.01292809322776,-0.896791955574879,-1.25343324195454,0.588530747021181,-0.189820716720835,0.391266045861016,-0.371277733430179,-0.166402515872582,0.856392203120998,0.457993841811336,0.658697740989938,1.46353323597054,0.0699221365892854,1.15005398218983,0.678582106168294,-0.636050447543686,-0.691410709471841,1.06309579258781,-0.62541035944936,-0.513246088979342,-0.24069059247955,0.502378437133711,0.48287649739278,0.562023149804395,-0.0041026890859041,-0.036338183323176,-0.296324815106797,-0.508460685888365,0.443145276740837,0.573172900579149,1.30525441526631
2006-05-01,NA,0.000898640278745645,0.579992261049556,0.543091781981893,0.140781508823708,0,-0.0580485874998227,0,-0.510621398083105,0,0,1.49459936296141,-0.787392653607304,0.554122222895293,-0.530186490738397,1.05840405676192,1.46489220049667,0.94360681787939,0.497835042588116,-0.77077428642135,-0.669868256271426,-0.775709935676838,-0.856237840024535,-0.611596644236413,-0.875240978649111,0.555225026103909,-0.189820716720835,0.391266045861016,-0.371277733430179,-0.166402515872582,0.856392203120998,0.457993841811336,0.658697740989938,1.46353323597054,0.0699221365892854,1.15005398218983,0.678582106168294,-0.636050447543686,-0.691410709471841,1.06309579258781,-0.62541035944936,-0.513246088979342,-0.24069059247955,0.502378437133711,0.48287649739278,0.562023149804395,-0.0041026890859041,-0.036338183323176,-0.296324815106797,-0.508460685888365,0.443145276740837,0.573172900579149,1.30525441526631
2006-06-01,NA,0.00838340905923345,1.03672198272842,1.07171367003334,0.210746317370401,0,-0.0580485874998227,0,0.75589132877029,0,0,1.09282357836554,0.281748741550727,0.676800702959935,1.08407889145822,1.20806051707943,0.808588274482713,1.12530533963202,-0.501991630764842,-0.0366808184075753,0.603275667415349,0.0105368707954892,0.384262384763339,0.466699669627219,0.569015146940999,0.678091384090093,-0.189820716720835,0.391266045861016,-0.371277733430179,-0.166402515872582,0.856392203120998,0.457993841811336,0.658697740989938,1.46353323597054,0.0699221365892854,1.15005398218983,0.678582106168294,-0.636050447543686,-0.691410709471841,1.06309579258781,-0.62541035944936,-0.513246088979342,-0.24069059247955,0.502378437133711,0.48287649739278,0.562023149804395,-0.0041026890859041,-0.036338183323176,-0.296324815106797,-0.508460685888365,0.443145276740837,0.573172900579149,1.30525441526631
2006-07-01,NA,0.0265343531707317,2.77806799106313,0.86402001690713,-0.655646633767304,0,-0.0580485874998227,0,4.10387678909192,0,0,2.26839716028851,-0.366771672638908,0.54389598956423,2.83118761727732,1.39412582802621,-0.0810730516761142,0.907728589281127,-0.501991630764842,0.951798677593402,1.52637588383875,1.04709515230538,0.23554418031173,2.05572748913512,1.24815006205394,0.544940446928453,-0.189820716720835,0.391266045861016,-0.371277733430179,-0.166402515872582,0.856392203120998,0.457993841811336,0.658697740989938,1.46353323597054,0.0699221365892854,1.15005398218983,0.678582106168294,-0.636050447543686,-0.691410709471841,1.06309579258781,-0.62541035944936,-0.513246088979342,-0.24069059247955,0.502378437133711,0.48287649739278,0.562023149804395,-0.0041026890859041,-0.036338183323176,-0.296324815106797,-0.508460685888365,0.443145276740837,0.573172900579149,1.30525441526631
2006-08-01,NA,0.0211406851567944,1.58826204604176,0.618637892899352,-1.06462595886366,0,-0.0580485874998227,0,1.64900600173641,0,0,0.458316650395757,-0.384271230667553,0.50808572239218,2.83708836433191,1.22016530281734,-0.663624479138948,0.802619527103031,-0.501991630764842,2.08731333678535,2.45043033319901,2.08036353420816,0.762739770754403,1.93218855258573,1.61528407557183,0.508968643739245,-0.189820716720835,0.391266045861016,-0.371277733430179,-0.166402515872582,0.856392203120998,0.457993841811336,0.658697740989938,1.46353323597054,0.0699221365892854,1.15005398218983,0.678582106168294,-0.636050447543686,-0.691410709471841,1.06309579258781,-0.62541035944936,-0.513246088979342,-0.24069059247955,0.502378437133711,0.48287649739278,0.562023149804395,-0.0041026890859041,-0.036338183323176,-0.296324815106797,-0.508460685888365,0.443145276740837,0.573172900579149,1.30525441526631
2006-09-01,NA,0.0109330419512195,-0.212605394843652,0.618594467781612,0.0318497815374136,0,-0.0580485874998227,0,-0.519077978045423,0,0,-0.480281063447913,0.698936506934777,0.61204695572517,2.16742467483249,0.507951936779229,0.549146475209532,0.931352376213919,-0.501991630764842,1.83496901275155,0.835077274179552,1.78902652160798,2.68398784713274,1.14598053934394,1.17882433201944,0.613031433875823,-0.189820716720835,0.391266045861016,-0.371277733430179,-0.166402515872582,0.856392203120998,0.457993841811336,0.658697740989938,1.46353323597054,0.0699221365892854,1.15005398218983,0.678582106168294,-0.636050447543686,-0.691410709471841,1.06309579258781,-0.62541035944936,-0.513246088979342,-0.24069059247955,0.502378437133711,0.48287649739278,0.562023149804395,-0.0041026890859041,-0.036338183323176,-0.296324815106797,-0.508460685888365,0.443145276740837,0.573172900579149,1.30525441526631
2006-10-01,NA,0.00618230634146342,-0.444264428261642,0.335390199051571,0.151030879467104,0,-0.0580485874998227,0,-0.491922525778355,0,0,-0.381943638475406,0.744422238641649,0.373803467521192,1.25152221062462,0.388888107012967,0.928276739408883,0.390094967768037,-0.501991630764842,0.634495013154751,0.139248100109542,0.617671023985703,1.71874611891037,0.508318958579303,0.916916730377848,0.374031518487472,-0.189820716720835,0.391266045861016,-0.371277733430179,-0.166402515872582,0.856392203120998,0.457993841811336,0.658697740989938,1.46353323597054,0.0699221365892854,1.15005398218983,0.678582106168294,-0.636050447543686,-0.691410709471841,1.06309579258781,-0.62541035944936,-0.513246088979342,-0.24069059247955,0.502378437133711,0.48287649739278,0.562023149804395,-0.0041026890859041,-0.036338183323176,-0.296324815106797,-0.508460685888365,0.443145276740837,0.573172900579149,1.30525441526631
2006-11-01,NA,0.002248206271777,-0.917365452220954,-0.212102357121026,-0.182921042992985,0,-0.0580485874998227,0,-0.541609279701835,0,0,-0.690112353086017,1.38243756240454,0.243337999155016,0.77659556771348,-0.633533595474125,0.31251434712276,-0.154174553943432,-0.501991630764842,-0.250210828386653,-0.656184854454974,-0.264637000318137,1.22546840237741,-0.191224173470292,0.202314889276152,0.242640079582557,-0.189820716720835,0.391266045861016,-0.371277733430179,-0.166402515872582,0.856392203120998,0.457993841811336,0.658697740989938,1.46353323597054,0.0699221365892854,1.15005398218983,0.678582106168294,-0.636050447543686,-0.691410709471841,1.06309579258781,-0.62541035944936,-0.513246088979342,-0.24069059247955,0.502378437133711,0.48287649739278,0.562023149804395,-0.0041026890859041,-0.036338183323176,-0.296324815106797,-0.508460685888365,0.443145276740837,0.573172900579149,1.30525441526631
2006-12-01,NA,0.000488797212543554,-0.926913325335831,-1.59046996998385,-1.06543699124083,0,-0.0580485874998227,0,-0.541609653419676,0,0,-0.690111124856138,3.09962160155981,-0.0661291194370949,-0.0221362005799594,-1.10779452940314,-0.392549790037452,-0.962235114241492,-0.501991630764842,-0.667323212882175,-0.718917607391682,-0.676525415836584,0.440978435453377,-0.674608414144933,-0.325035092637811,-0.0680310318193215,-0.189820716720835,0.391266045861016,-0.371277733430179,-0.166402515872582,0.856392203120998,0.457993841811336,0.658697740989938,1.46353323597054,0.0699221365892854,1.15005398218983,0.678582106168294,-0.636050447543686,-0.691410709471841,1.06309579258781,-0.62541035944936,-0.513246088979342,-0.24069059247955,0.502378437133711,0.48287649739278,0.562023149804395,-0.0041026890859041,-0.036338183323176,-0.296324815106797,-0.508460685888365,0.443145276740837,0.573172900579149,1.30525441526631
2007-01-01,NA,9.65151219512195e-05,-0.929538298119373,-1.89256982907652,-1.06346938210744,0,-0.0580485874998227,0,-0.541608550349299,0,0,-0.690109904091684,3.22183225250516,0.132555015398763,-0.555304019254563,-1.3711461294586,-0.787225052884615,-0.943365360425061,-0.499049103184488,-0.759171292713378,-0.719299996871785,-0.765541607648464,-0.281013111523682,-0.880095815499687,-0.845392532314855,0.13038380069665,-0.189820716720835,0.391266045861016,-0.371277733430179,-0.166402515872582,0.856392203120998,0.457993841811336,0.658697740989938,1.46353323597054,0.0699221365892854,1.15005398218983,0.678582106168294,-0.636050447543686,-0.691410709471841,1.06309579258781,-0.62541035944936,-0.513246088979342,-0.24069059247955,0.502378437133711,0.48287649739278,0.562023149804395,-0.0041026890859041,-0.036338183323176,-0.296324815106797,-0.508460685888365,0.443145276740837,0.573172900579149,1.30525441526631
2007-02-01,NA,1.8082787456446e-05,-0.772052193179671,-0.778535439212871,0.370216539746342,0,-0.0580485874998227,0,-0.539958126303473,0,0,-0.690023142779082,0.655193008989078,0.640459002892232,-0.772165214392037,-1.39389768059334,-1.59540242289459,-0.031213146161097,1.9371048448914,-0.776981782054291,-0.719151310467332,-0.782475467462368,-0.794738240707753,-0.959085846352844,-1.17299622575839,0.639397798107053,-0.189820716720835,0.391266045861016,-0.371277733430179,-0.166402515872582,0.856392203120998,0.457993841811336,0.658697740989938,1.46353323597054,0.0699221365892854,1.15005398218983,0.678582106168294,-0.636050447543686,-0.691410709471841,1.06309579258781,-0.62541035944936,-0.513246088979342,-0.24069059247955,0.502378437133711,0.48287649739278,0.562023149804395,-0.0041026890859041,-0.036338183323176,-0.296324815106797,-0.508460685888365,0.443145276740837,0.573172900579149,1.30525441526631
2007-03-01,NA,6.94411149825784e-06,-0.82648972457155,0.108919902624363,1.48000068406011,0,-0.0580485874998227,0,-0.539706643991656,0,0,-0.688646767747449,-0.989192281310639,0.52213542509115,-0.8515168117563,-1.36048826845113,-1.97164633442382,0.21817261776606,3.33082619394495,-0.779633070037203,-0.718404447323609,-0.7849995772722,-1.0278341544249,-0.977276332438376,-1.24975144902674,0.521777442919937,-0.189820716720835,0.391266045861016,-0.371277733430179,-0.166402515872582,0.856392203120998,0.457993841811336,0.658697740989938,1.46353323597054,0.0699221365892854,1.15005398218983,0.678582106168294,-0.636050447543686,-0.691410709471841,1.06309579258781,-0.62541035944936,-0.513246088979342,-0.24069059247955,0.502378437133711,0.48287649739278,0.562023149804395,-0.0041026890859041,-0.036338183323176,-0.296324815106797,-0.508460685888365,0.443145276740837,0.573172900579149,1.30525441526631
2007-04-01,NA,2.27389547038328e-05,-0.552294210410516,0.448780733664741,1.79799021454399,0,-0.0580485874998227,0,-0.531905427217094,0,0,-0.685263370461113,-1.03433962671556,0.854836824748333,-0.847589612149602,-1.22735084269228,-0.886297483837834,0.983603982886606,1.97856686129793,-0.779872392615737,-0.718361027661922,-0.785245994248929,-1.04111675018125,-0.938878925609663,-1.25449003579261,0.855555567701552,-0.189820716720835,0.391266045861016,-0.371277733430179,-0.166402515872582,0.856392203120998,0.457993841811336,0.658697740989938,1.46353323597054,0.0699221365892854,1.15005398218983,0.678582106168294,-0.636050447543686,-0.691410709471841,1.06309579258781,-0.62541035944936,-0.513246088979342,-0.24069059247955,0.502378437133711,0.48287649739278,0.562023149804395,-0.0041026890859041,-0.036338183323176,-0.296324815106797,-0.508460685888365,0.443145276740837,0.573172900579149,1.30525441526631
2007-05-01,NA,0.000338114006968641,0.306012805084813,0.467563796330969,0.842206612385341,0,-0.0580485874998227,0,-0.516012589487791,0,0,0.0929087817035031,-0.940530517448279,0.81881590210917,-0.775699217855736,0.632502975798316,1.70570943663329,1.03717536508547,1.0471807414629,-0.778978040451668,-0.714455214569867,-0.784287096703904,-0.961886920582995,-0.765164897581864,-1.14002492567513,0.819701257800714,-0.189820716720835,0.391266045861016,-0.371277733430179,-0.166402515872582,0.856392203120998,0.457993841811336,0.658697740989938,1.46353323597054,0.0699221365892854,1.15005398218983,0.678582106168294,-0.636050447543686,-0.691410709471841,1.06309579258781,-0.62541035944936,-0.513246088979342,-0.24069059247955,0.502378437133711,0.48287649739278,0.562023149804395,-0.0041026890859041,-0.036338183323176,-0.296324815106797,-0.508460685888365,0.443145276740837,0.573172900579149,1.30525441526631
2007-06-01,NA,0.0038773831358885,0.918496369915276,1.1472480750495,0.367710440281219,0,-0.0580485874998227,0,0.137546756328389,0,0,1.57922193878507,-0.379429697350655,0.950873344688187,0.138065592122893,1.27039230436535,1.4651629036864,1.22281817165252,0.714687771334852,-0.578904089118398,-0.148830907617321,-0.568647858984537,-0.387303120053902,-0.159586764751077,-0.129929961652096,0.951939228595675,-0.189820716720835,0.391266045861016,-0.371277733430179,-0.166402515872582,0.856392203120998,0.457993841811336,0.658697740989938,1.46353323597054,0.0699221365892854,1.15005398218983,0.678582106168294,-0.636050447543686,-0.691410709471841,1.06309579258781,-0.62541035944936,-0.513246088979342,-0.24069059247955,0.502378437133711,0.48287649739278,0.562023149804395,-0.0041026890859041,-0.036338183323176,-0.296324815106797,-0.508460685888365,0.443145276740837,0.573172900579149,1.30525441526631
2007-07-01,NA,0.0123210213240418,0.929706261635504,0.864032100418154,-0.125036786206094,0,-0.0580485874998227,0,0.954394003651941,0,0,0.421518511024499,0.164218955635478,0.807806902118243,1.80451614149688,1.24372168210373,0.409055967296692,0.996452156408145,-0.501991630764842,0.54068198528603,1.00596304784907,0.635121309107522,0.563270837988968,0.808569286888104,0.595647876889401,0.808624396722684,-0.189820716720835,0.391266045861016,-0.371277733430179,-0.166402515872582,0.856392203120998,0.457993841811336,0.658697740989938,1.46353323597054,0.0699221365892854,1.15005398218983,0.678582106168294,-0.636050447543686,-0.691410709471841,1.06309579258781,-0.62541035944936,-0.513246088979342,-0.24069059247955,0.502378437133711,0.48287649739278,0.562023149804395,-0.0041026890859041,-0.036338183323176,-0.296324815106797,-0.508460685888365,0.443145276740837,0.573172900579149,1.30525441526631
2007-08-01,NA,0.0106247514982578,0.803863878542029,0.675238946580927,-0.674041023915181,0,-0.0580485874998227,0,0.244006170438499,0,0,0.756895218518075,0.169813388017283,0.769259566670058,1.63173781902124,1.29972080072771,0.179562918326309,0.888225270788822,-0.501991630764842,0.809426429990998,0.969526580871616,0.913188060900851,0.60876821007624,0.737526735504903,0.992406752027166,0.769911083471473,-0.189820716720835,0.391266045861016,-0.371277733430179,-0.166402515872582,0.856392203120998,0.457993841811336,0.658697740989938,1.46353323597054,0.0699221365892854,1.15005398218983,0.678582106168294,-0.636050447543686,-0.691410709471841,1.06309579258781,-0.62541035944936,-0.513246088979342,-0.24069059247955,0.502378437133711,0.48287649739278,0.562023149804395,-0.0041026890859041,-0.036338183323176,-0.296324815106797,-0.508460685888365,0.443145276740837,0.573172900579149,1.30525441526631
2007-09-01,NA,0.0150286427874564,0.976494974566223,0.61853858154313,-0.469992593751063,0,-0.0580485874998227,0,0.925697843925587,0,0,0.797581000669209,0.0268326245307063,0.881167886459589,1.96587104558662,1.05782433920194,-0.0846326034575879,1.03397996513854,-0.501991630764842,1.27846600053116,1.42839718822186,1.35435845410493,1.25947750268297,1.2703731313785,1.34808903831021,0.881948621766189,-0.189820716720835,0.391266045861016,-0.371277733430179,-0.166402515872582,0.856392203120998,0.457993841811336,0.658697740989938,1.46353323597054,0.0699221365892854,1.15005398218983,0.678582106168294,-0.636050447543686,-0.691410709471841,1.06309579258781,-0.62541035944936,-0.513246088979342,-0.24069059247955,0.502378437133711,0.48287649739278,0.562023149804395,-0.0041026890859041,-0.036338183323176,-0.296324815106797,-0.508460685888365,0.443145276740837,0.573172900579149,1.30525441526631
2007-10-01,NA,0.00896478773519164,-0.240358469641453,0.071063773027348,-0.32006573880517,0,-0.0580485874998227,0,-0.268792669238721,0,0,-0.190247216550662,0.653380093636617,0.624709819052379,1.32609027600121,0.332823228747498,0.362686508451575,0.47890126459773,-0.501991630764842,1.06679547724904,0.581595636831483,1.07063153996131,2.12505205858245,0.825341432952946,1.09001500646641,0.624734635718284,-0.189820716720835,0.391266045861016,-0.371277733430179,-0.166402515872582,0.856392203120998,0.457993841811336,0.658697740989938,1.46353323597054,0.0699221365892854,1.15005398218983,0.678582106168294,-0.636050447543686,-0.691410709471841,1.06309579258781,-0.62541035944936,-0.513246088979342,-0.24069059247955,0.502378437133711,0.48287649739278,0.562023149804395,-0.0041026890859041,-0.036338183323176,-0.296324815106797,-0.508460685888365,0.443145276740837,0.573172900579149,1.30525441526631
2007-11-01,NA,0.00307301017421603,-0.916828770154136,-1.19390084410157,-0.66254825868657,0,-0.0580485874998227,0,-0.541609653419676,0,0,-0.690112353086017,1.1467549339037,0.484269160560084,0.864905798497303,-0.450624322083039,0.0787347051068871,-0.0719169955308964,-0.501991630764842,-0.0534724500477849,-0.609129711223991,-0.0701576365479839,1.76317520822143,-0.0229606403820335,0.309460196052021,0.483364970508333,-0.189820716720835,0.391266045861016,-0.371277733430179,-0.166402515872582,0.856392203120998,0.457993841811336,0.658697740989938,1.46353323597054,0.0699221365892854,1.15005398218983,0.678582106168294,-0.636050447543686,-0.691410709471841,1.06309579258781,-0.62541035944936,-0.513246088979342,-0.24069059247955,0.502378437133711,0.48287649739278,0.562023149804395,-0.0041026890859041,-0.036338183323176,-0.296324815106797,-0.508460685888365,0.443145276740837,0.573172900579149,1.30525441526631
2007-12-01,NA,0.000690397212543554,-0.935023006739563,-1.09957091529844,-1.25318172389486,0,-0.0580485874998227,0,-0.541609653419676,0,0,-0.690112353086017,2.62121309524125,0.151142382138967,0.158707052405991,-1.00123705961038,-0.483606513563525,-0.892408320396089,-0.501991630764842,-0.619537197391406,-0.717773676694719,-0.630022047867342,0.840593327591074,-0.598884514551888,-0.212276731923465,0.149047827134633,-0.189820716720835,0.391266045861016,-0.371277733430179,-0.166402515872582,0.856392203120998,0.457993841811336,0.658697740989938,1.46353323597054,0.0699221365892854,1.15005398218983,0.678582106168294,-0.636050447543686,-0.691410709471841,1.06309579258781,-0.62541035944936,-0.513246088979342,-0.24069059247955,0.502378437133711,0.48287649739278,0.562023149804395,-0.0041026890859041,-0.036338183323176,-0.296324815106797,-0.508460685888365,0.443145276740837,0.573172900579149,1.30525441526631
2008-01-01,NA,0.000141752195121951,-0.696276161133435,-1.76042266447749,-1.13327437049153,0,-0.0580485874998227,0,-0.538223787068337,0,0,-0.68994027344027,2.8684595849658,0.418328478727866,-0.456645628922421,-1.22212308787713,-0.555544795614528,-0.731609633514094,-0.501991630764842,-0.748855522696256,-0.718687099657033,-0.75576261028615,-0.127559973608745,-0.842325392921044,-0.723973297044173,0.416153877742767,-0.189820716720835,0.391266045861016,-0.371277733430179,-0.166402515872582,0.856392203120998,0.457993841811336,0.658697740989938,1.46353323597054,0.0699221365892854,1.15005398218983,0.678582106168294,-0.636050447543686,-0.691410709471841,1.06309579258781,-0.62541035944936,-0.513246088979342,-0.24069059247955,0.502378437133711,0.48287649739278,0.562023149804395,-0.0041026890859041,-0.036338183323176,-0.296324815106797,-0.508460685888365,0.443145276740837,0.573172900579149,1.30525441526631
2008-02-01,NA,4.21664111498258e-05,-0.891285643935019,-2.04349401458627,-1.31437777471901,0,-0.0580485874998227,0,-0.541108492217342,0,0,-0.686310892841705,0.383021657678873,0.840111571758277,-0.751731545726698,-0.460034116730884,-0.473748463138601,0.0812161019478245,0.733043994450567,-0.774762894090601,-0.719375424216681,-0.780418286347493,-0.756976691873497,-0.931433229998786,-0.984745266179619,0.838973348269381,-0.189820716720835,0.391266045861016,-0.371277733430179,-0.166402515872582,0.856392203120998,0.457993841811336,0.658697740989938,1.46353323597054,0.0699221365892854,1.15005398218983,0.678582106168294,-0.636050447543686,-0.691410709471841,1.06309579258781,-0.62541035944936,-0.513246088979342,-0.24069059247955,0.502378437133711,0.48287649739278,0.562023149804395,-0.0041026890859041,-0.036338183323176,-0.296324815106797,-0.508460685888365,0.443145276740837,0.573172900579149,1.30525441526631
2008-03-01,NA,2.08524041811847e-05,-0.416105752718492,-0.26869623621793,1.35649408011883,0,-0.0580485874998227,0,-0.530485818334241,0,0,-0.683540143223289,-0.905881903202706,0.844526329230424,-0.827284140899545,-0.908864597526132,-0.428664672241647,0.497845252305618,2.81112837592657,-0.779442832808215,-0.718590271860752,-0.784812817750088,-0.995058489193319,-0.946799414892199,-1.20197331717104,0.844248361756936,-0.189820716720835,0.391266045861016,-0.371277733430179,-0.166402515872582,0.856392203120998,0.457993841811336,0.658697740989938,1.46353323597054,0.0699221365892854,1.15005398218983,0.678582106168294,-0.636050447543686,-0.691410709471841,1.06309579258781,-0.62541035944936,-0.513246088979342,-0.24069059247955,0.502378437133711,0.48287649739278,0.562023149804395,-0.0041026890859041,-0.036338183323176,-0.296324815106797,-0.508460685888365,0.443145276740837,0.573172900579149,1.30525441526631
2008-04-01,NA,0.000264197351916376,-0.0901297544377683,0.580934317629006,1.9191516381426,0,-0.0580485874998227,0,-0.507218139694922,0,0,-0.175192592549924,-0.576363743389513,1.20849742642577,-0.678282215286656,0.929316817439148,2.43397575312481,1.31028937264072,1.3020116154218,-0.777897445406204,-0.713894581097871,-0.783236467984941,-0.7850668835249,-0.750673631121958,-1.12325785052562,1.20934584561513,-0.189820716720835,0.391266045861016,-0.371277733430179,-0.166402515872582,0.856392203120998,0.457993841811336,0.658697740989938,1.46353323597054,0.0699221365892854,1.15005398218983,0.678582106168294,-0.636050447543686,-0.691410709471841,1.06309579258781,-0.62541035944936,-0.513246088979342,-0.24069059247955,0.502378437133711,0.48287649739278,0.562023149804395,-0.0041026890859041,-0.036338183323176,-0.296324815106797,-0.508460685888365,0.443145276740837,0.573172900579149,1.30525441526631
2008-05-01,NA,0.00100830104529617,0.578142032386002,0.505355354665952,0.591013118187056,0,-0.0580485874998227,0,-0.515262316031257,0,0,1.54244131387868,0.515846898432473,1.16908974499397,-0.222637890876281,1.3944743389391,1.845160612034,1.3562999006828,-0.464865327110674,-0.754895592172196,-0.664111168002673,-0.761865372908375,-0.264816256864645,-0.510414165282801,-0.494562237798251,1.17009525441314,-0.189820716720835,0.391266045861016,-0.371277733430179,-0.166402515872582,0.856392203120998,0.457993841811336,0.658697740989938,1.46353323597054,0.0699221365892854,1.15005398218983,0.678582106168294,-0.636050447543686,-0.691410709471841,1.06309579258781,-0.62541035944936,-0.513246088979342,-0.24069059247955,0.502378437133711,0.48287649739278,0.562023149804395,-0.0041026890859041,-0.036338183323176,-0.296324815106797,-0.508460685888365,0.443145276740837,0.573172900579149,1.30525441526631
2008-06-01,NA,0.019477148989547,2.47555257917327,0.807355524792683,-0.729537711907635,0,-0.0580485874998227,0,3.10789454180789,0,0,2.71737172770436,-0.156567163025288,1.31356016993231,2.27891200418712,1.33277964563938,0.0645563098392811,1.56301468675432,-0.501991630764842,0.266229948965842,1.21836233865034,0.313390124166922,0.41762130937566,1.4773480219858,1.13632597949561,1.31477213811059,-0.189820716720835,0.391266045861016,-0.371277733430179,-0.166402515872582,0.856392203120998,0.457993841811336,0.658697740989938,1.46353323597054,0.0699221365892854,1.15005398218983,0.678582106168294,-0.636050447543686,-0.691410709471841,1.06309579258781,-0.62541035944936,-0.513246088979342,-0.24069059247955,0.502378437133711,0.48287649739278,0.562023149804395,-0.0041026890859041,-0.036338183323176,-0.296324815106797,-0.508460685888365,0.443145276740837,0.573172900579149,1.30525441526631
2008-07-01,NA,0.0252050575609756,2.34801912969996,0.788522240033764,-0.857641264946097,0,-0.0580485874998227,0,3.27704293157674,0,0,1.0217287062586,-0.306885682459115,1.15704751625677,2.81614508272866,1.26243189473938,-0.459989784097308,1.32274478898794,-0.501991630764842,1.6471041335096,2.19345260450814,1.67241181380047,0.560871850619617,2.16116057868353,1.55410950421632,1.15800243902431,-0.189820716720835,0.391266045861016,-0.371277733430179,-0.166402515872582,0.856392203120998,0.457993841811336,0.658697740989938,1.46353323597054,0.0699221365892854,1.15005398218983,0.678582106168294,-0.636050447543686,-0.691410709471841,1.06309579258781,-0.62541035944936,-0.513246088979342,-0.24069059247955,0.502378437133711,0.48287649739278,0.562023149804395,-0.0041026890859041,-0.036338183323176,-0.296324815106797,-0.508460685888365,0.443145276740837,0.573172900579149,1.30525441526631
2008-08-01,NA,0.0228359916376307,1.36573581023355,0.637471932877709,-0.691522806395905,0,-0.0580485874998227,0,1.58572164606761,0,0,0.334514927188858,-0.0537386810389517,1.11487690677425,2.30391907797205,1.09913445486053,-0.495897219031003,1.20688838634412,-0.501991630764842,2.60728560110708,2.44662313116808,2.52452378129448,1.90551240146384,2.24651285294283,1.59909893860848,1.11565524693324,-0.189820716720835,0.391266045861016,-0.371277733430179,-0.166402515872582,0.856392203120998,0.457993841811336,0.658697740989938,1.46353323597054,0.0699221365892854,1.15005398218983,0.678582106168294,-0.636050447543686,-0.691410709471841,1.06309579258781,-0.62541035944936,-0.513246088979342,-0.24069059247955,0.502378437133711,0.48287649739278,0.562023149804395,-0.0041026890859041,-0.036338183323176,-0.296324815106797,-0.508460685888365,0.443145276740837,0.573172900579149,1.30525441526631
2008-09-01,NA,0.0106138937979094,0.233413757453025,0.694110369921513,-0.0364689421322635,0,-0.0580485874998227,0,-0.340709007992137,0,0,-0.362271412851712,0.609213025097605,1.23730434363394,2.27629391460296,0.778869661977471,0.628759617456848,1.34847358724436,-0.501991630764842,1.6872779825514,0.695332419131765,1.60520764456577,2.58854835949262,1.16981217733454,1.17920337856927,1.23818711168117,-0.189820716720835,0.391266045861016,-0.371277733430179,-0.166402515872582,0.856392203120998,0.457993841811336,0.658697740989938,1.46353323597054,0.0699221365892854,1.15005398218983,0.678582106168294,-0.636050447543686,-0.691410709471841,1.06309579258781,-0.62541035944936,-0.513246088979342,-0.24069059247955,0.502378437133711,0.48287649739278,0.562023149804395,-0.0041026890859041,-0.036338183323176,-0.296324815106797,-0.508460685888365,0.443145276740837,0.573172900579149,1.30525441526631
2008-10-01,NA,0.00718061268292683,-0.393383284706892,0.448654612018435,-0.246755539448335,0,-0.0580485874998227,0,-0.497594928639777,0,0,-0.341647174812506,0.950576879898061,0.956741479603776,1.61417582333797,0.428650668983975,0.51868088616197,0.762618183828003,-0.501991630764842,0.824729449521502,0.345804666121855,0.804053716243055,2.49076850619821,0.636117315004017,0.996756895204495,0.956840294308635,-0.189820716720835,0.391266045861016,-0.371277733430179,-0.166402515872582,0.856392203120998,0.457993841811336,0.658697740989938,1.46353323597054,0.0699221365892854,1.15005398218983,0.678582106168294,-0.636050447543686,-0.691410709471841,1.06309579258781,-0.62541035944936,-0.513246088979342,-0.24069059247955,0.502378437133711,0.48287649739278,0.562023149804395,-0.0041026890859041,-0.036338183323176,-0.296324815106797,-0.508460685888365,0.443145276740837,0.573172900579149,1.30525441526631
2008-11-01,NA,0.00297814076655052,-0.84448648811694,-0.891800229789455,-0.73994862965055,0,-0.0580485874998227,0,-0.541609653419676,0,0,-0.605015476316892,1.0650711976506,0.80310129482185,0.615499237151538,-0.0255459504262422,0.348354737670195,0.18504006822258,-0.501991630764842,-0.0773469303843195,-0.498579008675995,-0.0960993469945874,1.47573893009421,-0.02702422874459,0.471516311108187,0.802236533224776,-0.189820716720835,0.391266045861016,-0.371277733430179,-0.166402515872582,0.856392203120998,0.457993841811336,0.658697740989938,1.46353323597054,0.0699221365892854,1.15005398218983,0.678582106168294,-0.636050447543686,-0.691410709471841,1.06309579258781,-0.62541035944936,-0.513246088979342,-0.24069059247955,0.502378437133711,0.48287649739278,0.562023149804395,-0.0041026890859041,-0.036338183323176,-0.296324815106797,-0.508460685888365,0.443145276740837,0.573172900579149,1.30525441526631
2008-12-01,NA,0.000795983832752613,-0.92094212733,-1.89255736795578,-1.34854176788469,0,-0.0580485874998227,0,-0.541314326160151,0,0,-0.690112353086017,1.7944447096571,0.438663850006205,0.10647826562266,-0.805143995629615,-0.505127417146926,-0.671649958382046,-0.501991630764842,-0.594727642338865,-0.711968551884671,-0.606002186095706,1.20215680610969,-0.561350414800902,-0.040192687945071,0.436581754040749,-0.189820716720835,0.391266045861016,-0.371277733430179,-0.166402515872582,0.856392203120998,0.457993841811336,0.658697740989938,1.46353323597054,0.0699221365892854,1.15005398218983,0.678582106168294,-0.636050447543686,-0.691410709471841,1.06309579258781,-0.62541035944936,-0.513246088979342,-0.24069059247955,0.502378437133711,0.48287649739278,0.562023149804395,-0.0041026890859041,-0.036338183323176,-0.296324815106797,-0.508460685888365,0.443145276740837,0.573172900579149,1.30525441526631
2009-01-01,NA,0.000162624668989547,-0.929172505045037,-2.30792805938055,-1.20268718719964,0,-0.0580485874998227,0,-0.541606838103693,0,0,-0.690109993349127,3.35990173520149,0.544000009781093,-0.40701477551233,-1.16768540384427,-0.579200902177469,-0.719519258498036,-0.501991630764842,-0.743710410302379,-0.719344690024233,-0.750826546248364,0.21564306700897,-0.832679971693609,-0.485955047687661,0.541654406243553,-0.189820716720835,0.391266045861016,-0.371277733430179,-0.166402515872582,0.856392203120998,0.457993841811336,0.658697740989938,1.46353323597054,0.0699221365892854,1.15005398218983,0.678582106168294,-0.636050447543686,-0.691410709471841,1.06309579258781,-0.62541035944936,-0.513246088979342,-0.24069059247955,0.502378437133711,0.48287649739278,0.562023149804395,-0.0041026890859041,-0.036338183323176,-0.296324815106797,-0.508460685888365,0.443145276740837,0.573172900579149,1.30525441526631
2009-02-01,NA,3.1208362369338e-05,-0.922958138639049,-0.419905517065886,0.651616515657774,0,-0.0580485874998227,0,-0.541531439232851,0,0,-0.690112074678712,2.08945607508718,1.12063462916914,-0.702661472024254,-1.3896584860644,-0.948780211385537,0.242082337492778,1.0976917052051,-0.773941954523709,-0.719263179504425,-0.77962577104417,-0.489745484394095,-0.943243586218469,-0.980692708454631,1.11939472467919,-0.189820716720835,0.391266045861016,-0.371277733430179,-0.166402515872582,0.856392203120998,0.457993841811336,0.658697740989938,1.46353323597054,0.0699221365892854,1.15005398218983,0.678582106168294,-0.636050447543686,-0.691410709471841,1.06309579258781,-0.62541035944936,-0.513246088979342,-0.24069059247955,0.502378437133711,0.48287649739278,0.562023149804395,-0.0041026890859041,-0.036338183323176,-0.296324815106797,-0.508460685888365,0.443145276740837,0.573172900579149,1.30525441526631
2009-03-01,NA,5.86034843205575e-06,-0.79325431938008,-0.155406901009581,1.43399791030398,0,-0.0580485874998227,0,-0.539335011890614,0,0,-0.689678572476742,-0.847930450532013,0.986299201952664,-0.836160825297165,-1.40079665063344,-1.76691286914092,0.514076429998846,3.48111383468362,-0.779319856946102,-0.718621837995012,-0.784691806486061,-0.984557405425513,-0.980278873130738,-1.23240819297861,0.985834736809883,-0.189820716720835,0.391266045861016,-0.371277733430179,-0.166402515872582,0.856392203120998,0.457993841811336,0.658697740989938,1.46353323597054,0.0699221365892854,1.15005398218983,0.678582106168294,-0.636050447543686,-0.691410709471841,1.06309579258781,-0.62541035944936,-0.513246088979342,-0.24069059247955,0.502378437133711,0.48287649739278,0.562023149804395,-0.0041026890859041,-0.036338183323176,-0.296324815106797,-0.508460685888365,0.443145276740837,0.573172900579149,1.30525441526631
2009-04-01,NA,7.32543554006969e-06,-0.775121999553804,0.486542083222166,1.73903996669225,0,-0.0580485874998227,0,-0.539821653953064,0,0,-0.688231256217136,-0.994214365095878,1.36402217860037,-0.841403938462966,-1.37676775567098,-1.99369372012261,1.30003882821783,4.94140518941958,-0.779837864198917,-0.7183537968189,-0.785210702752591,-1.02979554611807,-0.975592524145758,-1.25267020165688,1.36460640868633,-0.189820716720835,0.391266045861016,-0.371277733430179,-0.166402515872582,0.856392203120998,0.457993841811336,0.658697740989938,1.46353323597054,0.0699221365892854,1.15005398218983,0.678582106168294,-0.636050447543686,-0.691410709471841,1.06309579258781,-0.62541035944936,-0.513246088979342,-0.24069059247955,0.502378437133711,0.48287649739278,0.562023149804395,-0.0041026890859041,-0.036338183323176,-0.296324815106797,-0.508460685888365,0.443145276740837,0.573172900579149,1.30525441526631
2009-05-01,NA,1.32459930313589e-05,-0.365206022692097,0.694135669772717,0.856715394454425,0,-0.0580485874998227,0,-0.535398192410498,0,0,-0.684992009939815,-1.03580341029596,1.32312538093554,-0.852663739295951,-0.890487313957599,-0.266491878812508,1.35793861731862,3.37465170486017,-0.779907918683746,-0.718359531618911,-0.785281405143114,-1.05062709527707,-0.959293921558791,-1.25666493029194,1.32389454910527,-0.189820716720835,0.391266045861016,-0.371277733430179,-0.166402515872582,0.856392203120998,0.457993841811336,0.658697740989938,1.46353323597054,0.0699221365892854,1.15005398218983,0.678582106168294,-0.636050447543686,-0.691410709471841,1.06309579258781,-0.62541035944936,-0.513246088979342,-0.24069059247955,0.502378437133711,0.48287649739278,0.562023149804395,-0.0041026890859041,-0.036338183323176,-0.296324815106797,-0.508460685888365,0.443145276740837,0.573172900579149,1.30525441526631
2009-06-01,NA,0.00157641365853659,0.733498232906436,0.920656943512056,-0.0418318662523282,0,-0.0580485874998227,0,-0.369988394755366,0,0,1.63055814978551,-0.630408092062493,1.47305308998878,-0.345848503023292,0.601483712487581,0.899405520971562,1.57620868157509,1.56419734808339,-0.740045053419908,-0.535144628631008,-0.74228398512209,-0.749006064886092,-0.507557375946815,-0.513018443845263,1.47404371897198,-0.189820716720835,0.391266045861016,-0.371277733430179,-0.166402515872582,0.856392203120998,0.457993841811336,0.658697740989938,1.46353323597054,0.0699221365892854,1.15005398218983,0.678582106168294,-0.636050447543686,-0.691410709471841,1.06309579258781,-0.62541035944936,-0.513246088979342,-0.24069059247955,0.502378437133711,0.48287649739278,0.562023149804395,-0.0041026890859041,-0.036338183323176,-0.296324815106797,-0.508460685888365,0.443145276740837,0.573172900579149,1.30525441526631
2009-07-01,NA,0.0152471414634146,1.88944575631142,0.864019261687692,-0.501150774703547,0,-0.0580485874998227,0,1.94433551869382,0,0,1.83154320650822,-0.106399165111403,1.3106287175079,1.90948277354258,1.39488426601599,0.172124435512375,1.3429976887257,-0.261411775627364,0.342499894381659,1.13818617138167,0.419685786776499,0.294467342743295,1.11927490375156,0.69774636347936,1.31138456001599,-0.189820716720835,0.391266045861016,-0.371277733430179,-0.166402515872582,0.856392203120998,0.457993841811336,0.658697740989938,1.46353323597054,0.0699221365892854,1.15005398218983,0.678582106168294,-0.636050447543686,-0.691410709471841,1.06309579258781,-0.62541035944936,-0.513246088979342,-0.24069059247955,0.502378437133711,0.48287649739278,0.562023149804395,-0.0041026890859041,-0.036338183323176,-0.296324815106797,-0.508460685888365,0.443145276740837,0.573172900579149,1.30525441526631
2009-08-01,NA,0.00778515177700349,-0.356758359521177,0.939529122072081,-0.256738176834121,0,-0.0580485874998227,0,-0.470253420557734,0,0,-0.52621282927411,0.81529739992626,1.26686497157548,1.26701868391696,0.540962365585349,0.529376876613114,1.21679380584575,-0.501991630764842,0.85398143003419,0.637159525250723,0.961487346975566,1.35633875453622,0.409606746694359,0.833622419089075,1.26742408353817,-0.189820716720835,0.391266045861016,-0.371277733430179,-0.166402515872582,0.856392203120998,0.457993841811336,0.658697740989938,1.46353323597054,0.0699221365892854,1.15005398218983,0.678582106168294,-0.636050447543686,-0.691410709471841,1.06309579258781,-0.62541035944936,-0.513246088979342,-0.24069059247955,0.502378437133711,0.48287649739278,0.562023149804395,-0.0041026890859041,-0.036338183323176,-0.296324815106797,-0.508460685888365,0.443145276740837,0.573172900579149,1.30525441526631
2009-09-01,NA,0.00412777254355401,0.0905106770895259,0.86400642295723,0.19420744245013,0,-0.0580485874998227,0,-0.498450922797538,0,0,0.0616961224153582,0.843042467383398,1.39391636857811,0.603856187820102,0.896142035090269,1.21515702776917,1.367605179177,-0.501991630764842,0.0453491618713756,-0.149796461860108,0.0972245452849878,0.771852653951064,-0.0105483882605086,0.496377544775601,1.3945935969476,-0.189820716720835,0.391266045861016,-0.371277733430179,-0.166402515872582,0.856392203120998,0.457993841811336,0.658697740989938,1.46353323597054,0.0699221365892854,1.15005398218983,0.678582106168294,-0.636050447543686,-0.691410709471841,1.06309579258781,-0.62541035944936,-0.513246088979342,-0.24069059247955,0.502378437133711,0.48287649739278,0.562023149804395,-0.0041026890859041,-0.036338183323176,-0.296324815106797,-0.508460685888365,0.443145276740837,0.573172900579149,1.30525441526631
2009-10-01,NA,0.00275629045296167,-0.750766776435414,0.56192619956997,0.208840877966267,0,-0.0580485874998227,0,-0.540206577417704,0,0,-0.653122339732397,1.05454846277375,1.10275419312064,0.25791853177501,0.228139468314504,1.12841950106547,0.782010917498888,-0.501991630764842,-0.170804860161528,-0.348666671956432,-0.134056312989654,0.58924042453783,-0.245972065927999,0.309339473870545,1.10266919244589,-0.189820716720835,0.391266045861016,-0.371277733430179,-0.166402515872582,0.856392203120998,0.457993841811336,0.658697740989938,1.46353323597054,0.0699221365892854,1.15005398218983,0.678582106168294,-0.636050447543686,-0.691410709471841,1.06309579258781,-0.62541035944936,-0.513246088979342,-0.24069059247955,0.502378437133711,0.48287649739278,0.562023149804395,-0.0041026890859041,-0.036338183323176,-0.296324815106797,-0.508460685888365,0.443145276740837,0.573172900579149,1.30525441526631
2009-11-01,NA,0.000828115400696864,-0.919883381134041,-0.51421505494416,-0.213065511971135,0,-0.0580485874998227,0,-0.54160870277489,0,0,-0.689996200210276,2.09777968873611,0.943309796461424,-0.134609194740785,-0.742467251185112,0.26259980155211,0.188363323164558,-0.46890678981474,-0.603451645538206,-0.705276436358654,-0.597001950190177,0.106298975528266,-0.646171091216924,-0.252847975616524,0.942234863189955,-0.189820716720835,0.391266045861016,-0.371277733430179,-0.166402515872582,0.856392203120998,0.457993841811336,0.658697740989938,1.46353323597054,0.0699221365892854,1.15005398218983,0.678582106168294,-0.636050447543686,-0.691410709471841,1.06309579258781,-0.62541035944936,-0.513246088979342,-0.24069059247955,0.502378437133711,0.48287649739278,0.562023149804395,-0.0041026890859041,-0.036338183323176,-0.296324815106797,-0.508460685888365,0.443145276740837,0.573172900579149,1.30525441526631
2009-12-01,NA,0.000154536585365854,-0.933676287434422,-1.25065709537785,-0.970904621020351,0,-0.0580485874998227,0,-0.541586029536587,0,0,-0.690109446077201,1.19274716511936,0.565103038637517,-0.61912295346947,-1.31367804675274,-0.380607049526745,-0.678188529680861,3.13439872452586,-0.749354263061411,-0.719020621876248,-0.75254334288709,-0.535422632520492,-0.878715768094003,-0.764660892203025,0.562811321143207,-0.189820716720835,0.391266045861016,-0.371277733430179,-0.166402515872582,0.856392203120998,0.457993841811336,0.658697740989938,1.46353323597054,0.0699221365892854,1.15005398218983,0.678582106168294,-0.636050447543686,-0.691410709471841,1.06309579258781,-0.62541035944936,-0.513246088979342,-0.24069059247955,0.502378437133711,0.48287649739278,0.562023149804395,-0.0041026890859041,-0.036338183323176,-0.296324815106797,-0.508460685888365,0.443145276740837,0.573172900579149,1.30525441526631
2010-01-01,NA,3.99788153310105e-05,-0.595085095621712,-1.09960150168572,-1.66801269626074,0,-0.0580485874998227,0,-0.536074022859605,0,0,-0.687118603474592,0.00426236291561361,0.821154904192281,-0.787424118363427,-0.872628544402821,-1.10643680770665,-0.653306805585506,3.14772662561943,-0.77521592686483,-0.718323843934699,-0.780242211703134,-0.874962883312266,-0.935774916486689,-1.14462271511026,0.818516171176029,-0.189820716720835,0.391266045861016,-0.371277733430179,-0.166402515872582,0.856392203120998,0.457993841811336,0.658697740989938,1.46353323597054,0.0699221365892854,1.15005398218983,0.678582106168294,-0.636050447543686,-0.691410709471841,1.06309579258781,-0.62541035944936,-0.513246088979342,-0.24069059247955,0.502378437133711,0.48287649739278,0.562023149804395,-0.0041026890859041,-0.036338183323176,-0.296324815106797,-0.508460685888365,0.443145276740837,0.573172900579149,1.30525441526631
2010-02-01,NA,1.27442508710801e-05,-0.920716409561556,-0.4009332719302,0.263905517739213,0,-0.0580485874998227,0,-0.541406078815186,0,0,-0.687112262883047,-0.81465912054499,1.44408723686266,-0.842261986404938,-1.11364063746603,-1.39649010940913,0.327578610561898,3.89685502777916,-0.779171457859519,-0.718352572218163,-0.784496532920298,-1.02471152075848,-0.974602882331329,-1.23137802282763,1.44252157518287,-0.189820716720835,0.391266045861016,-0.371277733430179,-0.166402515872582,0.856392203120998,0.457993841811336,0.658697740989938,1.46353323597054,0.0699221365892854,1.15005398218983,0.678582106168294,-0.636050447543686,-0.691410709471841,1.06309579258781,-0.62541035944936,-0.513246088979342,-0.24069059247955,0.502378437133711,0.48287649739278,0.562023149804395,-0.0041026890859041,-0.036338183323176,-0.296324815106797,-0.508460685888365,0.443145276740837,0.573172900579149,1.30525441526631
2010-03-01,NA,7.22508710801394e-07,-0.831783956715233,0.108943692036689,1.96483995238432,0,7.70946300040155,0,-0.540768372596987,0,0,-0.688634784016639,-0.841906759816509,1.29895927630767,-0.863044344473111,-1.40420931784775,-2.52828602501337,0.299438394675648,5.28766340748601,-0.779753036759427,-0.718434672246479,-0.785125793302044,-1.0658329731082,-0.999372901053671,-1.25371479516961,1.29756067684514,-0.189820716720835,0.391266045861016,-0.371277733430179,-0.166402515872582,0.856392203120998,0.457993841811336,0.658697740989938,1.46353323597054,0.0699221365892854,1.15005398218983,0.678582106168294,-0.636050447543686,-0.691410709471841,1.06309579258781,-0.62541035944936,-0.513246088979342,-0.24069059247955,0.502378437133711,0.48287649739278,0.562023149804395,-0.0041026890859041,-0.036338183323176,-0.296324815106797,-0.508460685888365,0.443145276740837,0.573172900579149,1.30525441526631
2010-04-01,NA,1.95679442508711e-05,-0.509274197280291,1.10958188314138,2.52136280247731,0,20.7343448745116,0,-0.528342521105672,0,0,-0.675647758011954,-0.869863467263067,1.70701547798251,-0.859564430103572,-1.15945421029043,-1.11335500771488,1.25742676393834,3.61060673817389,-0.779726815334943,-0.718618329570352,-0.785124003608082,-1.052283307992,-0.949418131611933,-1.25691336026427,1.70697807961151,-0.189820716720835,0.391266045861016,-0.371277733430179,-0.166402515872582,0.856392203120998,0.457993841811336,0.658697740989938,1.46353323597054,0.0699221365892854,1.15005398218983,0.678582106168294,-0.636050447543686,-0.691410709471841,1.06309579258781,-0.62541035944936,-0.513246088979342,-0.24069059247955,0.502378437133711,0.48287649739278,0.562023149804395,-0.0041026890859041,-0.036338183323176,-0.296324815106797,-0.508460685888365,0.443145276740837,0.573172900579149,1.30525441526631
2010-05-01,NA,4.59997212543554e-05,-0.436221694986775,1.48715875057285,1.58566017986413,0,-0.0580485874998227,0,-0.534722491658538,0,0,-0.674021284870163,-1.04884429777882,1.66283565118263,-0.807931973626436,-0.827492675560313,0.136561751078575,1.45741398173036,2.14558362728726,-0.779914583814356,-0.718366984273643,-0.785288300164326,-1.03162891899275,-0.91806495613891,-1.25797759562257,1.66328305093334,-0.189820716720835,0.391266045861016,-0.371277733430179,-0.166402515872582,0.856392203120998,0.457993841811336,0.658697740989938,1.46353323597054,0.0699221365892854,1.15005398218983,0.678582106168294,-0.636050447543686,-0.691410709471841,1.06309579258781,-0.62541035944936,-0.513246088979342,-0.24069059247955,0.502378437133711,0.48287649739278,0.562023149804395,-0.0041026890859041,-0.036338183323176,-0.296324815106797,-0.508460685888365,0.443145276740837,0.573172900579149,1.30525441526631
2010-06-01,NA,0.00242903414634146,1.04433454375827,1.41157525629316,0.650704378973418,0,-0.0580485874998227,0,-0.171759696332861,0,0,1.82463639682708,-0.656392731216677,1.82480123058411,-0.112492808615863,1.03903712855651,1.7035454183439,1.66713182815388,1.56474883013542,-0.706680515839131,-0.422351616819345,-0.706319821722091,-0.584153313237033,-0.348783417052787,-0.380299326031169,1.82543307230639,-0.189820716720835,0.391266045861016,-0.371277733430179,-0.166402515872582,0.856392203120998,0.457993841811336,0.658697740989938,1.46353323597054,0.0699221365892854,1.15005398218983,0.678582106168294,-0.636050447543686,-0.691410709471841,1.06309579258781,-0.62541035944936,-0.513246088979342,-0.24069059247955,0.502378437133711,0.48287649739278,0.562023149804395,-0.0041026890859041,-0.036338183323176,-0.296324815106797,-0.508460685888365,0.443145276740837,0.573172900579149,1.30525441526631
2010-07-01,NA,0.0133862199303136,1.66256071009341,1.05283054079145,-0.00486128659676511,0,-0.0580485874998227,0,1.53651265572103,0,0,2.00639927506797,-0.280600122397999,1.64933481493521,1.41708826249626,1.31139412424516,0.64896431575177,1.42541778175612,0.425566581392771,0.242454534142224,0.897322534896172,0.314138203157981,0.213452799629382,0.870488923226941,0.535719562361143,1.64973592973066,-0.189820716720835,0.391266045861016,-0.371277733430179,-0.166402515872582,0.856392203120998,0.457993841811336,0.658697740989938,1.46353323597054,0.0699221365892854,1.15005398218983,0.678582106168294,-0.636050447543686,-0.691410709471841,1.06309579258781,-0.62541035944936,-0.513246088979342,-0.24069059247955,0.502378437133711,0.48287649739278,0.562023149804395,-0.0041026890859041,-0.036338183323176,-0.296324815106797,-0.508460685888365,0.443145276740837,0.573172900579149,1.30525441526631
2010-08-01,NA,0.0177053770034843,1.58542067042954,0.675232904825416,-0.874218446467225,0,-0.0580485874998227,0,1.58560793321788,0,0,1.15863050313433,-0.115460046918275,1.60205733581136,1.73801467000723,1.30948906895006,-0.156526457122491,1.3136147167166,-0.501991630764842,1.21165707454047,1.68436020357763,1.30351058489563,0.513930866681456,1.4332926894165,1.37289737124642,1.6022985222377,-0.189820716720835,0.391266045861016,-0.371277733430179,-0.166402515872582,0.856392203120998,0.457993841811336,0.658697740989938,1.46353323597054,0.0699221365892854,1.15005398218983,0.678582106168294,-0.636050447543686,-0.691410709471841,1.06309579258781,-0.62541035944936,-0.513246088979342,-0.24069059247955,0.502378437133711,0.48287649739278,0.562023149804395,-0.0041026890859041,-0.036338183323176,-0.296324815106797,-0.508460685888365,0.443145276740837,0.573172900579149,1.30525441526631
2010-09-01,NA,0.0179262037630662,0.926668892797873,0.845122160886182,0.0418652307247541,0,-0.0580485874998227,0,1.14188595162875,0,0,-0.0878459667817012,0.243594901606218,1.73931084972606,2.36185996533107,0.93274418565414,-0.203432959869875,1.46527887450826,-0.501991630764842,1.9160881270752,1.85431117371331,1.92581109747285,1.82693278591728,1.62287806027191,1.48277362175306,1.739658330085,-0.189820716720835,0.391266045861016,-0.371277733430179,-0.166402515872582,0.856392203120998,0.457993841811336,0.658697740989938,1.46353323597054,0.0699221365892854,1.15005398218983,0.678582106168294,-0.636050447543686,-0.691410709471841,1.06309579258781,-0.62541035944936,-0.513246088979342,-0.24069059247955,0.502378437133711,0.48287649739278,0.562023149804395,-0.0041026890859041,-0.036338183323176,-0.296324815106797,-0.508460685888365,0.443145276740837,0.573172900579149,1.30525441526631
2010-10-01,NA,0.00759049588850174,-0.596323838575878,0.108818325609824,-0.222260666119619,0,-0.0580485874998227,0,-0.538712503443856,0,0,-0.613439663918423,0.866811513696546,1.42477085692662,1.66231068146893,0.224610802915054,0.808233306602034,0.862948143282868,-0.501991630764842,1.03390093961032,0.107845800461801,1.01223509151737,2.41653156729043,0.695377152000365,0.898229961542793,1.4243501502354,-0.189820716720835,0.391266045861016,-0.371277733430179,-0.166402515872582,0.856392203120998,0.457993841811336,0.658697740989938,1.46353323597054,0.0699221365892854,1.15005398218983,0.678582106168294,-0.636050447543686,-0.691410709471841,1.06309579258781,-0.62541035944936,-0.513246088979342,-0.24069059247955,0.502378437133711,0.48287649739278,0.562023149804395,-0.0041026890859041,-0.036338183323176,-0.296324815106797,-0.508460685888365,0.443145276740837,0.573172900579149,1.30525441526631
2010-11-01,NA,0.00255784139372822,-0.919971422869366,-0.66524081746845,-0.474796304296313,0,-0.0580485874998227,0,-0.541609653419676,0,0,-0.690112353086017,1.21592968915296,1.25252441905226,0.755830365255249,-0.54712855508236,0.154369612564697,0.269809601243619,-0.501991630764842,-0.175956937787605,-0.631942698225447,-0.19185194777314,1.28085283120708,-0.123696862905876,0.257278673644825,1.25113458195283,-0.189820716720835,0.391266045861016,-0.371277733430179,-0.166402515872582,0.856392203120998,0.457993841811336,0.658697740989938,1.46353323597054,0.0699221365892854,1.15005398218983,0.678582106168294,-0.636050447543686,-0.691410709471841,1.06309579258781,-0.62541035944936,-0.513246088979342,-0.24069059247955,0.502378437133711,0.48287649739278,0.562023149804395,-0.0041026890859041,-0.036338183323176,-0.296324815106797,-0.508460685888365,0.443145276740837,0.573172900579149,1.30525441526631
2010-12-01,NA,0.000570340348432056,-0.911887544171069,-1.23180530774267,-1.41638307199204,0,-0.0580485874998227,0,-0.541369499172135,0,0,-0.690091788874987,2.58154889036808,0.843952184122818,0.0884070809994367,-1.02149728622506,-0.578397058354536,-0.611922455664745,-0.501991630764842,-0.648274726325247,-0.718314628214496,-0.657785370707041,0.573762957554257,-0.643465483615717,-0.231441039125571,0.841362088359385,-0.189820716720835,0.391266045861016,-0.371277733430179,-0.166402515872582,0.856392203120998,0.457993841811336,0.658697740989938,1.46353323597054,0.0699221365892854,1.15005398218983,0.678582106168294,-0.636050447543686,-0.691410709471841,1.06309579258781,-0.62541035944936,-0.513246088979342,-0.24069059247955,0.502378437133711,0.48287649739278,0.562023149804395,-0.0041026890859041,-0.036338183323176,-0.296324815106797,-0.508460685888365,0.443145276740837,0.573172900579149,1.30525441526631
2011-01-01,NA,0.000113172961672474,-0.926997214382482,-2.30799074259398,-1.35970296122391,0,-0.0580485874998227,0,-0.541572704903919,0,0,-0.690060764112512,3.0392786201224,0.821154904192281,-0.503598250267868,-1.29732237250808,-0.680759830325907,-0.665115426075449,-0.501991630764842,-0.755308154789405,-0.7193501213682,-0.76181432245906,-0.22222787272898,-0.867579676619033,-0.683073835210403,0.8184918021977,-0.189820716720835,0.391266045861016,-0.371277733430179,-0.166402515872582,0.856392203120998,0.457993841811336,0.658697740989938,1.46353323597054,0.0699221365892854,1.15005398218983,0.678582106168294,-0.636050447543686,-0.691410709471841,1.06309579258781,-0.62541035944936,-0.513246088979342,-0.24069059247955,0.502378437133711,0.48287649739278,0.562023149804395,-0.0041026890859041,-0.036338183323176,-0.296324815106797,-0.508460685888365,0.443145276740837,0.573172900579149,1.30525441526631
2011-02-01,NA,2.05914982578397e-05,-0.918044629254995,-1.02399686126174,-0.0237847474204216,0,-0.0580485874998227,0,-0.541326504974612,0,0,-0.690076820400482,0.929126937073513,1.44408723686266,-0.734575909692459,-1.42873125521411,-1.62068389661622,0.318204527450345,1.97913741188315,-0.77620489028217,-0.719203119706202,-0.781738557624176,-0.753034118863515,-0.957894124470226,-1.11126337083143,1.4425018479147,-0.189820716720835,0.391266045861016,-0.371277733430179,-0.166402515872582,0.856392203120998,0.457993841811336,0.658697740989938,1.46353323597054,0.0699221365892854,1.15005398218983,0.678582106168294,-0.636050447543686,-0.691410709471841,1.06309579258781,-0.62541035944936,-0.513246088979342,-0.24069059247955,0.502378437133711,0.48287649739278,0.562023149804395,-0.0041026890859041,-0.036338183323176,-0.296324815106797,-0.508460685888365,0.443145276740837,0.573172900579149,1.30525441526631
2011-03-01,NA,0.000118631916376307,-0.375795510353485,-1.21280927319466,-0.193041521344152,0,-0.0580485874998227,0,-0.522806898958388,0,0,-0.532648371955634,-0.859246469506325,1.29896595917076,-0.747770152314937,-0.237124422822617,-0.838847049066305,0.60499052366404,1.85297397464874,-0.779007482112807,-0.717500586044993,-0.784450758220265,-0.9413581463282,-0.867624891156379,-1.21946383619485,1.29820413391578,-0.189820716720835,0.391266045861016,-0.371277733430179,-0.166402515872582,0.856392203120998,0.457993841811336,0.658697740989938,1.46353323597054,0.0699221365892854,1.15005398218983,0.678582106168294,-0.636050447543686,-0.691410709471841,1.06309579258781,-0.62541035944936,-0.513246088979342,-0.24069059247955,0.502378437133711,0.48287649739278,0.562023149804395,-0.0041026890859041,-0.036338183323176,-0.296324815106797,-0.508460685888365,0.443145276740837,0.573172900579149,1.30525441526631
2011-04-01,NA,4.22466898954704e-05,-0.486308592437913,0.146674077597117,1.60320946987916,0,-0.0580485874998227,0,-0.530184587246575,0,0,-0.674332696318668,-0.911868322612143,1.70701547798251,-0.786084513102686,-0.534786761269392,0.898048216555888,1.41994146541068,1.56176560829802,-0.779396465632828,-0.718345017353359,-0.78483473783016,-0.964179830166099,-0.913177149769132,-1.21192556489049,1.70731605413238,-0.189820716720835,0.391266045861016,-0.371277733430179,-0.166402515872582,0.856392203120998,0.457993841811336,0.658697740989938,1.46353323597054,0.0699221365892854,1.15005398218983,0.678582106168294,-0.636050447543686,-0.691410709471841,1.06309579258781,-0.62541035944936,-0.513246088979342,-0.24069059247955,0.502378437133711,0.48287649739278,0.562023149804395,-0.0041026890859041,-0.036338183323176,-0.296324815106797,-0.508460685888365,0.443145276740837,0.573172900579149,1.30525441526631
2011-05-01,NA,0.00125816864111498,0.70078420126395,0.618626186998047,0.116410503970716,0,-0.0580485874998227,0,-0.497525652836782,0,0,1.95407305272378,-0.335411080911525,1.66283565118263,-0.231303756962982,1.1569344156942,1.38687021440272,1.47253443656359,0.569672379302116,-0.746158592404467,-0.618222116279365,-0.751319880510014,-0.433636122591599,-0.445704907355087,-0.50368300960885,1.66331409237002,-0.189820716720835,0.391266045861016,-0.371277733430179,-0.166402515872582,0.856392203120998,0.457993841811336,0.658697740989938,1.46353323597054,0.0699221365892854,1.15005398218983,0.678582106168294,-0.636050447543686,-0.691410709471841,1.06309579258781,-0.62541035944936,-0.513246088979342,-0.24069059247955,0.502378437133711,0.48287649739278,0.562023149804395,-0.0041026890859041,-0.036338183323176,-0.296324815106797,-0.508460685888365,0.443145276740837,0.573172900579149,1.30525441526631
2011-06-01,NA,0.0107955846689895,1.79335869639112,0.882889929808838,-0.290543281108159,0,-0.0580485874998227,0,1.69108242018507,0,0,2.6717353914663,0.473896387989709,1.82480152114337,-0.0266485499926847,1.35691334294226,1.11609010731345,1.66599937830126,-0.501991630764842,-0.458053574855945,0.106387874516071,-0.452806441887642,-0.0113068585436217,0.428718227370784,0.570413625245516,1.82542988113066,-0.189820716720835,0.391266045861016,-0.371277733430179,-0.166402515872582,0.856392203120998,0.457993841811336,0.658697740989938,1.46353323597054,0.0699221365892854,1.15005398218983,0.678582106168294,-0.636050447543686,-0.691410709471841,1.06309579258781,-0.62541035944936,-0.513246088979342,-0.24069059247955,0.502378437133711,0.48287649739278,0.562023149804395,-0.0041026890859041,-0.036338183323176,-0.296324815106797,-0.508460685888365,0.443145276740837,0.573172900579149,1.30525441526631
2011-07-01,NA,0.0200521856445993,1.83829468141581,0.864037764563947,-0.232291500745008,0,-0.0580485874998227,0,2.27843957506386,0,0,0.641038063680453,-0.0846317882504466,1.64933481493521,2.1866509603715,1.12842604685135,-0.141448128731779,1.43210565649141,-0.501991630764842,1.36973074352562,2.18697213283851,1.35924450505061,1.30058149826979,1.76532038539726,1.5612761968661,1.64975130539556,-0.189820716720835,0.391266045861016,-0.371277733430179,-0.166402515872582,0.856392203120998,0.457993841811336,0.658697740989938,1.46353323597054,0.0699221365892854,1.15005398218983,0.678582106168294,-0.636050447543686,-0.691410709471841,1.06309579258781,-0.62541035944936,-0.513246088979342,-0.24069059247955,0.502378437133711,0.48287649739278,0.562023149804395,-0.0041026890859041,-0.036338183323176,-0.296324815106797,-0.508460685888365,0.443145276740837,0.573172900579149,1.30525441526631
2011-08-01,NA,0.020944042369338,1.24127919132112,0.675196276682626,-0.739211855561104,0,-0.0580485874998227,0,1.36028707824124,0,0,0.00749809048708353,0.0735490047366986,1.60205762637063,2.67303898579397,1.04699328582691,-0.333755996160462,1.31514772317678,-0.501991630764842,2.41062813624407,2.31928411510916,2.34994805244946,2.04612154662481,1.9803347702197,1.581995273137,1.60230258373409,-0.189820716720835,0.391266045861016,-0.371277733430179,-0.166402515872582,0.856392203120998,0.457993841811336,0.658697740989938,1.46353323597054,0.0699221365892854,1.15005398218983,0.678582106168294,-0.636050447543686,-0.691410709471841,1.06309579258781,-0.62541035944936,-0.513246088979342,-0.24069059247955,0.502378437133711,0.48287649739278,0.562023149804395,-0.0041026890859041,-0.036338183323176,-0.296324815106797,-0.508460685888365,0.443145276740837,0.573172900579149,1.30525441526631
2011-09-01,NA,0.020005603902439,1.30382773266141,0.56191222801035,-1.07963382570375,0,-0.0580485874998227,0,1.54513786651139,0,0,0.489559045195249,-0.0194407761868617,1.73931084972606,2.19573664967337,0.999582862364286,-0.421159145041453,1.47073332458548,-0.501991630764842,2.06287880898389,1.69742024588124,2.01000986969514,1.90685394648794,1.89778626066815,1.44984186157531,1.73967051457417,-0.189820716720835,0.391266045861016,-0.371277733430179,-0.166402515872582,0.856392203120998,0.457993841811336,0.658697740989938,1.46353323597054,0.0699221365892854,1.15005398218983,0.678582106168294,-0.636050447543686,-0.691410709471841,1.06309579258781,-0.62541035944936,-0.513246088979342,-0.24069059247955,0.502378437133711,0.48287649739278,0.562023149804395,-0.0041026890859041,-0.036338183323176,-0.296324815106797,-0.508460685888365,0.443145276740837,0.573172900579149,1.30525441526631
2011-10-01,NA,0.00851749463414634,-0.770117463812756,0.0332846758131065,-0.298349506987023,0,-0.0580485874998227,0,-0.541609653419676,0,0,-0.682128176447204,0.96687692669247,1.42477085692662,1.87311757705826,-0.0171802609405336,0.446068716187429,0.86410329505726,-0.501991630764842,1.25012089651508,0.179845942810568,1.21812840475914,3.01664281488388,0.819338137559343,0.892798367662365,1.42434782938032,-0.189820716720835,0.391266045861016,-0.371277733430179,-0.166402515872582,0.856392203120998,0.457993841811336,0.658697740989938,1.46353323597054,0.0699221365892854,1.15005398218983,0.678582106168294,-0.636050447543686,-0.691410709471841,1.06309579258781,-0.62541035944936,-0.513246088979342,-0.24069059247955,0.502378437133711,0.48287649739278,0.562023149804395,-0.0041026890859041,-0.036338183323176,-0.296324815106797,-0.508460685888365,0.443145276740837,0.573172900579149,1.30525441526631
2011-11-01,NA,0.00250574048780488,-0.89593398106204,-0.514234690649572,-0.423730308473544,0,-0.0580485874998227,0,-0.541609653419676,0,0,-0.690112353086017,1.27806202541241,1.252524128493,0.733307789080483,-0.614585250926586,0.17126617552662,0.272597898630083,-0.501991630764842,-0.188091601759483,-0.679072363877631,-0.206877935659104,1.72668506682302,-0.129618437138247,0.152036361406297,1.25114067419741,-0.189820716720835,0.391266045861016,-0.371277733430179,-0.166402515872582,0.856392203120998,0.457993841811336,0.658697740989938,1.46353323597054,0.0699221365892854,1.15005398218983,0.678582106168294,-0.636050447543686,-0.691410709471841,1.06309579258781,-0.62541035944936,-0.513246088979342,-0.24069059247955,0.502378437133711,0.48287649739278,0.562023149804395,-0.0041026890859041,-0.036338183323176,-0.296324815106797,-0.508460685888365,0.443145276740837,0.573172900579149,1.30525441526631
2011-12-01,NA,0.000535820487804878,-0.927796483963462,-1.87371766383163,-1.34560330621153,0,-0.0580485874998227,0,-0.541541174616164,0,0,-0.690111303458384,2.57293725701896,0.843952184122818,0.0714134382797607,-1.08097908406041,-0.54345430488958,-0.608116192963713,-0.501991630764842,-0.655384688833564,-0.719084865692806,-0.665679389892844,0.72769832787063,-0.652496975222766,-0.336645220637615,0.8413713717797,-0.189820716720835,0.391266045861016,-0.371277733430179,-0.166402515872582,0.856392203120998,0.457993841811336,0.658697740989938,1.46353323597054,0.0699221365892854,1.15005398218983,0.678582106168294,-0.636050447543686,-0.691410709471841,1.06309579258781,-0.62541035944936,-0.513246088979342,-0.24069059247955,0.502378437133711,0.48287649739278,0.562023149804395,-0.0041026890859041,-0.036338183323176,-0.296324815106797,-0.508460685888365,0.443145276740837,0.573172900579149,1.30525441526631
2012-01-01,NA,0.000108697421602787,-0.882240252726821,-1.5149355649677,-1.5580755776962,0,-0.0580485874998227,0,-0.54096407339286,0,0,-0.689825630474821,2.86289400644945,0.821154904192281,-0.502372804828266,-1.31690284793539,-0.7884076286087,-0.658622537171377,-0.499514076570364,-0.756475550192247,-0.719324968309305,-0.763124087703625,-0.158001905028141,-0.86835238326346,-0.788175342582459,0.818505147114403,-0.189820716720835,0.391266045861016,-0.371277733430179,-0.166402515872582,0.856392203120998,0.457993841811336,0.658697740989938,1.46353323597054,0.0699221365892854,1.15005398218983,0.678582106168294,-0.636050447543686,-0.691410709471841,1.06309579258781,-0.62541035944936,-0.513246088979342,-0.24069059247955,0.502378437133711,0.48287649739278,0.562023149804395,-0.0041026890859041,-0.036338183323176,-0.296324815106797,-0.508460685888365,0.443145276740837,0.573172900579149,1.30525441526631
2012-02-01,NA,2.42241114982578e-05,-0.847127937485325,-0.872940889959893,0.215743915833926,0,-0.0580485874998227,0,-0.540464779899545,0,0,-0.688344299831284,0.611996177623868,1.44408723686266,-0.719891653423671,-1.29511941844356,-1.29287484727664,0.321408980310871,2.25896537654332,-0.776419837420413,-0.719236334646028,-0.78197999660597,-0.723050504187121,-0.951398086194212,-1.11777101230609,1.44250881047994,-0.189820716720835,0.391266045861016,-0.371277733430179,-0.166402515872582,0.856392203120998,0.457993841811336,0.658697740989938,1.46353323597054,0.0699221365892854,1.15005398218983,0.678582106168294,-0.636050447543686,-0.691410709471841,1.06309579258781,-0.62541035944936,-0.513246088979342,-0.24069059247955,0.502378437133711,0.48287649739278,0.562023149804395,-0.0041026890859041,-0.036338183323176,-0.296324815106797,-0.508460685888365,0.443145276740837,0.573172900579149,1.30525441526631
2012-03-01,NA,6.34202090592335e-06,-0.71492414045117,-0.155406901009581,1.29245140926702,0,-0.0580485874998227,0,-0.53898890453858,0,0,-0.688308775309693,-0.979444070329161,1.29896595917076,-0.82148253109206,-1.30007453651877,-1.49786145103848,0.590651822738407,3.86268170728317,-0.779624783750158,-0.718452210967379,-0.784992295713964,-1.01922081746566,-0.97769863969263,-1.25090199471622,1.29817396279975,-0.189820716720835,0.391266045861016,-0.371277733430179,-0.166402515872582,0.856392203120998,0.457993841811336,0.658697740989938,1.46353323597054,0.0699221365892854,1.15005398218983,0.678582106168294,-0.636050447543686,-0.691410709471841,1.06309579258781,-0.62541035944936,-0.513246088979342,-0.24069059247955,0.502378437133711,0.48287649739278,0.562023149804395,-0.0041026890859041,-0.036338183323176,-0.296324815106797,-0.508460685888365,0.443145276740837,0.573172900579149,1.30525441526631
2012-04-01,NA,8.05797909407666e-05,-0.0162943710169323,0.769713877516331,2.09995141546,0,-0.0580485874998227,0,-0.516847180111012,0,0,-0.617650333114642,-1.0330946561125,1.70701547798251,-0.789218184211493,-0.155312807290918,1.04821949083431,1.41600219451763,2.27946154070623,-0.779859537595156,-0.718231392399736,-0.785233719897004,-0.981862432597248,-0.869980903063416,-1.25074580945198,1.7073079311396,-0.189820716720835,0.391266045861016,-0.371277733430179,-0.166402515872582,0.856392203120998,0.457993841811336,0.658697740989938,1.46353323597054,0.0699221365892854,1.15005398218983,0.678582106168294,-0.636050447543686,-0.691410709471841,1.06309579258781,-0.62541035944936,-0.513246088979342,-0.24069059247955,0.502378437133711,0.48287649739278,0.562023149804395,-0.0041026890859041,-0.036338183323176,-0.296324815106797,-0.508460685888365,0.443145276740837,0.573172900579149,1.30525441526631
2012-05-01,NA,0.00164822299651568,0.829798320362682,0.95846285101638,0.359833880971273,0,-0.0580485874998227,0,-0.363145818666879,0,0,1.87839315660906,-0.528599677252863,1.66283565118263,-0.256327073131469,1.21035785217582,1.64130756352889,1.47096466134667,1.3537654962656,-0.744915257655399,-0.528692072839345,-0.747704363666233,-0.643649959482259,-0.460967384088483,-0.618719786730635,1.66331061108741,-0.189820716720835,0.391266045861016,-0.371277733430179,-0.166402515872582,0.856392203120998,0.457993841811336,0.658697740989938,1.46353323597054,0.0699221365892854,1.15005398218983,0.678582106168294,-0.636050447543686,-0.691410709471841,1.06309579258781,-0.62541035944936,-0.513246088979342,-0.24069059247955,0.502378437133711,0.48287649739278,0.562023149804395,-0.0041026890859041,-0.036338183323176,-0.296324815106797,-0.508460685888365,0.443145276740837,0.573172900579149,1.30525441526631
2012-06-01,NA,0.0113250430662021,1.18201386535423,0.977264416558862,-0.470366868080753,0,-0.0580485874998227,0,1.01702671879163,0,0,0.961519979987571,0.24248506569485,1.82480123058411,1.66969065957545,1.31046741447071,0.228956262675006,1.67283878488253,-0.501991630764842,0.319091854301987,1.05402916868451,0.393670345181312,0.512553881786948,0.755353050760628,0.70172168010821,1.82544351615424,-0.189820716720835,0.391266045861016,-0.371277733430179,-0.166402515872582,0.856392203120998,0.457993841811336,0.658697740989938,1.46353323597054,0.0699221365892854,1.15005398218983,0.678582106168294,-0.636050447543686,-0.691410709471841,1.06309579258781,-0.62541035944936,-0.513246088979342,-0.24069059247955,0.502378437133711,0.48287649739278,0.562023149804395,-0.0041026890859041,-0.036338183323176,-0.296324815106797,-0.508460685888365,0.443145276740837,0.573172900579149,1.30525441526631
2012-07-01,NA,0.0134102433449477,1.20873445047132,0.826258667349705,-0.480119508867128,0,-0.0580485874998227,0,0.786952954133299,0,0,1.26192982218806,0.233812922260973,1.64933510549448,1.66388638836536,1.2268238841597,0.293603582522253,1.42578867266222,-0.501991630764842,0.951106252635466,1.10318991265632,1.0507251146766,0.807613984837881,1.05626055139642,1.16996428847082,1.64973534951689,-0.189820716720835,0.391266045861016,-0.371277733430179,-0.166402515872582,0.856392203120998,0.457993841811336,0.658697740989938,1.46353323597054,0.0699221365892854,1.15005398218983,0.678582106168294,-0.636050447543686,-0.691410709471841,1.06309579258781,-0.62541035944936,-0.513246088979342,-0.24069059247955,0.502378437133711,0.48287649739278,0.562023149804395,-0.0041026890859041,-0.036338183323176,-0.296324815106797,-0.508460685888365,0.443145276740837,0.573172900579149,1.30525441526631
2012-08-01,NA,0.0171062567247387,1.21122382751225,0.750785435108105,-0.696850406806163,0,-0.0580485874998227,0,0.945864488323894,0,0,0.423163023354578,0.0849580099630439,1.60205762637063,2.31596486013916,1.1691771296224,-0.579214219213096,1.3143343537094,-0.501991630764842,1.84858975008669,2.39620908559696,1.8568350499012,1.58371295787863,1.63960941816118,1.59832140335974,1.60229939255835,-0.189820716720835,0.391266045861016,-0.371277733430179,-0.166402515872582,0.856392203120998,0.457993841811336,0.658697740989938,1.46353323597054,0.0699221365892854,1.15005398218983,0.678582106168294,-0.636050447543686,-0.691410709471841,1.06309579258781,-0.62541035944936,-0.513246088979342,-0.24069059247955,0.502378437133711,0.48287649739278,0.562023149804395,-0.0041026890859041,-0.036338183323176,-0.296324815106797,-0.508460685888365,0.443145276740837,0.573172900579149,1.30525441526631
2012-09-01,NA,0.0110245396515679,-0.0721280529154104,0.694085070070308,-0.0922709839717171,0,-0.0580485874998227,0,-0.445399626436459,0,0,-0.586808355218851,0.806452340881391,1.73931084972606,2.35319318601798,0.633616029868614,0.508880351554712,1.46142790434164,-0.501991630764842,1.82287116060307,0.981566264202149,1.76645234842049,3.42262195725676,1.18234307719045,1.25837836568313,1.73964817634403,-0.189820716720835,0.391266045861016,-0.371277733430179,-0.166402515872582,0.856392203120998,0.457993841811336,0.658697740989938,1.46353323597054,0.0699221365892854,1.15005398218983,0.678582106168294,-0.636050447543686,-0.691410709471841,1.06309579258781,-0.62541035944936,-0.513246088979342,-0.24069059247955,0.502378437133711,0.48287649739278,0.562023149804395,-0.0041026890859041,-0.036338183323176,-0.296324815106797,-0.508460685888365,0.443145276740837,0.573172900579149,1.30525441526631
2012-10-01,NA,0.00501491289198606,-0.670754120628435,0.561968491858552,0.492938329352843,0,-0.0580485874998227,0,-0.537300992219886,0,0,-0.646717093877728,1.05408078105518,1.42477085692662,1.20372863823973,-0.0056658540255038,1.11720253899643,0.862338673284709,-0.501991630764842,0.441439558010336,-0.340236383117962,0.390058405250242,2.24328063371848,0.380867832617276,0.603195500018178,1.42434405799081,-0.189820716720835,0.391266045861016,-0.371277733430179,-0.166402515872582,0.856392203120998,0.457993841811336,0.658697740989938,1.46353323597054,0.0699221365892854,1.15005398218983,0.678582106168294,-0.636050447543686,-0.691410709471841,1.06309579258781,-0.62541035944936,-0.513246088979342,-0.24069059247955,0.502378437133711,0.48287649739278,0.562023149804395,-0.0041026890859041,-0.036338183323176,-0.296324815106797,-0.508460685888365,0.443145276740837,0.573172900579149,1.30525441526631
2012-11-01,NA,0.00146578954703833,-0.642501000027669,0.127733929287587,-0.795659928804366,0,-0.0580485874998227,0,-0.533694399903052,0,0,-0.651465961618818,1.11325268996029,1.25252441905226,0.31255601837857,-0.367557502309149,0.165332173332444,0.273341630300597,-0.501991630764842,-0.43157347024338,-0.694652932784363,-0.4585818625027,0.914109044288927,-0.322670247811844,0.0565660651509878,1.25114357526626,-0.189820716720835,0.391266045861016,-0.371277733430179,-0.166402515872582,0.856392203120998,0.457993841811336,0.658697740989938,1.46353323597054,0.0699221365892854,1.15005398218983,0.678582106168294,-0.636050447543686,-0.691410709471841,1.06309579258781,-0.62541035944936,-0.513246088979342,-0.24069059247955,0.502378437133711,0.48287649739278,0.562023149804395,-0.0041026890859041,-0.036338183323176,-0.296324815106797,-0.508460685888365,0.443145276740837,0.573172900579149,1.30525441526631
2012-12-01,NA,0.000383692264808362,-0.908563092612272,-0.873011502977435,-1.39882122243575,0,-0.0580485874998227,0,-0.541093646380862,0,0,-0.627646033609314,1.4420564986425,0.843952474682083,-0.288326851805329,-0.323529068352794,-0.315894636927769,-0.594939189765379,-0.501991630764842,-0.69688906587095,-0.714895189196903,-0.709038869565154,0.123039436105506,-0.697983224569136,-0.23562064903406,0.841399222040647,-0.189820716720835,0.391266045861016,-0.371277733430179,-0.166402515872582,0.856392203120998,0.457993841811336,0.658697740989938,1.46353323597054,0.0699221365892854,1.15005398218983,0.678582106168294,-0.636050447543686,-0.691410709471841,1.06309579258781,-0.62541035944936,-0.513246088979342,-0.24069059247955,0.502378437133711,0.48287649739278,0.562023149804395,-0.0041026890859041,-0.036338183323176,-0.296324815106797,-0.508460685888365,0.443145276740837,0.573172900579149,1.30525441526631
2013-01-01,NA,7.97569337979094e-05,-0.815599086084662,-1.55273354266791,-1.34191786582164,0,-0.0580485874998227,0,-0.539235085286731,0,0,-0.688327855240878,2.11834522944706,0.821154904192281,-0.548481200565379,-0.948953436665189,-0.630021809784976,-0.653561122819656,-0.457639055556153,-0.762884895389201,-0.719331195387926,-0.769901313065486,-0.295773358917983,-0.882692501777608,-0.639561212897824,0.818515300855374,-0.189820716720835,0.391266045861016,-0.371277733430179,-0.166402515872582,0.856392203120998,0.457993841811336,0.658697740989938,1.46353323597054,0.0699221365892854,1.15005398218983,0.678582106168294,-0.636050447543686,-0.691410709471841,1.06309579258781,-0.62541035944936,-0.513246088979342,-0.24069059247955,0.502378437133711,0.48287649739278,0.562023149804395,-0.0041026890859041,-0.036338183323176,-0.296324815106797,-0.508460685888365,0.443145276740837,0.573172900579149,1.30525441526631
2013-02-01,NA,2.32607665505226e-05,-0.899938864537677,-0.363138315107741,0.368811755055876,0,-0.0580485874998227,0,-0.540546516829132,0,0,-0.686674985526848,0.244629177754799,1.44408723686266,-0.742563000699558,-1.06722098247711,-1.44091803630146,0.323681400898161,2.19395924148433,-0.777452186019704,-0.71938863699151,-0.783060929220934,-0.767464383539682,-0.949934415788103,-0.906982140803134,1.44251316208321,-0.189820716720835,0.391266045861016,-0.371277733430179,-0.166402515872582,0.856392203120998,0.457993841811336,0.658697740989938,1.46353323597054,0.0699221365892854,1.15005398218983,0.678582106168294,-0.636050447543686,-0.691410709471841,1.06309579258781,-0.62541035944936,-0.513246088979342,-0.24069059247955,0.502378437133711,0.48287649739278,0.562023149804395,-0.0041026890859041,-0.036338183323176,-0.296324815106797,-0.508460685888365,0.443145276740837,0.573172900579149,1.30525441526631
2013-03-01,NA,9.97463414634146e-06,-0.772418674203382,0.22220281846748,1.63351046214032,0,-0.0580485874998227,0,-0.537998915351074,0,0,-0.687095240670563,-0.97878757742588,1.29896595917076,-0.823631130991823,-1.18719782335809,-1.03500204736479,0.587903636722939,4.00659493809747,-0.779753155173815,-0.718407965137145,-0.785132905534695,-1.00553446485528,-0.968879297282083,-1.0893381729604,1.29816845076894,-0.189820716720835,0.391266045861016,-0.371277733430179,-0.166402515872582,0.856392203120998,0.457993841811336,0.658697740989938,1.46353323597054,0.0699221365892854,1.15005398218983,0.678582106168294,-0.636050447543686,-0.691410709471841,1.06309579258781,-0.62541035944936,-0.513246088979342,-0.24069059247955,0.502378437133711,0.48287649739278,0.562023149804395,-0.0041026890859041,-0.036338183323176,-0.296324815106797,-0.508460685888365,0.443145276740837,0.573172900579149,1.30525441526631
2013-04-01,NA,9.86425087108014e-05,-0.106034933527936,0.882984332238708,2.17852641752077,0,-0.0580485874998227,0,-0.523414233890577,0,0,-0.476390681590467,-1.0362716763572,1.70701547798251,-0.794586761636468,-0.580864739488308,0.53127972028137,1.41944912618684,1.85653502322218,-0.779841132258302,-0.718006786557963,-0.785212159458171,-1.00401582304627,-0.87898550826361,-1.22006297842223,1.70731518381172,-0.189820716720835,0.391266045861016,-0.371277733430179,-0.166402515872582,0.856392203120998,0.457993841811336,0.658697740989938,1.46353323597054,0.0699221365892854,1.15005398218983,0.678582106168294,-0.636050447543686,-0.691410709471841,1.06309579258781,-0.62541035944936,-0.513246088979342,-0.24069059247955,0.502378437133711,0.48287649739278,0.562023149804395,-0.0041026890859041,-0.036338183323176,-0.296324815106797,-0.508460685888365,0.443145276740837,0.573172900579149,1.30525441526631
2013-05-01,NA,0.000951584111498258,0.464511211087614,1.14728545841173,0.797994201236502,0,-0.0580485874998227,0,-0.504595037686945,0,0,1.36492077297597,-0.0704645818260986,1.66283565118263,-0.32449276924641,1.38854947117627,1.9990948672933,1.46828221341144,0.805146659767851,-0.76565348216197,-0.664116555382736,-0.770443946087186,-0.473370838328677,-0.532458122702663,-0.656170723746934,1.66330538916348,-0.189820716720835,0.391266045861016,-0.371277733430179,-0.166402515872582,0.856392203120998,0.457993841811336,0.658697740989938,1.46353323597054,0.0699221365892854,1.15005398218983,0.678582106168294,-0.636050447543686,-0.691410709471841,1.06309579258781,-0.62541035944936,-0.513246088979342,-0.24069059247955,0.502378437133711,0.48287649739278,0.562023149804395,-0.0041026890859041,-0.036338183323176,-0.296324815106797,-0.508460685888365,0.443145276740837,0.573172900579149,1.30525441526631
2013-06-01,NA,0.0103448797212544,1.72229365748067,1.0339655368161,0.247281865915404,0,-0.0580485874998227,0,1.32236584089426,0,0,2.92376974880755,0.38368508900268,1.82480152114337,0.393001804458765,1.27629912999097,1.24287976668569,1.66965188074682,-0.501991630764842,-0.333571311273732,0.325926615069997,-0.314145398442996,0.124232133673855,0.48908866122339,0.633566246876661,1.82543829423032,-0.189820716720835,0.391266045861016,-0.371277733430179,-0.166402515872582,0.856392203120998,0.457993841811336,0.658697740989938,1.46353323597054,0.0699221365892854,1.15005398218983,0.678582106168294,-0.636050447543686,-0.691410709471841,1.06309579258781,-0.62541035944936,-0.513246088979342,-0.24069059247955,0.502378437133711,0.48287649739278,0.562023149804395,-0.0041026890859041,-0.036338183323176,-0.296324815106797,-0.508460685888365,0.443145276740837,0.573172900579149,1.30525441526631
2013-07-01,NA,0.0250965206968641,2.50562320151511,0.788534323544788,-0.279406578874406,0,-0.0580485874998227,0,3.67407236294539,0,0,1.03442349592092,-0.314502033894376,1.64933510549448,1.65216865016174,1.24290355926614,-0.113565585387732,1.43396804973076,-0.501991630764842,1.20963369362683,2.04654139283737,1.24032873541766,0.117080034272352,2.10161394530239,1.5136399173415,1.64975333614375,-0.189820716720835,0.391266045861016,-0.371277733430179,-0.166402515872582,0.856392203120998,0.457993841811336,0.658697740989938,1.46353323597054,0.0699221365892854,1.15005398218983,0.678582106168294,-0.636050447543686,-0.691410709471841,1.06309579258781,-0.62541035944936,-0.513246088979342,-0.24069059247955,0.502378437133711,0.48287649739278,0.562023149804395,-0.0041026890859041,-0.036338183323176,-0.296324815106797,-0.508460685888365,0.443145276740837,0.573172900579149,1.30525441526631
2013-08-01,NA,0.0186654706620209,1.2247498593084,0.75076693223185,-0.797358606760429,0,-0.0580485874998227,0,0.720391677365883,0,0,0.116298763350487,-0.0414306391845065,1.60205733581136,2.15168495716953,1.09794883737984,-0.522160135317932,1.31710036700087,-0.501991630764842,2.5449597386535,2.50356179249295,2.45667668038346,1.56240950975053,1.96076923750362,1.61424723631157,1.60230403426851,-0.189820716720835,0.391266045861016,-0.371277733430179,-0.166402515872582,0.856392203120998,0.457993841811336,0.658697740989938,1.46353323597054,0.0699221365892854,1.15005398218983,0.678582106168294,-0.636050447543686,-0.691410709471841,1.06309579258781,-0.62541035944936,-0.513246088979342,-0.24069059247955,0.502378437133711,0.48287649739278,0.562023149804395,-0.0041026890859041,-0.036338183323176,-0.296324815106797,-0.508460685888365,0.443145276740837,0.573172900579149,1.30525441526631
2013-09-01,NA,0.0136715908013937,0.233311420050761,0.580821412322882,-0.56286113874249,0,-0.0580485874998227,0,-0.228554252152276,0,0,-0.601309703313887,0.523687054148636,1.73931084972606,2.68799215461784,0.796827997400511,-0.110858438688417,1.46489656300347,-0.501991630764842,2.29943321818756,1.55730572166639,2.21059125746292,2.90770840830517,1.4806064903786,1.40762383771258,1.73965397848173,-0.189820716720835,0.391266045861016,-0.371277733430179,-0.166402515872582,0.856392203120998,0.457993841811336,0.658697740989938,1.46353323597054,0.0699221365892854,1.15005398218983,0.678582106168294,-0.636050447543686,-0.691410709471841,1.06309579258781,-0.62541035944936,-0.513246088979342,-0.24069059247955,0.502378437133711,0.48287649739278,0.562023149804395,-0.0041026890859041,-0.036338183323176,-0.296324815106797,-0.508460685888365,0.443145276740837,0.573172900579149,1.30525441526631
2013-10-01,NA,0.00688291902439024,-0.748052835881441,0.052205188417224,-0.144736897662712,0,-0.0580485874998227,0,-0.53972215506934,0,0,-0.679832934602585,1.05413215754224,1.42477085692662,1.54069567150744,0.0376301724319539,0.687052185665325,0.862579062959485,-0.501991630764842,0.868936278624186,-0.10040484733132,0.839393915846369,2.48387774457055,0.605684822780191,0.753147370130757,1.42434318767016,-0.189820716720835,0.391266045861016,-0.371277733430179,-0.166402515872582,0.856392203120998,0.457993841811336,0.658697740989938,1.46353323597054,0.0699221365892854,1.15005398218983,0.678582106168294,-0.636050447543686,-0.691410709471841,1.06309579258781,-0.62541035944936,-0.513246088979342,-0.24069059247955,0.502378437133711,0.48287649739278,0.562023149804395,-0.0041026890859041,-0.036338183323176,-0.296324815106797,-0.508460685888365,0.443145276740837,0.573172900579149,1.30525441526631
2013-11-01,NA,0.00205150327526132,-0.755578436427182,-0.400926852564969,-1.15093936528046,0,-0.0580485874998227,0,-0.533746068442047,0,0,-0.668267303556081,1.21832393724082,1.25252441905226,0.445801162041196,-0.284076563850734,-0.142571351805699,0.273659875032269,-0.501990793511364,-0.306212999865444,-0.674748069456646,-0.320657047227813,0.924838235740311,-0.2265977549368,0.174337712111946,1.25114299505249,-0.189820716720835,0.391266045861016,-0.371277733430179,-0.166402515872582,0.856392203120998,0.457993841811336,0.658697740989938,1.46353323597054,0.0699221365892854,1.15005398218983,0.678582106168294,-0.636050447543686,-0.691410709471841,1.06309579258781,-0.62541035944936,-0.513246088979342,-0.24069059247955,0.502378437133711,0.48287649739278,0.562023149804395,-0.0041026890859041,-0.036338183323176,-0.296324815106797,-0.508460685888365,0.443145276740837,0.573172900579149,1.30525441526631
2013-12-01,NA,0.000530742857142857,-0.721740968985832,-2.53450635218753,-1.5250100734084,0,-0.0580485874998227,0,-0.533144902186583,0,0,-0.566750182552593,1.24623403220185,0.843952474682083,-0.243356975402082,0.0919994542880814,-0.194501821045403,-0.590796994332272,-0.50199115206269,-0.677219892076954,-0.716729035412312,-0.686260803161349,-0.00183465675491601,-0.643847516770223,-0.153822403581022,0.841408795567848,-0.189820716720835,0.391266045861016,-0.371277733430179,-0.166402515872582,0.856392203120998,0.457993841811336,0.658697740989938,1.46353323597054,0.0699221365892854,1.15005398218983,0.678582106168294,-0.636050447543686,-0.691410709471841,1.06309579258781,-0.62541035944936,-0.513246088979342,-0.24069059247955,0.502378437133711,0.48287649739278,0.562023149804395,-0.0041026890859041,-0.036338183323176,-0.296324815106797,-0.508460685888365,0.443145276740837,0.573172900579149,1.30525441526631
2014-01-01,NA,9.86826480836237e-05,-0.934807721098581,-2.25133380267392,-1.13300606729126,0,-0.0580485874998227,0,-0.541609653419676,0,0,-0.680128563137982,3.0623181203193,0.821154904192281,-0.537909117907519,-0.590099185216851,-0.385145977436961,-0.65830373533733,-0.487390834828274,-0.760306061597669,-0.719428433634099,-0.766685055972003,-0.258699001679266,-0.878122488392563,-0.457250523147918,0.818506307541943,-0.189820716720835,0.391266045861016,-0.371277733430179,-0.166402515872582,0.856392203120998,0.457993841811336,0.658697740989938,1.46353323597054,0.0699221365892854,1.15005398218983,0.678582106168294,-0.636050447543686,-0.691410709471841,1.06309579258781,-0.62541035944936,-0.513246088979342,-0.24069059247955,0.502378437133711,0.48287649739278,0.562023149804395,-0.0041026890859041,-0.036338183323176,-0.296324815106797,-0.508460685888365,0.443145276740837,0.573172900579149,1.30525441526631
2014-02-01,NA,1.60557491289199e-05,-0.935023006739563,-1.09962302543973,0.104535457704857,0,-0.0580485874998227,0,-0.541609653419676,0,0,-0.689321795437916,0.468548043791375,1.44408723686266,-0.760961276921616,-1.18448576209782,-1.02889228326074,0.312962751204744,3.6115303075249,-0.777360520589986,-0.719201265354369,-0.782829698359337,-0.793248690446014,-0.966182957526686,-0.889027610023751,1.44249111395996,-0.189820716720835,0.391266045861016,-0.371277733430179,-0.166402515872582,0.856392203120998,0.457993841811336,0.658697740989938,1.46353323597054,0.0699221365892854,1.15005398218983,0.678582106168294,-0.636050447543686,-0.691410709471841,1.06309579258781,-0.62541035944936,-0.513246088979342,-0.24069059247955,0.502378437133711,0.48287649739278,0.562023149804395,-0.0041026890859041,-0.036338183323176,-0.296324815106797,-0.508460685888365,0.443145276740837,0.573172900579149,1.30525441526631
2014-03-01,NA,5.7198606271777e-06,-0.775671201510015,0.052211607782455,1.58565013223112,0,-0.0580485874998227,0,-0.538578043958111,0,0,-0.688911136835423,-0.972737897473285,1.29896595917076,-0.850547565455893,-1.26118470978045,-0.901948903968632,0.591599175326955,3.49607761520359,-0.779637185526523,-0.718351848401129,-0.785008161908666,-1.02592659464407,-0.979777489912909,-1.14510790222975,1.29817599354795,-0.189820716720835,0.391266045861016,-0.371277733430179,-0.166402515872582,0.856392203120998,0.457993841811336,0.658697740989938,1.46353323597054,0.0699221365892854,1.15005398218983,0.678582106168294,-0.636050447543686,-0.691410709471841,1.06309579258781,-0.62541035944936,-0.513246088979342,-0.24069059247955,0.502378437133711,0.48287649739278,0.562023149804395,-0.0041026890859041,-0.036338183323176,-0.296324815106797,-0.508460685888365,0.443145276740837,0.573172900579149,1.30525441526631
2014-04-01,NA,0.000129710383275261,-0.0035618223977486,0.769739177367537,1.48769230412494,0,-0.0580485874998227,0,-0.506657239846591,0,0,-0.358516105531535,-1.02766395177273,1.70701547798251,-0.758984357059141,-0.226550150976051,0.766804238370475,1.417975311854,1.98373192477519,-0.779742563342323,-0.717100021364376,-0.7851349771075,-0.978687612262355,-0.824170484261317,-1.23833907330448,1.70731199263599,-0.189820716720835,0.391266045861016,-0.371277733430179,-0.166402515872582,0.856392203120998,0.457993841811336,0.658697740989938,1.46353323597054,0.0699221365892854,1.15005398218983,0.678582106168294,-0.636050447543686,-0.691410709471841,1.06309579258781,-0.62541035944936,-0.513246088979342,-0.24069059247955,0.502378437133711,0.48287649739278,0.562023149804395,-0.0041026890859041,-0.036338183323176,-0.296324815106797,-0.508460685888365,0.443145276740837,0.573172900579149,1.30525441526631
2014-05-01,NA,0.000334401114982578,-0.147968276031447,1.26055666835354,1.0443235420972,0,-0.0580485874998227,0,-0.524843252827224,0,0,-0.246077184499557,0.106528454002694,1.66283565118263,-0.58980525545716,1.02902781252131,2.13912717057629,1.46323848706012,-0.296473413778125,-0.771985836608992,-0.708605026427694,-0.778411034942212,-0.62943290106651,-0.736510721542906,-1.04153249806019,1.66329494531562,-0.189820716720835,0.391266045861016,-0.371277733430179,-0.166402515872582,0.856392203120998,0.457993841811336,0.658697740989938,1.46353323597054,0.0699221365892854,1.15005398218983,0.678582106168294,-0.636050447543686,-0.691410709471841,1.06309579258781,-0.62541035944936,-0.513246088979342,-0.24069059247955,0.502378437133711,0.48287649739278,0.562023149804395,-0.0041026890859041,-0.036338183323176,-0.296324815106797,-0.508460685888365,0.443145276740837,0.573172900579149,1.30525441526631
2014-06-01,NA,0.00715486327526132,1.57502171712186,1.18498412475572,-0.332487910087376,0,-0.0580485874998227,0,0.753315052690274,0,0,2.52507373897717,0.216374912225916,1.82480123058411,0.76869015828345,1.32615070929014,0.788561174930162,1.67029533398985,-0.442721661752192,-0.479419519833922,0.128718024336155,-0.463613241941158,-0.0265464197617964,0.220122742902502,0.0621148394260452,1.82543887444409,-0.189820716720835,0.391266045861016,-0.371277733430179,-0.166402515872582,0.856392203120998,0.457993841811336,0.658697740989938,1.46353323597054,0.0699221365892854,1.15005398218983,0.678582106168294,-0.636050447543686,-0.691410709471841,1.06309579258781,-0.62541035944936,-0.513246088979342,-0.24069059247955,0.502378437133711,0.48287649739278,0.562023149804395,-0.0041026890859041,-0.036338183323176,-0.296324815106797,-0.508460685888365,0.443145276740837,0.573172900579149,1.30525441526631
2014-07-01,NA,0.0195154018118467,2.02623048064157,0.97730897450576,-0.435304710720376,0,-0.0580485874998227,0,2.3504852884738,0,0,1.90713357635221,-0.382658559065564,1.64933481493521,2.31624430741289,1.34361786727094,-0.0417687394392504,1.43493406524887,-0.501991630764842,0.884769352143808,1.57142387063951,0.972810166585887,0.601396216702303,1.58876418178514,1.25365882167334,1.64975594710572,-0.189820716720835,0.391266045861016,-0.371277733430179,-0.166402515872582,0.856392203120998,0.457993841811336,0.658697740989938,1.46353323597054,0.0699221365892854,1.15005398218983,0.678582106168294,-0.636050447543686,-0.691410709471841,1.06309579258781,-0.62541035944936,-0.513246088979342,-0.24069059247955,0.502378437133711,0.48287649739278,0.562023149804395,-0.0041026890859041,-0.036338183323176,-0.296324815106797,-0.508460685888365,0.443145276740837,0.573172900579149,1.30525441526631
2014-08-01,NA,0.0164154380487805,1.08557954226943,0.788515820668533,-0.997368045448057,0,-0.0580485874998227,0,0.663600206235363,0,0,-0.0457999892626308,0.130204711266486,1.60205762637063,2.492491520311,1.11461394035231,-0.48720062075641,1.31448156801197,-0.501991630764842,2.01825471876969,2.16643011872541,2.01617672851844,1.62304912934121,1.61949650330193,1.55912203689126,1.6022985222377,-0.189820716720835,0.391266045861016,-0.371277733430179,-0.166402515872582,0.856392203120998,0.457993841811336,0.658697740989938,1.46353323597054,0.0699221365892854,1.15005398218983,0.678582106168294,-0.636050447543686,-0.691410709471841,1.06309579258781,-0.62541035944936,-0.513246088979342,-0.24069059247955,0.502378437133711,0.48287649739278,0.562023149804395,-0.0041026890859041,-0.036338183323176,-0.296324815106797,-0.508460685888365,0.443145276740837,0.573172900579149,1.30525441526631
2014-09-01,NA,0.0185690759581882,0.997526757661321,0.882864629957633,-0.0140517309172733,0,-0.0580485874998227,0,1.08516087141605,0,0,0.165347826818022,0.134286910483732,1.73931084972606,2.02249003775372,0.850080185448549,-0.121602416388631,1.46955184972388,-0.501991630764842,2.15565766035588,1.91006199881532,2.10399952128742,2.02786459314552,1.88363638399727,1.50004420334936,1.73966442232959,-0.189820716720835,0.391266045861016,-0.371277733430179,-0.166402515872582,0.856392203120998,0.457993841811336,0.658697740989938,1.46353323597054,0.0699221365892854,1.15005398218983,0.678582106168294,-0.636050447543686,-0.691410709471841,1.06309579258781,-0.62541035944936,-0.513246088979342,-0.24069059247955,0.502378437133711,0.48287649739278,0.562023149804395,-0.0041026890859041,-0.036338183323176,-0.296324815106797,-0.508460685888365,0.443145276740837,0.573172900579149,1.30525441526631
2014-10-01,NA,0.00743298898954704,-0.768085632298861,0.373163632120021,0.16093407775439,0,-0.0580485874998227,0,-0.539182854212653,0,0,-0.662833353791427,1.14142433794635,1.42477085692662,1.77174670867205,-0.129113072660671,0.680115043321936,0.863452320932169,-0.501991023966932,1.02952903689952,-0.140366624831075,0.970090944755697,2.93478838853509,0.7275247025344,0.71303030408299,1.42434637884589,-0.189820716720835,0.391266045861016,-0.371277733430179,-0.166402515872582,0.856392203120998,0.457993841811336,0.658697740989938,1.46353323597054,0.0699221365892854,1.15005398218983,0.678582106168294,-0.636050447543686,-0.691410709471841,1.06309579258781,-0.62541035944936,-0.513246088979342,-0.24069059247955,0.502378437133711,0.48287649739278,0.562023149804395,-0.0041026890859041,-0.036338183323176,-0.296324815106797,-0.508460685888365,0.443145276740837,0.573172900579149,1.30525441526631
2014-11-01,NA,0.0020853006271777,-0.844951636602655,-0.249876545408913,-0.545012617656834,0,-0.0580485874998227,0,-0.540648750920521,0,0,-0.654193610377351,1.2731883169218,1.252524128493,0.528039024440547,-0.339379177006415,0.301161803854799,0.274055696269648,-0.501990334299461,-0.278811402830333,-0.669282512323059,-0.309605319258188,1.18479677320966,-0.181137667946831,0.180614964120043,1.25114357526626,-0.189820716720835,0.391266045861016,-0.371277733430179,-0.166402515872582,0.856392203120998,0.457993841811336,0.658697740989938,1.46353323597054,0.0699221365892854,1.15005398218983,0.678582106168294,-0.636050447543686,-0.691410709471841,1.06309579258781,-0.62541035944936,-0.513246088979342,-0.24069059247955,0.502378437133711,0.48287649739278,0.562023149804395,-0.0041026890859041,-0.036338183323176,-0.296324815106797,-0.508460685888365,0.443145276740837,0.573172900579149,1.30525441526631
2014-12-01,NA,0.000483478745644599,-0.929862197312929,-1.59050017876141,-1.43347645065915,0,-0.0580485874998227,0,-0.541608263279633,0,0,-0.690110303800193,3.07284874330325,0.843952474682083,-0.0087579232718176,-0.954594034458196,-0.570789701752607,-0.61070671900708,-0.501991340374039,-0.664334013033123,-0.717827285000212,-0.677960162928383,0.756602002138147,-0.656722485401835,-0.288224096219087,0.841366439962657,-0.189820716720835,0.391266045861016,-0.371277733430179,-0.166402515872582,0.856392203120998,0.457993841811336,0.658697740989938,1.46353323597054,0.0699221365892854,1.15005398218983,0.678582106168294,-0.636050447543686,-0.691410709471841,1.06309579258781,-0.62541035944936,-0.513246088979342,-0.24069059247955,0.502378437133711,0.48287649739278,0.562023149804395,-0.0041026890859041,-0.036338183323176,-0.296324815106797,-0.508460685888365,0.443145276740837,0.573172900579149,1.30525441526631
2015-01-01,NA,0.000114959163763066,-0.813407282006322,-1.83597481715046,-1.00913539364757,0,-0.0580485874998227,0,-0.538457588609418,0,0,-0.687322540908776,2.25234299580532,0.821154904192281,-0.525246086026958,-0.944811065235165,-0.528258419218851,-0.650396781330123,-0.479782427359585,-0.756926101523168,-0.719455400143982,-0.764273871784812,-0.263856461785872,-0.855874920744553,-0.728576791016835,0.818522263420611,-0.189820716720835,0.391266045861016,-0.371277733430179,-0.166402515872582,0.856392203120998,0.457993841811336,0.658697740989938,1.46353323597054,0.0699221365892854,1.15005398218983,0.678582106168294,-0.636050447543686,-0.691410709471841,1.06309579258781,-0.62541035944936,-0.513246088979342,-0.24069059247955,0.502378437133711,0.48287649739278,0.562023149804395,-0.0041026890859041,-0.036338183323176,-0.296324815106797,-0.508460685888365,0.443145276740837,0.573172900579149,1.30525441526631
2015-02-01,NA,2.42642508710801e-05,-0.796464464795955,-1.00510164850883,-0.00313513464418607,0,-0.0580485874998227,0,-0.54004381766401,0,0,-0.687521366321849,1.01476821969344,1.44408723686266,-0.703716268067775,-1.13144843950191,-1.12525194221511,0.320060653287977,1.72520903152804,-0.776311944142103,-0.719321529124792,-0.782003048423063,-0.672227220035063,-0.946416978682941,-0.98968238893758,1.44250590941109,-0.189820716720835,0.391266045861016,-0.371277733430179,-0.166402515872582,0.856392203120998,0.457993841811336,0.658697740989938,1.46353323597054,0.0699221365892854,1.15005398218983,0.678582106168294,-0.636050447543686,-0.691410709471841,1.06309579258781,-0.62541035944936,-0.513246088979342,-0.24069059247955,0.502378437133711,0.48287649739278,0.562023149804395,-0.0041026890859041,-0.036338183323176,-0.296324815106797,-0.508460685888365,0.443145276740837,0.573172900579149,1.30525441526631
2015-03-01,NA,2.50670383275261e-05,-0.571955211625494,0.108913483259132,1.18486166896487,0,-0.0580485874998227,0,-0.530764939914252,0,0,-0.677656580092857,-0.939444584577254,1.29896595917076,-0.805949828804431,-1.08170769481326,-0.41466915660985,0.592373269076903,3.5401921649377,-0.779662791849012,-0.718532060780737,-0.785042174015287,-0.987415368302516,-0.943046185929714,-1.18708935733823,1.29817773418926,-0.189820716720835,0.391266045861016,-0.371277733430179,-0.166402515872582,0.856392203120998,0.457993841811336,0.658697740989938,1.46353323597054,0.0699221365892854,1.15005398218983,0.678582106168294,-0.636050447543686,-0.691410709471841,1.06309579258781,-0.62541035944936,-0.513246088979342,-0.24069059247955,0.502378437133711,0.48287649739278,0.562023149804395,-0.0041026890859041,-0.036338183323176,-0.296324815106797,-0.508460685888365,0.443145276740837,0.573172900579149,1.30525441526631
2015-04-01,NA,9.65954006968641e-05,-0.3571012555883,0.694217988691563,2.12180909911165,0,-0.0580485874998227,0,-0.51940249257519,0,0,-0.622267238422159,-1.02005677545152,1.70701547798251,-0.74778090881714,-0.400189137355938,0.429593017472132,1.41842238650987,1.81738732458085,-0.77979172297559,-0.71817965155717,-0.785178986054855,-0.929647053657697,-0.857683374322814,-1.23924784305948,1.70731286295665,-0.189820716720835,0.391266045861016,-0.371277733430179,-0.166402515872582,0.856392203120998,0.457993841811336,0.658697740989938,1.46353323597054,0.0699221365892854,1.15005398218983,0.678582106168294,-0.636050447543686,-0.691410709471841,1.06309579258781,-0.62541035944936,-0.513246088979342,-0.24069059247955,0.502378437133711,0.48287649739278,0.562023149804395,-0.0041026890859041,-0.036338183323176,-0.296324815106797,-0.508460685888365,0.443145276740837,0.573172900579149,1.30525441526631
2015-05-01,NA,0.000164210174216028,-0.172576212025453,1.5626504856907,1.14750598237527,0,-0.0580485874998227,0,-0.522884160249761,0,0,-0.455526630382505,-0.8998405680371,1.66283565118263,-0.724140660962263,0.371963428106951,1.55352487913253,1.46376494880442,1.55924743285891,-0.779260864512127,-0.716747578119834,-0.784698797912556,-0.903171936119646,-0.823592776471639,-1.21296241168647,1.66329610574316,-0.189820716720835,0.391266045861016,-0.371277733430179,-0.166402515872582,0.856392203120998,0.457993841811336,0.658697740989938,1.46353323597054,0.0699221365892854,1.15005398218983,0.678582106168294,-0.636050447543686,-0.691410709471841,1.06309579258781,-0.62541035944936,-0.513246088979342,-0.24069059247955,0.502378437133711,0.48287649739278,0.562023149804395,-0.0041026890859041,-0.036338183323176,-0.296324815106797,-0.508460685888365,0.443145276740837,0.573172900579149,1.30525441526631
2015-06-01,NA,0.000755543414634146,0.298599854605009,1.48705906160691,0.517192687466339,0,-0.0580485874998227,0,-0.514490660072154,0,0,1.02423831946899,0.00731651343725543,1.82480123058411,-0.392594278592595,1.43349383214831,1.81759939957547,1.66056693376785,1.0352086381694,-0.770970058045044,-0.690041688303065,-0.775961055236729,-0.522823224905145,-0.604277000982561,-0.684496729237017,1.82541914717592,-0.189820716720835,0.391266045861016,-0.371277733430179,-0.166402515872582,0.856392203120998,0.457993841811336,0.658697740989938,1.46353323597054,0.0699221365892854,1.15005398218983,0.678582106168294,-0.636050447543686,-0.691410709471841,1.06309579258781,-0.62541035944936,-0.513246088979342,-0.24069059247955,0.502378437133711,0.48287649739278,0.562023149804395,-0.0041026890859041,-0.036338183323176,-0.296324815106797,-0.508460685888365,0.443145276740837,0.573172900579149,1.30525441526631
2015-07-01,NA,0.0241640027874564,3.3519223434768,1.0717574727608,-0.705241593319434,0,-0.0580485874998227,0,4.78657417631869,0,0,3.80264062219025,-0.194420642533633,1.64933481493521,0.948552834438777,1.38857984514463,0.749414371080197,1.43041902905135,-0.354974632366158,-0.20740897783234,0.670845545517239,-0.179270479023089,-0.377743444326218,1.50852056617858,0.659527996610417,1.64974724389917,-0.189820716720835,0.391266045861016,-0.371277733430179,-0.166402515872582,0.856392203120998,0.457993841811336,0.658697740989938,1.46353323597054,0.0699221365892854,1.15005398218983,0.678582106168294,-0.636050447543686,-0.691410709471841,1.06309579258781,-0.62541035944936,-0.513246088979342,-0.24069059247955,0.502378437133711,0.48287649739278,0.562023149804395,-0.0041026890859041,-0.036338183323176,-0.296324815106797,-0.508460685888365,0.443145276740837,0.573172900579149,1.30525441526631
2015-08-01,NA,0.025185308989547,2.2409073850805,0.939560086069077,-0.258015325186484,0,-0.0580485874998227,0,3.362226790684,0,0,0.852308871804458,-0.0751236507707728,1.60205733581136,1.67585317645019,1.14639209726235,-0.248979058546743,1.31601443519656,-0.501991630764842,1.62744317437374,2.04425941395797,1.62308367290485,0.944385367278572,2.16755490959229,1.5359137626812,1.6023022936272,-0.189820716720835,0.391266045861016,-0.371277733430179,-0.166402515872582,0.856392203120998,0.457993841811336,0.658697740989938,1.46353323597054,0.0699221365892854,1.15005398218983,0.678582106168294,-0.636050447543686,-0.691410709471841,1.06309579258781,-0.62541035944936,-0.513246088979342,-0.24069059247955,0.502378437133711,0.48287649739278,0.562023149804395,-0.0041026890859041,-0.036338183323176,-0.296324815106797,-0.508460685888365,0.443145276740837,0.573172900579149,1.30525441526631
2015-09-01,NA,0.0170611802090592,0.45674093470389,0.95841225131397,0.105295309951377,0,-0.0580485874998227,0,0.640450387249138,0,0,-0.0910085888739084,0.523766557964974,1.73931084972606,2.25390753962043,0.735353940606916,0.183004109213546,1.46423570031123,-0.501991630764842,2.01157455152674,1.61164168382719,1.95703095362857,2.51456291858289,1.58845839114343,1.39596555648309,1.73965368837485,-0.189820716720835,0.391266045861016,-0.371277733430179,-0.166402515872582,0.856392203120998,0.457993841811336,0.658697740989938,1.46353323597054,0.0699221365892854,1.15005398218983,0.678582106168294,-0.636050447543686,-0.691410709471841,1.06309579258781,-0.62541035944936,-0.513246088979342,-0.24069059247955,0.502378437133711,0.48287649739278,0.562023149804395,-0.0041026890859041,-0.036338183323176,-0.296324815106797,-0.508460685888365,0.443145276740837,0.573172900579149,1.30525441526631
2015-10-01,NA,0.00811268905923345,-0.289331875647984,0.373145506853485,-0.0833364403044791,0,-0.0580485874998227,0,-0.419286168056876,0,0,-0.199060793693023,0.814528205692729,1.42477085692662,1.66637949639572,0.400683533883199,0.653921582263924,0.865417499559691,-0.501991630764842,1.01666520868193,0.357370536282771,0.99882429507068,2.28088475447896,0.769930455089536,1.01641351077838,1.42434869970097,-0.189820716720835,0.391266045861016,-0.371277733430179,-0.166402515872582,0.856392203120998,0.457993841811336,0.658697740989938,1.46353323597054,0.0699221365892854,1.15005398218983,0.678582106168294,-0.636050447543686,-0.691410709471841,1.06309579258781,-0.62541035944936,-0.513246088979342,-0.24069059247955,0.502378437133711,0.48287649739278,0.562023149804395,-0.0041026890859041,-0.036338183323176,-0.296324815106797,-0.508460685888365,0.443145276740837,0.573172900579149,1.30525441526631
2015-11-01,NA,0.00305703470383275,-0.702814495133298,0.0899793767051126,-0.29382132137827,0,-0.0580485874998227,0,-0.533226671330136,0,0,-0.624113159992958,1.10134777189522,1.252524128493,0.746951130346798,-0.1206579925861,0.580593966030524,0.274704859812021,-0.501991630764842,-0.0689138856610446,-0.600254678245451,-0.0866221040420396,1.4316159578756,-0.0153519803219903,0.345040609934224,1.25114502580068,-0.189820716720835,0.391266045861016,-0.371277733430179,-0.166402515872582,0.856392203120998,0.457993841811336,0.658697740989938,1.46353323597054,0.0699221365892854,1.15005398218983,0.678582106168294,-0.636050447543686,-0.691410709471841,1.06309579258781,-0.62541035944936,-0.513246088979342,-0.24069059247955,0.502378437133711,0.48287649739278,0.562023149804395,-0.0041026890859041,-0.036338183323176,-0.296324815106797,-0.508460685888365,0.443145276740837,0.573172900579149,1.30525441526631
2015-12-01,NA,0.00109347679442509,-0.718885242460265,-1.08067419210665,-1.70121635550247,0,-0.0580485874998227,0,-0.52385470012325,0,0,-0.214406591231401,1.03065206504722,0.843952474682083,0.125749886328634,-0.322648648506112,-0.43248138057316,-0.589032790386501,-0.501991630764842,-0.570829261517977,-0.645736376168244,-0.588287164787494,0.604534187910758,-0.431073923292588,0.104002949611799,0.841411986743582,-0.189820716720835,0.391266045861016,-0.371277733430179,-0.166402515872582,0.856392203120998,0.457993841811336,0.658697740989938,1.46353323597054,0.0699221365892854,1.15005398218983,0.678582106168294,-0.636050447543686,-0.691410709471841,1.06309579258781,-0.62541035944936,-0.513246088979342,-0.24069059247955,0.502378437133711,0.48287649739278,0.562023149804395,-0.0041026890859041,-0.036338183323176,-0.296324815106797,-0.508460685888365,0.443145276740837,0.573172900579149,1.30525441526631
2016-01-01,NA,0.000369703693379791,-0.536030784642886,-1.62825473134389,-1.77546459559752,0,-0.0580485874998227,0,-0.528824395080369,0,0,-0.544007763605954,1.13367333859864,0.821154904192281,-0.225305359915675,-0.457950219510117,-0.700973253575204,-0.637029527670755,-0.501991630764842,-0.706146974700438,-0.707798161158342,-0.719015777284557,0.0229037903896888,-0.681336556447959,-0.290650144852325,0.818550984002213,-0.189820716720835,0.391266045861016,-0.371277733430179,-0.166402515872582,0.856392203120998,0.457993841811336,0.658697740989938,1.46353323597054,0.0699221365892854,1.15005398218983,0.678582106168294,-0.636050447543686,-0.691410709471841,1.06309579258781,-0.62541035944936,-0.513246088979342,-0.24069059247955,0.502378437133711,0.48287649739278,0.562023149804395,-0.0041026890859041,-0.036338183323176,-0.296324815106797,-0.508460685888365,0.443145276740837,0.573172900579149,1.30525441526631
2016-02-01,NA,0.000166819233449477,-0.918792735396406,-1.64703854922955,-0.158756485599533,0,-0.0580485874998227,0,-0.54148223772638,0,0,-0.588155825066876,0.60515096131165,1.44408723686266,-0.555429587882465,-0.213460064078738,0.394269236065399,0.349216188252514,-0.443643442173702,-0.756184035005354,-0.712547353800434,-0.764334524025601,-0.472121203481459,-0.81801008198672,-0.457156891867965,1.44256596153626,-0.189820716720835,0.391266045861016,-0.371277733430179,-0.166402515872582,0.856392203120998,0.457993841811336,0.658697740989938,1.46353323597054,0.0699221365892854,1.15005398218983,0.678582106168294,-0.636050447543686,-0.691410709471841,1.06309579258781,-0.62541035944936,-0.513246088979342,-0.24069059247955,0.502378437133711,0.48287649739278,0.562023149804395,-0.0041026890859041,-0.036338183323176,-0.296324815106797,-0.508460685888365,0.443145276740837,0.573172900579149,1.30525441526631
2016-03-01,NA,3.456e-05,-0.770661614668393,0.146674832816557,1.38520252254762,0,-0.0580485874998227,0,-0.538070045823267,0,0,-0.687312207942925,0.842320809374257,1.29896595917076,-0.693526429359343,-0.97744868395372,-0.874611555471072,0.593816164227941,-0.0748580428749828,-0.774078680708029,-0.719242608811672,-0.780181606734319,-0.706090925145199,-0.926759636369304,-0.776882618969908,1.2981806352581,-0.189820716720835,0.391266045861016,-0.371277733430179,-0.166402515872582,0.856392203120998,0.457993841811336,0.658697740989938,1.46353323597054,0.0699221365892854,1.15005398218983,0.678582106168294,-0.636050447543686,-0.691410709471841,1.06309579258781,-0.62541035944936,-0.513246088979342,-0.24069059247955,0.502378437133711,0.48287649739278,0.562023149804395,-0.0041026890859041,-0.036338183323176,-0.296324815106797,-0.508460685888365,0.443145276740837,0.573172900579149,1.30525441526631
2016-04-01,NA,3.30547735191638e-05,-0.419483834074561,1.48726750217206,2.29016456895536,0,-0.0580485874998227,0,-0.531839328994193,0,0,-0.682143417229006,-0.893386788660834,1.70701547798251,-0.791271971643382,-0.615222527156602,0.744489708344923,1.40980721610855,2.60284328968364,-0.779516044615936,-0.718787534565526,-0.784933438035494,-0.948670567364668,-0.926201465874374,-0.977727841006168,1.70729487632978,-0.189820716720835,0.391266045861016,-0.371277733430179,-0.166402515872582,0.856392203120998,0.457993841811336,0.658697740989938,1.46353323597054,0.0699221365892854,1.15005398218983,0.678582106168294,-0.636050447543686,-0.691410709471841,1.06309579258781,-0.62541035944936,-0.513246088979342,-0.24069059247955,0.502378437133711,0.48287649739278,0.562023149804395,-0.0041026890859041,-0.036338183323176,-0.296324815106797,-0.508460685888365,0.443145276740837,0.573172900579149,1.30525441526631
2016-05-01,NA,0.000309414355400697,0.139106158172606,1.48715308642705,1.57016107796632,0,-0.0580485874998227,0,-0.524091428262921,0,0,0.081793100456819,-0.964735931770607,1.66283565118263,-0.742328869023646,0.369741420452082,1.85039535505573,1.45714044446427,2.7340957671643,-0.779092014481051,-0.714110387110767,-0.784406290655973,-0.939882163282735,-0.809546366610623,-1.02584587889917,1.66328218061269,-0.189820716720835,0.391266045861016,-0.371277733430179,-0.166402515872582,0.856392203120998,0.457993841811336,0.658697740989938,1.46353323597054,0.0699221365892854,1.15005398218983,0.678582106168294,-0.636050447543686,-0.691410709471841,1.06309579258781,-0.62541035944936,-0.513246088979342,-0.24069059247955,0.502378437133711,0.48287649739278,0.562023149804395,-0.0041026890859041,-0.036338183323176,-0.296324815106797,-0.508460685888365,0.443145276740837,0.573172900579149,1.30525441526631
2016-06-01,NA,0.003999246271777,0.938115291779375,1.12835210707715,0.180068067888498,0,-0.0580485874998227,0,0.276456151177326,0,0,1.53143409441951,-0.461656259921576,1.82480123058411,0.118812562096894,1.41359341556275,1.34587521265138,1.66516135705379,1.56839480895208,-0.607578341610582,-0.240217359944777,-0.599431023865089,-0.418704846552071,-0.20351705380698,-0.0656875246723181,1.82542872070312,-0.189820716720835,0.391266045861016,-0.371277733430179,-0.166402515872582,0.856392203120998,0.457993841811336,0.658697740989938,1.46353323597054,0.0699221365892854,1.15005398218983,0.678582106168294,-0.636050447543686,-0.691410709471841,1.06309579258781,-0.62541035944936,-0.513246088979342,-0.24069059247955,0.502378437133711,0.48287649739278,0.562023149804395,-0.0041026890859041,-0.036338183323176,-0.296324815106797,-0.508460685888365,0.443145276740837,0.573172900579149,1.30525441526631
2016-07-01,NA,0.0158693820209059,1.39971551087936,0.996247612376414,-0.293702947701848,0,-0.0580485874998227,0,1.65481524209829,0,0,1.59383198669381,0.0853444234202613,1.64933510549448,2.40884931142327,1.34668305628729,0.246864920344581,1.42732070419324,-0.483146681143439,0.565380180039317,1.17622906260146,0.659005900811994,0.509640891214682,1.13304755013595,0.916669257441539,1.64973941101328,-0.189820716720835,0.391266045861016,-0.371277733430179,-0.166402515872582,0.856392203120998,0.457993841811336,0.658697740989938,1.46353323597054,0.0699221365892854,1.15005398218983,0.678582106168294,-0.636050447543686,-0.691410709471841,1.06309579258781,-0.62541035944936,-0.513246088979342,-0.24069059247955,0.502378437133711,0.48287649739278,0.562023149804395,-0.0041026890859041,-0.036338183323176,-0.296324815106797,-0.508460685888365,0.443145276740837,0.573172900579149,1.30525441526631
2016-08-01,NA,0.0145435986062718,1.24930452197604,0.845128957861132,-0.740266386044549,0,-0.0580485874998227,0,1.07404084837513,0,0,0.970284672944014,0.267507283128718,1.60205762637063,1.29924305105101,1.06793826318414,-0.077865827328599,1.30899633802853,-0.501991630764842,1.02796763530257,1.31568653065259,1.10180576553087,0.957281977816617,1.24761332940986,1.29117629153235,1.60228807838984,-0.189820716720835,0.391266045861016,-0.371277733430179,-0.166402515872582,0.856392203120998,0.457993841811336,0.658697740989938,1.46353323597054,0.0699221365892854,1.15005398218983,0.678582106168294,-0.636050447543686,-0.691410709471841,1.06309579258781,-0.62541035944936,-0.513246088979342,-0.24069059247955,0.502378437133711,0.48287649739278,0.562023149804395,-0.0041026890859041,-0.036338183323176,-0.296324815106797,-0.508460685888365,0.443145276740837,0.573172900579149,1.30525441526631
2016-09-01,NA,0.0139538709407666,0.597116675848701,0.807392908154912,-0.190788025652717,0,-0.0580485874998227,0,0.292186417038532,0,0,-0.121694535269296,0.382376701132231,1.73931084972606,2.51692606638315,0.875582047781916,0.0296463897552672,1.46550143690704,-0.501991630764842,1.76946427707551,1.7312274071242,1.75458018907714,2.071964967235,1.38599723106589,1.4499828548347,1.7396565894437,-0.189820716720835,0.391266045861016,-0.371277733430179,-0.166402515872582,0.856392203120998,0.457993841811336,0.658697740989938,1.46353323597054,0.0699221365892854,1.15005398218983,0.678582106168294,-0.636050447543686,-0.691410709471841,1.06309579258781,-0.62541035944936,-0.513246088979342,-0.24069059247955,0.502378437133711,0.48287649739278,0.562023149804395,-0.0041026890859041,-0.036338183323176,-0.296324815106797,-0.508460685888365,0.443145276740837,0.573172900579149,1.30525441526631
2016-10-01,NA,0.00666574494773519,-0.518655840516809,0.599710960930003,0.163584925932589,0,-0.0580485874998227,0,-0.539319334309837,0,0,-0.610839128253799,1.02001318817236,1.42477085692662,1.53188838579202,0.324051621548719,1.1842177655406,0.862535330423054,-0.501991630764842,0.831392752234514,-0.0644550163288701,0.788437550890826,2.25062711038572,0.605712915937804,0.821362335524208,1.42434376788393,-0.189820716720835,0.391266045861016,-0.371277733430179,-0.166402515872582,0.856392203120998,0.457993841811336,0.658697740989938,1.46353323597054,0.0699221365892854,1.15005398218983,0.678582106168294,-0.636050447543686,-0.691410709471841,1.06309579258781,-0.62541035944936,-0.513246088979342,-0.24069059247955,0.502378437133711,0.48287649739278,0.562023149804395,-0.0041026890859041,-0.036338183323176,-0.296324815106797,-0.508460685888365,0.443145276740837,0.573172900579149,1.30525441526631
2016-11-01,NA,0.0024192,-0.713399129002728,-0.0610773498161748,-0.356986865267004,0,-0.0580485874998227,0,-0.53366148872627,0,0,-0.555517697943653,1.07794386190828,1.25252441905226,0.51854981953754,0.0457034820982958,0.615333634702168,0.274046364804868,-0.501991630764842,-0.216514536487891,-0.59742553494481,-0.241907387687845,0.976794920303418,-0.115635743717176,0.362225133645852,1.2511447356938,-0.189820716720835,0.391266045861016,-0.371277733430179,-0.166402515872582,0.856392203120998,0.457993841811336,0.658697740989938,1.46353323597054,0.0699221365892854,1.15005398218983,0.678582106168294,-0.636050447543686,-0.691410709471841,1.06309579258781,-0.62541035944936,-0.513246088979342,-0.24069059247955,0.502378437133711,0.48287649739278,0.562023149804395,-0.0041026890859041,-0.036338183323176,-0.296324815106797,-0.508460685888365,0.443145276740837,0.573172900579149,1.30525441526631
2016-12-01,NA,0.000606987595818815,-0.890957981408456,-1.13733792900166,-0.862942490319699,0,-0.0580485874998227,0,-0.540805895068188,0,0,-0.689927101667427,2.15041661227813,0.843952184122818,0.0328060753295107,-0.726395442936482,-0.207517156934241,-0.60340463890344,-0.501991630764842,-0.636395761268148,-0.713539594193124,-0.649545386325917,0.342807325989586,-0.61438066650178,-0.0929026148070185,0.84138210573444,-0.189820716720835,0.391266045861016,-0.371277733430179,-0.166402515872582,0.856392203120998,0.457993841811336,0.658697740989938,1.46353323597054,0.0699221365892854,1.15005398218983,0.678582106168294,-0.636050447543686,-0.691410709471841,1.06309579258781,-0.62541035944936,-0.513246088979342,-0.24069059247955,0.502378437133711,0.48287649739278,0.562023149804395,-0.0041026890859041,-0.036338183323176,-0.296324815106797,-0.508460685888365,0.443145276740837,0.573172900579149,1.30525441526631
2017-01-01,NA,0.000136654494773519,-0.887809876398465,-1.06180994335074,-1.25657421298475,0,-0.0580485874998227,0,-0.540264052533011,0,0,-0.686897002151932,2.56606848017631,0.821154904192281,-0.471850782998023,-0.943726987930676,-0.574923148888387,-0.6549971934666,-0.499547772926629,-0.751037098340821,-0.71936155264395,-0.758464311940917,-0.18352436549426,-0.843573503853014,-0.515368231025533,0.81851268989341,-0.189820716720835,0.391266045861016,-0.371277733430179,-0.166402515872582,0.856392203120998,0.457993841811336,0.658697740989938,1.46353323597054,0.0699221365892854,1.15005398218983,0.678582106168294,-0.636050447543686,-0.691410709471841,1.06309579258781,-0.62541035944936,-0.513246088979342,-0.24069059247955,0.502378437133711,0.48287649739278,0.562023149804395,-0.0041026890859041,-0.036338183323176,-0.296324815106797,-0.508460685888365,0.443145276740837,0.573172900579149,1.30525441526631
2017-02-01,NA,2.5046968641115e-05,-0.92102799406668,-1.15614515868993,0.509517865787958,0,-0.0580485874998227,0,-0.541490240429425,0,0,-0.688378828444166,1.67171250952494,1.44408723686266,-0.710374836468616,-1.26384311542563,-1.36272683201342,0.310647294458993,1.5208683717364,-0.775272523320582,-0.719321466241995,-0.780992241647959,-0.642440976251106,-0.949327217423436,-0.933643400974949,1.44248618214292,-0.189820716720835,0.391266045861016,-0.371277733430179,-0.166402515872582,0.856392203120998,0.457993841811336,0.658697740989938,1.46353323597054,0.0699221365892854,1.15005398218983,0.678582106168294,-0.636050447543686,-0.691410709471841,1.06309579258781,-0.62541035944936,-0.513246088979342,-0.24069059247955,0.502378437133711,0.48287649739278,0.562023149804395,-0.0041026890859041,-0.036338183323176,-0.296324815106797,-0.508460685888365,0.443145276740837,0.573172900579149,1.30525441526631
2017-03-01,NA,1.2724181184669e-05,-0.492498019034814,-0.193161831201776,1.56397848678446,0,-0.0580485874998227,0,-0.53445918086178,0,0,-0.687185963609105,-0.907728592108478,1.29896595917076,-0.809798901893914,-0.894176566527732,-0.24616342392788,0.594144436802361,3.2246789458209,-0.779530176402929,-0.718585353008581,-0.784909611483269,-1.00438714950029,-0.959623666203016,-1.15828483383792,1.29818121547187,-0.189820716720835,0.391266045861016,-0.371277733430179,-0.166402515872582,0.856392203120998,0.457993841811336,0.658697740989938,1.46353323597054,0.0699221365892854,1.15005398218983,0.678582106168294,-0.636050447543686,-0.691410709471841,1.06309579258781,-0.62541035944936,-0.513246088979342,-0.24069059247955,0.502378437133711,0.48287649739278,0.562023149804395,-0.0041026890859041,-0.036338183323176,-0.296324815106797,-0.508460685888365,0.443145276740837,0.573172900579149,1.30525441526631
2017-04-01,NA,7.25519163763066e-05,-0.225831491235374,0.411026181082266,1.93105698430176,0,-0.0580485874998227,0,-0.524100951188287,0,0,-0.651828582094176,-1.02179399403723,1.70701547798251,-0.790696573790534,-0.0761102548928118,1.68070991670046,1.41767962976851,2.12689546115297,-0.779786264489403,-0.717812265741353,-0.785155783193957,-0.992428892502479,-0.8804617505991,-1.24561391102456,1.70731141242222,-0.189820716720835,0.391266045861016,-0.371277733430179,-0.166402515872582,0.856392203120998,0.457993841811336,0.658697740989938,1.46353323597054,0.0699221365892854,1.15005398218983,0.678582106168294,-0.636050447543686,-0.691410709471841,1.06309579258781,-0.62541035944936,-0.513246088979342,-0.24069059247955,0.502378437133711,0.48287649739278,0.562023149804395,-0.0041026890859041,-0.036338183323176,-0.296324815106797,-0.508460685888365,0.443145276740837,0.573172900579149,1.30525441526631
2017-05-01,NA,0.0011037524738676,0.585818389868419,0.807418208006116,0.819411358978283,0,-0.0580485874998227,0,-0.510889320840295,0,0,1.56228655257318,-0.107479005457599,1.66283565118263,-0.386628301081946,1.03196090514929,1.82217540854179,1.46773360684774,0.731203027931667,-0.738924838806287,-0.586949981619816,-0.741700429014982,-0.516923153584463,-0.554179901805543,-0.610743087428882,1.66330451884282,-0.189820716720835,0.391266045861016,-0.371277733430179,-0.166402515872582,0.856392203120998,0.457993841811336,0.658697740989938,1.46353323597054,0.0699221365892854,1.15005398218983,0.678582106168294,-0.636050447543686,-0.691410709471841,1.06309579258781,-0.62541035944936,-0.513246088979342,-0.24069059247955,0.502378437133711,0.48287649739278,0.562023149804395,-0.0041026890859041,-0.036338183323176,-0.296324815106797,-0.508460685888365,0.443145276740837,0.573172900579149,1.30525441526631
2017-06-01,NA,0.00899519331010453,1.16358300443775,0.958405831948739,-0.214516138987219,0,-0.0580485874998227,0,0.889122161896,0,0,0.941323457259377,0.313634650073977,1.82480123058411,1.21541832734725,1.25652355041534,0.690932264718098,1.67091288197244,-0.501991630764842,-0.0675423641639885,0.627264343509027,-0.0198323524474576,0.282546704542518,0.46551333709348,0.452941372308906,1.82543974476474,-0.189820716720835,0.391266045861016,-0.371277733430179,-0.166402515872582,0.856392203120998,0.457993841811336,0.658697740989938,1.46353323597054,0.0699221365892854,1.15005398218983,0.678582106168294,-0.636050447543686,-0.691410709471841,1.06309579258781,-0.62541035944936,-0.513246088979342,-0.24069059247955,0.502378437133711,0.48287649739278,0.562023149804395,-0.0041026890859041,-0.036338183323176,-0.296324815106797,-0.508460685888365,0.443145276740837,0.573172900579149,1.30525441526631
2017-07-01,NA,0.0213580197909408,2.186918880745,0.675245365946158,-0.901788209486094,0,-0.0580485874998227,0,2.55729019319718,0,0,2.38053766041808,-0.346855447691691,1.64933481493521,1.85768176809005,1.37382447505839,-0.238014775748527,1.43458810467404,-0.501991630764842,1.1137203970951,1.73513611051863,1.20393653742276,0.404896144422494,1.67896795611094,1.27759723147411,1.6497562372126,-0.189820716720835,0.391266045861016,-0.371277733430179,-0.166402515872582,0.856392203120998,0.457993841811336,0.658697740989938,1.46353323597054,0.0699221365892854,1.15005398218983,0.678582106168294,-0.636050447543686,-0.691410709471841,1.06309579258781,-0.62541035944936,-0.513246088979342,-0.24069059247955,0.502378437133711,0.48287649739278,0.562023149804395,-0.0041026890859041,-0.036338183323176,-0.296324815106797,-0.508460685888365,0.443145276740837,0.573172900579149,1.30525441526631
2017-08-01,NA,0.0153367726829268,0.848941794231302,0.788503359547791,-0.530960060924193,0,-0.0580485874998227,0,0.501697259935369,0,0,-0.279272957263124,0.304662343406613,1.60205762637063,2.75353375994666,1.03101882614686,-0.191463240881821,1.31152753266897,-0.501991630764842,1.90780492279367,1.73418476046073,1.91103171171875,1.9697784787592,1.46240289656635,1.4635113502339,1.60229388052754,-0.189820716720835,0.391266045861016,-0.371277733430179,-0.166402515872582,0.856392203120998,0.457993841811336,0.658697740989938,1.46353323597054,0.0699221365892854,1.15005398218983,0.678582106168294,-0.636050447543686,-0.691410709471841,1.06309579258781,-0.62541035944936,-0.513246088979342,-0.24069059247955,0.502378437133711,0.48287649739278,0.562023149804395,-0.0041026890859041,-0.036338183323176,-0.296324815106797,-0.508460685888365,0.443145276740837,0.573172900579149,1.30525441526631
2017-09-01,NA,0.0152877022996516,0.640626908812804,0.996153965165983,0.175950579279102,0,-0.0580485874998227,0,0.612490802156361,0,0,-0.0523994964668811,0.488692816262844,1.73931084972606,2.15659028746475,0.818621137450031,0.0837873721070243,1.4635944754777,-0.501991630764842,1.79599218265679,1.57743091952937,1.77424116120158,2.1763165399354,1.45996743218951,1.41954330688277,1.73965194773354,-0.189820716720835,0.391266045861016,-0.371277733430179,-0.166402515872582,0.856392203120998,0.457993841811336,0.658697740989938,1.46353323597054,0.0699221365892854,1.15005398218983,0.678582106168294,-0.636050447543686,-0.691410709471841,1.06309579258781,-0.62541035944936,-0.513246088979342,-0.24069059247955,0.502378437133711,0.48287649739278,0.562023149804395,-0.0041026890859041,-0.036338183323176,-0.296324815106797,-0.508460685888365,0.443145276740837,0.573172900579149,1.30525441526631
2017-10-01,NA,0.00716570090592335,-0.426538616800349,0.297629604713585,-0.231681107039539,0,-0.0580485874998227,0,-0.518961895593771,0,0,-0.468525951470475,0.951209589120514,1.42477085692662,1.50547494337458,0.325832963670721,0.81183292429242,0.864033378709208,-0.501991630764842,0.904656078373913,0.114706481824702,0.881642126606715,2.69130438753297,0.648961511491338,0.924419365277947,1.42434492831147,-0.189820716720835,0.391266045861016,-0.371277733430179,-0.166402515872582,0.856392203120998,0.457993841811336,0.658697740989938,1.46353323597054,0.0699221365892854,1.15005398218983,0.678582106168294,-0.636050447543686,-0.691410709471841,1.06309579258781,-0.62541035944936,-0.513246088979342,-0.24069059247955,0.502378437133711,0.48287649739278,0.562023149804395,-0.0041026890859041,-0.036338183323176,-0.296324815106797,-0.508460685888365,0.443145276740837,0.573172900579149,1.30525441526631
2017-11-01,NA,0.00260741351916376,-0.913189095719331,-0.438668188807262,-0.495680623499935,0,-0.0580485874998227,0,-0.541609653419676,0,0,-0.690112353086017,1.24270296257306,1.252524128493,0.787758586118818,-0.545752978803585,0.145869440565603,0.273469346020048,-0.501991630764842,-0.161740247859294,-0.626158447831462,-0.179728196478431,1.80924762347667,-0.10812524076367,0.275168465082069,1.25114241483872,-0.189820716720835,0.391266045861016,-0.371277733430179,-0.166402515872582,0.856392203120998,0.457993841811336,0.658697740989938,1.46353323597054,0.0699221365892854,1.15005398218983,0.678582106168294,-0.636050447543686,-0.691410709471841,1.06309579258781,-0.62541035944936,-0.513246088979342,-0.24069059247955,0.502378437133711,0.48287649739278,0.562023149804395,-0.0041026890859041,-0.036338183323176,-0.296324815106797,-0.508460685888365,0.443145276740837,0.573172900579149,1.30525441526631
2017-12-01,NA,0.000595487665505226,-0.843342992608764,-1.55270862042643,-1.70573292353555,0,-0.0580485874998227,0,-0.539433244509547,0,0,-0.688740402421368,1.80746403043239,0.843952184122818,-0.00641099669347058,-0.903554802622458,-0.71048724231242,-0.598819686357868,-0.501991630764842,-0.643441114492926,-0.718196291480492,-0.653806931816875,0.573923896259907,-0.628550913125432,-0.202978034305947,0.841390808940986,-0.189820716720835,0.391266045861016,-0.371277733430179,-0.166402515872582,0.856392203120998,0.457993841811336,0.658697740989938,1.46353323597054,0.0699221365892854,1.15005398218983,0.678582106168294,-0.636050447543686,-0.691410709471841,1.06309579258781,-0.62541035944936,-0.513246088979342,-0.24069059247955,0.502378437133711,0.48287649739278,0.562023149804395,-0.0041026890859041,-0.036338183323176,-0.296324815106797,-0.508460685888365,0.443145276740837,0.573172900579149,1.30525441526631
2018-01-01,NA,0.00012236487804878,-0.912760248072823,-1.43943778809433,-1.29494204160602,0,-0.0580485874998227,0,-0.541293512873821,0,0,-0.687281435276836,2.84348957434605,0.821154904192281,-0.496059135940761,-1.05760671027431,-0.623513453028369,-0.658011813692873,-0.501473343391026,-0.753990184521746,-0.719437230499016,-0.760715416481449,-0.116802763812751,-0.859580866798896,-0.595517360236732,0.818506307541943,-0.189820716720835,0.391266045861016,-0.371277733430179,-0.166402515872582,0.856392203120998,0.457993841811336,0.658697740989938,1.46353323597054,0.0699221365892854,1.15005398218983,0.678582106168294,-0.636050447543686,-0.691410709471841,1.06309579258781,-0.62541035944936,-0.513246088979342,-0.24069059247955,0.502378437133711,0.48287649739278,0.562023149804395,-0.0041026890859041,-0.036338183323176,-0.296324815106797,-0.508460685888365,0.443145276740837,0.573172900579149,1.30525441526631
2018-02-01,NA,3.15094076655052e-05,-0.698635603873652,-1.363859202741,-0.220476112300158,0,-0.0580485874998227,0,-0.535937136284552,0,0,-0.686872873258814,0.969657692028425,1.44408723686266,-0.710342488685459,-1.05682798247367,-0.802250457538912,0.32475243021394,1.38204380481573,-0.775964780177236,-0.719304272601707,-0.781538171561579,-0.658448865521089,-0.934164005593772,-0.98623846844301,1.44251548293829,-0.189820716720835,0.391266045861016,-0.371277733430179,-0.166402515872582,0.856392203120998,0.457993841811336,0.658697740989938,1.46353323597054,0.0699221365892854,1.15005398218983,0.678582106168294,-0.636050447543686,-0.691410709471841,1.06309579258781,-0.62541035944936,-0.513246088979342,-0.24069059247955,0.502378437133711,0.48287649739278,0.562023149804395,-0.0041026890859041,-0.036338183323176,-0.296324815106797,-0.508460685888365,0.443145276740837,0.573172900579149,1.30525441526631
2018-03-01,NA,3.69482926829268e-05,-0.638571572628426,-0.155382733987534,1.17542741254955,0,-0.0580485874998227,0,-0.532777372721771,0,0,-0.680204724415433,-1.02357372225487,1.29896595917076,-0.786156057866885,-0.718838885593731,-0.115499770010524,0.612411405849131,1.4399909445186,-0.779561873413872,-0.718494356183351,-0.784927527233198,-0.991208059846417,-0.923669128373793,-1.14287382597936,1.29821921947379,-0.189820716720835,0.391266045861016,-0.371277733430179,-0.166402515872582,0.856392203120998,0.457993841811336,0.658697740989938,1.46353323597054,0.0699221365892854,1.15005398218983,0.678582106168294,-0.636050447543686,-0.691410709471841,1.06309579258781,-0.62541035944936,-0.513246088979342,-0.24069059247955,0.502378437133711,0.48287649739278,0.562023149804395,-0.0041026890859041,-0.036338183323176,-0.296324815106797,-0.508460685888365,0.443145276740837,0.573172900579149,1.30525441526631
2018-04-01,NA,8.40317770034843e-05,-0.199635115649774,0.297742887629428,1.81031850325524,0,-0.0580485874998227,0,-0.519216631305933,0,0,-0.626931670811016,-1.03299141635914,1.70701547798251,-0.773820750320582,-0.226272138043716,0.713744231945131,1.41924076989862,1.84223036160607,-0.779845937670101,-0.718286951618492,-0.785221610215687,-0.956753401151203,-0.865305757552461,-1.20048476444486,1.70731431349107,-0.189820716720835,0.391266045861016,-0.371277733430179,-0.166402515872582,0.856392203120998,0.457993841811336,0.658697740989938,1.46353323597054,0.0699221365892854,1.15005398218983,0.678582106168294,-0.636050447543686,-0.691410709471841,1.06309579258781,-0.62541035944936,-0.513246088979342,-0.24069059247955,0.502378437133711,0.48287649739278,0.562023149804395,-0.0041026890859041,-0.036338183323176,-0.296324815106797,-0.508460685888365,0.443145276740837,0.573172900579149,1.30525441526631
2018-05-01,NA,0.000989014076655052,0.643673880003091,0.807431046736578,1.26863192526981,0,-0.0580485874998227,0,-0.500198991457148,0,0,1.72619032533032,0.400747894995878,1.66283565118263,-0.245428433764515,1.4245385535629,2.36054091179421,1.4675258076619,-0.134673095944971,-0.768215851820152,-0.690747143800383,-0.773911929725838,-0.197755016142663,-0.490961174142276,-0.594577505650357,1.66330364852217,-0.189820716720835,0.391266045861016,-0.371277733430179,-0.166402515872582,0.856392203120998,0.457993841811336,0.658697740989938,1.46353323597054,0.0699221365892854,1.15005398218983,0.678582106168294,-0.636050447543686,-0.691410709471841,1.06309579258781,-0.62541035944936,-0.513246088979342,-0.24069059247955,0.502378437133711,0.48287649739278,0.562023149804395,-0.0041026890859041,-0.036338183323176,-0.296324815106797,-0.508460685888365,0.443145276740837,0.573172900579149,1.30525441526631
2018-06-01,NA,0.00887292878048781,1.21977149984377,0.845147460737386,-0.648580635851734,0,-0.0580485874998227,0,0.83890980637969,0,0,1.91288478661506,0.313273457801316,1.82480123058411,1.29419643158798,1.37365529205466,0.422363703959167,1.67166928772199,-0.501991630764842,-0.180286606637956,0.610852954410559,-0.14760971322506,0.511471923390156,0.478375490032058,0.757029243872572,1.82544119529917,-0.189820716720835,0.391266045861016,-0.371277733430179,-0.166402515872582,0.856392203120998,0.457993841811336,0.658697740989938,1.46353323597054,0.0699221365892854,1.15005398218983,0.678582106168294,-0.636050447543686,-0.691410709471841,1.06309579258781,-0.62541035944936,-0.513246088979342,-0.24069059247955,0.502378437133711,0.48287649739278,0.562023149804395,-0.0041026890859041,-0.036338183323176,-0.296324815106797,-0.508460685888365,0.443145276740837,0.573172900579149,1.30525441526631
2018-07-01,NA,0.0270803088501742,2.90580269532495,0.788509778913022,-0.779846210397871,0,-0.0580485874998227,0,4.34532905969928,0,0,2.10065064999205,-0.382933314290905,1.64933481493521,0.472081795250113,1.19920343753371,0.0723953369403063,1.43435328602302,-0.501991630764842,0.983356130017157,1.72988957110528,1.02876803771844,-0.182583749639477,2.31988064408877,1.37403511375324,1.64975362625064,-0.189820716720835,0.391266045861016,-0.371277733430179,-0.166402515872582,0.856392203120998,0.457993841811336,0.658697740989938,1.46353323597054,0.0699221365892854,1.15005398218983,0.678582106168294,-0.636050447543686,-0.691410709471841,1.06309579258781,-0.62541035944936,-0.513246088979342,-0.24069059247955,0.502378437133711,0.48287649739278,0.562023149804395,-0.0041026890859041,-0.036338183323176,-0.296324815106797,-0.508460685888365,0.443145276740837,0.573172900579149,1.30525441526631
2018-08-01,NA,0.0271888858536585,2.18130163598115,0.637477597023502,-1.46562966126834,0,-0.0580485874998227,0,2.68016807427167,0,0,0.508632439541436,-0.691959147481987,1.60205733581136,1.15573376466746,1.2768574035293,-0.96190931608736,1.32458406247873,-0.501991630081617,2.73282298584416,2.97382391588681,2.63012543223344,0.42571894451984,2.67545771905818,1.69900279842494,1.60231999014718,-0.189820716720835,0.391266045861016,-0.371277733430179,-0.166402515872582,0.856392203120998,0.457993841811336,0.658697740989938,1.46353323597054,0.0699221365892854,1.15005398218983,0.678582106168294,-0.636050447543686,-0.691410709471841,1.06309579258781,-0.62541035944936,-0.513246088979342,-0.24069059247955,0.502378437133711,0.48287649739278,0.562023149804395,-0.0041026890859041,-0.036338183323176,-0.296324815106797,-0.508460685888365,0.443145276740837,0.573172900579149,1.30525441526631
2018-09-01,NA,0.016830037630662,0.244031197168373,0.845160677077568,0.105781992175388,0,-0.0580485874998227,0,0.110496172967774,0,0,-0.376325900513794,0.509539318893929,1.73931084972606,2.82658443445454,0.685047055522138,0.1699744230708,1.46741536211607,-0.501991025439926,2.72858019652381,1.68788121981147,2.60608533543065,3.59827754857732,1.79804734523954,1.41910126174136,1.73966094104697,-0.189820716720835,0.391266045861016,-0.371277733430179,-0.166402515872582,0.856392203120998,0.457993841811336,0.658697740989938,1.46353323597054,0.0699221365892854,1.15005398218983,0.678582106168294,-0.636050447543686,-0.691410709471841,1.06309579258781,-0.62541035944936,-0.513246088979342,-0.24069059247955,0.502378437133711,0.48287649739278,0.562023149804395,-0.0041026890859041,-0.036338183323176,-0.296324815106797,-0.508460685888365,0.443145276740837,0.573172900579149,1.30525441526631
2018-10-01,NA,0.0065129343554007,-0.642737362595957,0.467581921597503,0.372282898272932,0,-0.0580485874998227,0,-0.538707505196247,0,0,-0.610489194219422,1.2096356024292,1.42477085692662,1.5331888201639,0.109252415044057,1.16847427418072,0.863100650058002,-0.501990654105308,0.79671347584762,-0.309734322486495,0.739679004456056,2.65816560705687,0.59828140688882,0.624432506097627,1.42434666895278,-0.189820716720835,0.391266045861016,-0.371277733430179,-0.166402515872582,0.856392203120998,0.457993841811336,0.658697740989938,1.46353323597054,0.0699221365892854,1.15005398218983,0.678582106168294,-0.636050447543686,-0.691410709471841,1.06309579258781,-0.62541035944936,-0.513246088979342,-0.24069059247955,0.502378437133711,0.48287649739278,0.562023149804395,-0.0041026890859041,-0.036338183323176,-0.296324815106797,-0.508460685888365,0.443145276740837,0.573172900579149,1.30525441526631
2018-11-01,NA,0.00187593365853659,-0.712991147400078,-0.174373104389756,-0.400823118154962,0,-0.0580485874998227,0,-0.531985193766595,0,0,-0.554041018950143,1.24797315223653,1.25252441905226,0.369290598913793,0.0583039709997263,0.557520250172201,0.273806810783654,-0.501989903262368,-0.351982300465369,-0.681715483407166,-0.375192885459951,0.977222033282869,-0.235860677203938,0.182204548199981,1.25114299505249,-0.189820716720835,0.391266045861016,-0.371277733430179,-0.166402515872582,0.856392203120998,0.457993841811336,0.658697740989938,1.46353323597054,0.0699221365892854,1.15005398218983,0.678582106168294,-0.636050447543686,-0.691410709471841,1.06309579258781,-0.62541035944936,-0.513246088979342,-0.24069059247955,0.502378437133711,0.48287649739278,0.562023149804395,-0.0041026890859041,-0.036338183323176,-0.296324815106797,-0.508460685888365,0.443145276740837,0.573172900579149,1.30525441526631
2018-12-01,NA,0.000457789547038328,-0.804629332104244,-0.948564033260126,-1.31128859855067,0,-0.0580485874998227,0,-0.536070467755653,0,0,-0.640639915621074,1.31967282829528,0.843952184122818,-0.232117669978389,-0.307092104256623,-0.209487159790788,-0.59140340026737,-0.501991024387193,-0.682243291526268,-0.716916170533258,-0.693490962973944,0.10675894335229,-0.669247979014354,-0.168855480175829,0.841407345033424,-0.189820716720835,0.391266045861016,-0.371277733430179,-0.166402515872582,0.856392203120998,0.457993841811336,0.658697740989938,1.46353323597054,0.0699221365892854,1.15005398218983,0.678582106168294,-0.636050447543686,-0.691410709471841,1.06309579258781,-0.62541035944936,-0.513246088979342,-0.24069059247955,0.502378437133711,0.48287649739278,0.562023149804395,-0.0041026890859041,-0.036338183323176,-0.296324815106797,-0.508460685888365,0.443145276740837,0.573172900579149,1.30525441526631
2019-01-01,NA,0.00010909881533101,-0.834024882746659,-1.30730308461604,-0.943424815715791,0,-0.0580485874998227,0,-0.537342586795908,0,0,-0.678390726775933,2.03993163254301,0.821154904192281,-0.532703310039535,-0.615116218267366,-0.176575943071138,-0.647962243951733,-0.477902897241324,-0.760582904643522,-0.719493518650715,-0.767435897747329,-0.183736587777099,-0.860668033382465,-0.530613965545513,0.818527195237654,-0.189820716720835,0.391266045861016,-0.371277733430179,-0.166402515872582,0.856392203120998,0.457993841811336,0.658697740989938,1.46353323597054,0.0699221365892854,1.15005398218983,0.678582106168294,-0.636050447543686,-0.691410709471841,1.06309579258781,-0.62541035944936,-0.513246088979342,-0.24069059247955,0.502378437133711,0.48287649739278,0.562023149804395,-0.0041026890859041,-0.036338183323176,-0.296324815106797,-0.508460685888365,0.443145276740837,0.573172900579149,1.30525441526631
2019-02-01,NA,2.05714285714286e-05,-0.783445660836403,-0.476448041240942,0.120348391140024,0,-0.0580485874998227,0,-0.539815808327395,0,0,-0.686846046427582,0.636073690441139,1.44408723686266,-0.727181678731292,-0.961173886474586,-0.828048425599208,0.319530570378243,2.42474143336647,-0.777290941891628,-0.719351599564389,-0.782849140173337,-0.687839558657247,-0.95265442716634,-0.896932493945386,1.44250474898355,-0.189820716720835,0.391266045861016,-0.371277733430179,-0.166402515872582,0.856392203120998,0.457993841811336,0.658697740989938,1.46353323597054,0.0699221365892854,1.15005398218983,0.678582106168294,-0.636050447543686,-0.691410709471841,1.06309579258781,-0.62541035944936,-0.513246088979342,-0.24069059247955,0.502378437133711,0.48287649739278,0.562023149804395,-0.0041026890859041,-0.036338183323176,-0.296324815106797,-0.508460685888365,0.443145276740837,0.573172900579149,1.30525441526631
2019-03-01,NA,7.50606271777004e-06,-0.788402724124395,0.184453930030798,1.83533396956938,0,-0.0580485874998227,0,-0.538516374366973,0,0,-0.687456392133503,-0.976645707249002,1.29896595917076,-0.824040452103558,-1.21137380122491,-0.772999129576064,0.588206700414894,4.00830960067415,-0.779700329917097,-0.718391876220581,-0.785075170099457,-0.999655665795645,-0.973639636982949,-1.08629598152292,1.29816903098271,-0.189820716720835,0.391266045861016,-0.371277733430179,-0.166402515872582,0.856392203120998,0.457993841811336,0.658697740989938,1.46353323597054,0.0699221365892854,1.15005398218983,0.678582106168294,-0.636050447543686,-0.691410709471841,1.06309579258781,-0.62541035944936,-0.513246088979342,-0.24069059247955,0.502378437133711,0.48287649739278,0.562023149804395,-0.0041026890859041,-0.036338183323176,-0.296324815106797,-0.508460685888365,0.443145276740837,0.573172900579149,1.30525441526631
2019-04-01,NA,2.77764459930314e-05,-0.59072871868485,1.22284591849852,2.07000632919943,0,-0.0580485874998227,0,-0.533169432473956,0,0,-0.683451747399365,-1.02779813573993,1.70701547798251,-0.820876318371773,-1.09729430929142,-0.025802072930593,1.40327574786501,3.48338524824914,-0.779884121238043,-0.718362935983652,-0.785258589357614,-1.01733529711483,-0.935282525975498,-1.22930369623548,1.70728182151996,-0.189820716720835,0.391266045861016,-0.371277733430179,-0.166402515872582,0.856392203120998,0.457993841811336,0.658697740989938,1.46353323597054,0.0699221365892854,1.15005398218983,0.678582106168294,-0.636050447543686,-0.691410709471841,1.06309579258781,-0.62541035944936,-0.513246088979342,-0.24069059247955,0.502378437133711,0.48287649739278,0.562023149804395,-0.0041026890859041,-0.036338183323176,-0.296324815106797,-0.508460685888365,0.443145276740837,0.573172900579149,1.30525441526631
2019-05-01,NA,0.000270940766550523,0.410979015811825,1.44937361160309,1.61522377005879,0,-0.0580485874998227,0,-0.510431869889925,0,0,0.0995222862691284,-1.05071591933049,1.66283565118263,-0.770664783441895,-0.0242375917394334,1.60474265736213,1.46415909873467,1.81223794246311,-0.779666738874372,-0.716203371352231,-0.785022178085115,-0.998785181691956,-0.795123619458673,-1.20401640821749,1.66329697606382,-0.189820716720835,0.391266045861016,-0.371277733430179,-0.166402515872582,0.856392203120998,0.457993841811336,0.658697740989938,1.46353323597054,0.0699221365892854,1.15005398218983,0.678582106168294,-0.636050447543686,-0.691410709471841,1.06309579258781,-0.62541035944936,-0.513246088979342,-0.24069059247955,0.502378437133711,0.48287649739278,0.562023149804395,-0.0041026890859041,-0.036338183323176,-0.296324815106797,-0.508460685888365,0.443145276740837,0.573172900579149,1.30525441526631
2019-06-01,NA,0.00366169421602788,0.800216168384983,1.29826666298912,0.576070874950071,0,-0.0580485874998227,0,-0.115844907807669,0,0,1.76910701688477,0.477404519833368,1.82480123058411,0.419757445848664,1.30596113252585,1.45667444149449,1.66817834496516,-0.41055730406154,-0.501412462647265,-0.0193701226713861,-0.487620694819579,-0.0374020690096147,-0.0868417535355649,0.147234753441688,1.82543510305458,-0.189820716720835,0.391266045861016,-0.371277733430179,-0.166402515872582,0.856392203120998,0.457993841811336,0.658697740989938,1.46353323597054,0.0699221365892854,1.15005398218983,0.678582106168294,-0.636050447543686,-0.691410709471841,1.06309579258781,-0.62541035944936,-0.513246088979342,-0.24069059247955,0.502378437133711,0.48287649739278,0.562023149804395,-0.0041026890859041,-0.036338183323176,-0.296324815106797,-0.508460685888365,0.443145276740837,0.573172900579149,1.30525441526631
2019-07-01,NA,0.0117075712891986,1.19130433885616,1.12837740692835,-0.270550846328604,0,-0.0580485874998227,0,0.985431372143183,0,0,1.3380793759611,0.403013027225345,1.64933481493521,1.30952506691689,1.20568269096691,0.56373620615517,1.42385970568907,-0.501989729856264,0.383333019606428,0.736205636833767,0.460606672723545,0.483049230705121,0.770345818699937,0.735092395783528,1.64973070780673,-0.189820716720835,0.391266045861016,-0.371277733430179,-0.166402515872582,0.856392203120998,0.457993841811336,0.658697740989938,1.46353323597054,0.0699221365892854,1.15005398218983,0.678582106168294,-0.636050447543686,-0.691410709471841,1.06309579258781,-0.62541035944936,-0.513246088979342,-0.24069059247955,0.502378437133711,0.48287649739278,0.562023149804395,-0.0041026890859041,-0.036338183323176,-0.296324815106797,-0.508460685888365,0.443145276740837,0.573172900579149,1.30525441526631
2019-08-01,NA,0.0189695464808362,1.90602901934589,0.826295673102213,-1.19174186097591,0,-0.0580485874998227,0,1.69149163220964,0,0,1.63493108179479,-0.649780348992178,1.60205733581136,1.6285100855948,1.31925885587082,-0.625396780351309,1.32284033204524,-0.501991630082647,1.51351765318067,2.34689203553136,1.55376043894521,0.0545731921444057,1.83723561065756,1.5619440874369,1.60231737918522,-0.189820716720835,0.391266045861016,-0.371277733430179,-0.166402515872582,0.856392203120998,0.457993841811336,0.658697740989938,1.46353323597054,0.0699221365892854,1.15005398218983,0.678582106168294,-0.636050447543686,-0.691410709471841,1.06309579258781,-0.62541035944936,-0.513246088979342,-0.24069059247955,0.502378437133711,0.48287649739278,0.562023149804395,-0.0041026890859041,-0.036338183323176,-0.296324815106797,-0.508460685888365,0.443145276740837,0.573172900579149,1.30525441526631
2019-09-01,NA,0.0138103726829268,-0.139193764560854,0.769600972210208,0.358709174051012,0,-0.0580485874998227,0,-0.15266806601453,0,0,-0.549040820414515,0.708700219084623,1.73931084972606,2.63627770998049,0.44455842742953,0.425487811636044,1.46345784612025,-0.501991150757975,2.14782435821153,1.38909874315358,2.11099675829568,2.93486944160343,1.3944596914212,1.30609173558953,1.73964962687846,-0.189820716720835,0.391266045861016,-0.371277733430179,-0.166402515872582,0.856392203120998,0.457993841811336,0.658697740989938,1.46353323597054,0.0699221365892854,1.15005398218983,0.678582106168294,-0.636050447543686,-0.691410709471841,1.06309579258781,-0.62541035944936,-0.513246088979342,-0.24069059247955,0.502378437133711,0.48287649739278,0.562023149804395,-0.0041026890859041,-0.036338183323176,-0.296324815106797,-0.508460685888365,0.443145276740837,0.573172900579149,1.30525441526631
2019-10-01,NA,0.0047647843902439,-0.793546388747672,0.599692835663468,0.595610852255563,0,-0.0580485874998227,0,-0.540842402150943,0,0,-0.685576848829629,1.24678910584385,1.42477085692662,1.16835063947732,-0.287468789384342,0.887747489498398,0.86117655773063,-0.501991116135365,0.349201024416645,-0.562308531638875,0.326903671501892,1.95418018266449,0.271804595443037,0.364367763974138,1.42434376788393,-0.189820716720835,0.391266045861016,-0.371277733430179,-0.166402515872582,0.856392203120998,0.457993841811336,0.658697740989938,1.46353323597054,0.0699221365892854,1.15005398218983,0.678582106168294,-0.636050447543686,-0.691410709471841,1.06309579258781,-0.62541035944936,-0.513246088979342,-0.24069059247955,0.502378437133711,0.48287649739278,0.562023149804395,-0.0041026890859041,-0.036338183323176,-0.296324815106797,-0.508460685888365,0.443145276740837,0.573172900579149,1.30525441526631
2019-11-01,NA,0.00105867595818815,-0.91450922058533,-0.325391692329374,-0.351099580299134,0,-0.0580485874998227,0,-0.541602556283142,0,0,-0.690087673218032,2.52823722229601,1.25252441905226,0.318856562898317,-0.836222670422448,0.161822330830509,0.255936359352231,-0.501990596160426,-0.532361341281256,-0.716262157608641,-0.545407429997374,1.08588367794127,-0.479173994777624,-0.184626981649716,1.25110673169188,-0.189820716720835,0.391266045861016,-0.371277733430179,-0.166402515872582,0.856392203120998,0.457993841811336,0.658697740989938,1.46353323597054,0.0699221365892854,1.15005398218983,0.678582106168294,-0.636050447543686,-0.691410709471841,1.06309579258781,-0.62541035944936,-0.513246088979342,-0.24069059247955,0.502378437133711,0.48287649739278,0.562023149804395,-0.0041026890859041,-0.036338183323176,-0.296324815106797,-0.508460685888365,0.443145276740837,0.573172900579149,1.30525441526631
2019-12-01,NA,0.0002186993728223,-0.935023006739563,-1.47718667653101,-0.903791299323561,0,-0.0580485874998227,0,-0.541609653419676,0,0,-0.690109415766128,3.87018898847238,0.843952184122818,-0.306939840596532,-1.31787961704709,-0.336588736281983,-0.620864505884549,-0.501988239104307,-0.730365427978901,-0.719376639950764,-0.738081788938131,0.19184114971056,-0.798456761588296,-0.750535718755799,0.841345262160062,-0.189820716720835,0.391266045861016,-0.371277733430179,-0.166402515872582,0.856392203120998,0.457993841811336,0.658697740989938,1.46353323597054,0.0699221365892854,1.15005398218983,0.678582106168294,-0.636050447543686,-0.691410709471841,1.06309579258781,-0.62541035944936,-0.513246088979342,-0.24069059247955,0.502378437133711,0.48287649739278,0.562023149804395,-0.0041026890859041,-0.036338183323176,-0.296324815106797,-0.508460685888365,0.443145276740837,0.573172900579149,1.30525441526631
