"datetime","obs","pcr","precipitation","temperature","referencePotET","desalinationAbstraction","surfaceWaterInf","snowCoverSWE","directRunoff","snowFreeWater","industryWaterWithdrawal","interflowTotal","totalGroundwaterAbstraction","domesticWaterWithdrawal","surfaceWaterAbstraction","storUppTotal","totalEvaporation","livestockWaterWithdrawal","fossilGroundwaterAbstraction","storGroundwater","gwRecharge","baseflow","irrigationWaterWithdrawal","surfaceWaterStorage","storLowTotal","nonIrrWaterConsumption","airEntry1","airEntry2","aqThick","area_pcr","aridityIdx","bankArea","bankDepth","bankWidth","demAverage","forestFraction","groundwaterDepth","KSat1","KSat2","kSatAquifer","percolationImp","poreSize1","poreSize2","recessionCoeff","resWC1","resWC2","satWC1","satWC2","slopeLength","specificYield","storage2","storDepth1","tanSlope"
"1979-01-01",0.000139943401413169,4.07580442185093e-05,1.81070832127579,-2.02995872911466,-1.3747564863904,0,-1.2754139327721,1.85983725123315,-0.865392107964863,-0.385857268580139,-2.11684780637945,-0.851854126109068,-0.953896228795969,-1.88082956532415,-1.06993015745868,-0.493403475101421,-1.34432567977455,-0.954308526139165,-0.733614855326761,-0.87546601086524,-0.46802771360613,-0.64868867238277,-0.892396780610198,-0.883950177520427,-0.906275488721025,-2.0612989686465,0.222237379233405,0.659454712374837,-0.368565008343525,1.162847603818,-0.868721880703784,-0.137555444777513,-0.332088702313594,0.125821445637319,1.64115951593539,-0.273590423399125,0.543851501744049,-0.58765539601487,-0.583693461726979,0.555650989859477,-0.290830296179214,-0.452612582656541,-0.524703256372089,-0.0117713726094742,-0.0629724299567404,0.023900093887018,-0.286456915044672,-0.192029368943532,-0.0220772657609293,0.161500371364089,0.172798034415682,0.29300953432324,0.654797852979971
"1979-02-01",0.000113533339319386,3.30227971902391e-05,0.209598321771568,-1.47924096001887,-1.11229753483935,0,-0.626602266203127,3.17285496688776,-0.756586441214101,0.266204891773459,-1.48859292686154,-0.468995463693516,-0.862915128879578,-1.63182289964859,-0.77496850986018,-0.179728551290367,-1.03202727172221,0.0669257214646894,-0.799950422893069,-0.95060057977285,-0.470562372365582,-0.672630289774474,-0.596715280656061,-1.00191834775009,-0.857615612365141,-1.58816645503061,0.222237379233405,0.659454712374837,-0.368565008343525,1.162847603818,-0.868721880703784,-0.137555444777513,-0.332088702313594,0.125821445637319,1.64115951593539,-0.273590423399125,0.543851501744049,-0.58765539601487,-0.583693461726979,0.555650989859477,-0.290830296179214,-0.452612582656541,-0.524703256372089,-0.0117713726094742,-0.0629724299567404,0.023900093887018,-0.286456915044672,-0.192029368943532,-0.0220772657609293,0.161500371364089,0.172798034415682,0.29300953432324,0.654797852979971
"1979-03-01",2.80839833956113e-05,9.39448795076702e-05,2.02098733195483,-0.821012550530473,-0.653754117240623,0,-0.460291497480082,3.2458866235753,0.079101397378259,1.87398205996656,-2.01066648569167,2.55838712218637,-0.880643891138761,-1.74584643880794,-0.689040450110976,0.849252953803406,-0.235286252812539,-0.115379345348169,-1.05702110031794,-0.984455698035057,-0.29356333748394,-0.571182707509258,-0.57791181989779,-0.49028427024019,-0.428575607308534,-1.91849211909774,0.222237379233405,0.659454712374837,-0.368565008343525,1.162847603818,-0.868721880703784,-0.137555444777513,-0.332088702313594,0.125821445637319,1.64115951593539,-0.273590423399125,0.543851501744049,-0.58765539601487,-0.583693461726979,0.555650989859477,-0.290830296179214,-0.452612582656541,-0.524703256372089,-0.0117713726094742,-0.0629724299567404,0.023900093887018,-0.286456915044672,-0.192029368943532,-0.0220772657609293,0.161500371364089,0.172798034415682,0.29300953432324,0.654797852979971
"1979-04-01",4.84816543607241e-05,0.000380940924568832,-0.879780128215734,-0.199750426676524,0.105271037192342,0,0.250618963954916,2.31346329751557,1.86014552324343,4.19659369407744,-1.79534222251382,2.94941175378693,-0.861464273588357,-1.60091273463002,-0.900822432481148,1.43726703782457,1.55083170978659,0.750980058988119,-0.898058201904264,-0.737316396629265,0.619213067051479,-0.312215778472363,-0.874135662818768,0.721491148306172,1.24320374007732,-1.71390205403178,0.222237379233405,0.659454712374837,-0.368565008343525,1.162847603818,-0.868721880703784,-0.137555444777513,-0.332088702313594,0.125821445637319,1.64115951593539,-0.273590423399125,0.543851501744049,-0.58765539601487,-0.583693461726979,0.555650989859477,-0.290830296179214,-0.452612582656541,-0.524703256372089,-0.0117713726094742,-0.0629724299567404,0.023900093887018,-0.286456915044672,-0.192029368943532,-0.0220772657609293,0.161500371364089,0.172798034415682,0.29300953432324,0.654797852979971
"1979-05-01",7.10933174933175e-05,0.000710170212942306,1.3121764971668,0.4027490949627,0.659410919014729,0,-1.05977624312076,0.403958132243835,3.60668712600843,2.65915218301473,-2.04590184770913,3.10211125775722,-0.749523185887465,-1.60604377203544,-0.465548761495845,0.52002051511694,2.60192947109584,1.06627351514189,-1.60854289293419,0.805659665430291,3.70828466053506,1.98800921227133,-0.294764061024926,2.08468235997562,2.16761325107213,-1.83776474138369,0.222237379233405,0.659454712374837,-0.368565008343525,1.162847603818,-0.868721880703784,-0.137555444777513,-0.332088702313594,0.125821445637319,1.64115951593539,-0.273590423399125,0.543851501744049,-0.58765539601487,-0.583693461726979,0.555650989859477,-0.290830296179214,-0.452612582656541,-0.524703256372089,-0.0117713726094742,-0.0629724299567404,0.023900093887018,-0.286456915044672,-0.192029368943532,-0.0220772657609293,0.161500371364089,0.172798034415682,0.29300953432324,0.654797852979971
"1979-06-01",8.72184609859028e-05,0.000613671484517996,-1.13038883455723,0.938629926999969,1.45520643703261,0,-0.175871886620421,-0.648657756534902,0.106833395027052,-0.16336354067028,-1.89857961630598,0.0905097104540386,0.093128898362699,-1.48037958904097,1.43913514847443,-1.06909048005399,1.3902885980805,1.87611696554667,-1.21414994938006,2.16933267361191,2.62884200090215,4.0947085971287,1.51252848010987,1.79245827012627,1.11842145655555,-1.67921420742587,0.222237379233405,0.659454712374837,-0.368565008343525,1.162847603818,-0.868721880703784,-0.137555444777513,-0.332088702313594,0.125821445637319,1.64115951593539,-0.273590423399125,0.543851501744049,-0.58765539601487,-0.583693461726979,0.555650989859477,-0.290830296179214,-0.452612582656541,-0.524703256372089,-0.0117713726094742,-0.0629724299567404,0.023900093887018,-0.286456915044672,-0.192029368943532,-0.0220772657609293,0.161500371364089,0.172798034415682,0.29300953432324,0.654797852979971
"1979-07-01",0.000118114691844924,0.000267213637148521,-1.22920161157743,1.40107270511028,1.56917713361757,0,0.484885749144237,-0.799919043249132,-0.747904784279098,-0.591339683880267,-2.08197974006689,-0.855453670018166,0.808933242462605,-1.49532232379586,1.98207880305812,-1.70304479249495,-0.0948804259366193,2.03857501038001,-0.84204025147473,1.29737629487784,-0.46905296651444,1.99097436944923,1.78611203649779,1.05054595616838,-0.130636985752464,-1.77716044409833,0.222237379233405,0.659454712374837,-0.368565008343525,1.162847603818,-0.868721880703784,-0.137555444777513,-0.332088702313594,0.125821445637319,1.64115951593539,-0.273590423399125,0.543851501744049,-0.58765539601487,-0.583693461726979,0.555650989859477,-0.290830296179214,-0.452612582656541,-0.524703256372089,-0.0117713726094742,-0.0629724299567404,0.023900093887018,-0.286456915044672,-0.192029368943532,-0.0220772657609293,0.161500371364089,0.172798034415682,0.29300953432324,0.654797852979971
"1979-08-01",0.000146176893376893,0.000148708363666503,-0.111576304391074,1.1940976074328,0.989251381692838,0,0.445869637530106,-0.799919043249132,-0.294918608393208,-0.591339683880267,-2.08929001156739,-0.773202134307214,0.714339396422139,-1.5176863225606,0.749823701157597,-1.24728498622293,0.0944283666324411,1.88863673603121,-0.800815301248175,0.364067093802873,-0.581536409198922,0.24658009205461,0.782039290035268,0.6804126178443,-0.644292811924913,-1.79579691552333,0.222237379233405,0.659454712374837,-0.368565008343525,1.162847603818,-0.868721880703784,-0.137555444777513,-0.332088702313594,0.125821445637319,1.64115951593539,-0.273590423399125,0.543851501744049,-0.58765539601487,-0.583693461726979,0.555650989859477,-0.290830296179214,-0.452612582656541,-0.524703256372089,-0.0117713726094742,-0.0629724299567404,0.023900093887018,-0.286456915044672,-0.192029368943532,-0.0220772657609293,0.161500371364089,0.172798034415682,0.29300953432324,0.654797852979971
"1979-09-01",9.74589207147347e-05,0.00013096211243188,-1.82318249224523,0.956627228691549,0.624885591368126,0,0.258288820548159,-0.799919043249132,-0.862994696436275,-0.591339683880267,-1.93367417742349,-0.867396314529067,0.816899743551557,-1.52750254554142,0.77763568504859,-1.56748366651406,-1.01375489083683,1.58625514408746,-0.557382475583211,-0.0643503690829288,-0.520345261844542,-0.252576484234041,0.858830774141255,0.137956270570532,-0.877048174203767,-1.72798189539458,0.222237379233405,0.659454712374837,-0.368565008343525,1.162847603818,-0.868721880703784,-0.137555444777513,-0.332088702313594,0.125821445637319,1.64115951593539,-0.273590423399125,0.543851501744049,-0.58765539601487,-0.583693461726979,0.555650989859477,-0.290830296179214,-0.452612582656541,-0.524703256372089,-0.0117713726094742,-0.0629724299567404,0.023900093887018,-0.286456915044672,-0.192029368943532,-0.0220772657609293,0.161500371364089,0.172798034415682,0.29300953432324,0.654797852979971
"1979-10-01",8.48982449354542e-05,0.0001000020278904,-0.0634391868851885,0.25288893542473,-0.219544642969581,0,0.341532128082681,-0.765081635431731,-0.386984490186329,-0.577351248398941,-2.11222387449083,-0.8095171206609,0.0468632727838627,-1.67242596419353,-0.326908351132817,-1.18063945851101,-1.09814848287526,0.684731467470709,-0.571551414769208,-0.31004681798935,-0.496626525290459,-0.416213131114096,-0.122135518405269,-0.445304482857011,-0.944427904184214,-1.91450396332897,0.222237379233405,0.659454712374837,-0.368565008343525,1.162847603818,-0.868721880703784,-0.137555444777513,-0.332088702313594,0.125821445637319,1.64115951593539,-0.273590423399125,0.543851501744049,-0.58765539601487,-0.583693461726979,0.555650989859477,-0.290830296179214,-0.452612582656541,-0.524703256372089,-0.0117713726094742,-0.0629724299567404,0.023900093887018,-0.286456915044672,-0.192029368943532,-0.0220772657609293,0.161500371364089,0.172798034415682,0.29300953432324,0.654797852979971
"1979-11-01",0.00011386722843467,8.68168392261416e-05,0.139472591517323,-1.08617782209628,-1.11513214933876,0,-1.44460104098865,-0.395472580473774,-0.777475035633131,-0.556672244167559,-1.89728940482776,-0.686757082593873,-1.02036038641674,-1.70217718187768,-1.09523703720543,0.0281920334220785,-1.04824448468091,0.13382507965148,-1.18305418739155,-0.503131618434004,-0.490329515945568,-0.506335711606822,-0.930089629393858,-0.569768061996778,-0.815956524777222,-1.83220096977899,0.222237379233405,0.659454712374837,-0.368565008343525,1.162847603818,-0.868721880703784,-0.137555444777513,-0.332088702313594,0.125821445637319,1.64115951593539,-0.273590423399125,0.543851501744049,-0.58765539601487,-0.583693461726979,0.555650989859477,-0.290830296179214,-0.452612582656541,-0.524703256372089,-0.0117713726094742,-0.0629724299567404,0.023900093887018,-0.286456915044672,-0.192029368943532,-0.0220772657609293,0.161500371364089,0.172798034415682,0.29300953432324,0.654797852979971
"1979-12-01",8.75774141634607e-05,6.92021743184534e-05,-0.626665296060426,-1.24356856855729,-1.28257630506835,0,-1.51525664573272,0.195945763518157,-0.820997979823685,-0.466993440838718,-2.07853858629476,-0.724859374146197,-1.05139036397651,-1.84246018270549,-1.05084625317466,0.0796123854655995,-1.21328531457186,-0.75381684535929,-1.07350009427136,-0.648943139094364,-0.458221276308725,-0.561540178906684,-0.912834361639312,-0.890099030902824,-0.71668697964564,-2.01743458260626,0.222237379233405,0.659454712374837,-0.368565008343525,1.162847603818,-0.868721880703784,-0.137555444777513,-0.332088702313594,0.125821445637319,1.64115951593539,-0.273590423399125,0.543851501744049,-0.58765539601487,-0.583693461726979,0.555650989859477,-0.290830296179214,-0.452612582656541,-0.524703256372089,-0.0117713726094742,-0.0629724299567404,0.023900093887018,-0.286456915044672,-0.192029368943532,-0.0220772657609293,0.161500371364089,0.172798034415682,0.29300953432324,0.654797852979971
"1980-01-01",8.30121742493836e-05,7.67682389263785e-05,2.96123601010806,-1.286006094626,-1.28086430917625,0,-1.15119275610308,1.17848214217879,-0.316212735915384,0.185762984552069,-1.90937780668901,0.336479292703332,-1.16792372193815,-1.79790071351641,-1.12346340147186,1.19255067142091,-1.09479992155249,-0.855895451628554,-1.39194774774836,-0.748270340518415,-0.411803621158393,-0.583664016352728,-0.991676074199118,-0.812184210795821,-0.450292897499696,-1.9104001636468,0.222237379233405,0.659454712374837,-0.368565008343525,1.162847603818,-0.868721880703784,-0.137555444777513,-0.332088702313594,0.125821445637319,1.64115951593539,-0.273590423399125,0.543851501744049,-0.58765539601487,-0.583693461726979,0.555650989859477,-0.290830296179214,-0.452612582656541,-0.524703256372089,-0.0117713726094742,-0.0629724299567404,0.023900093887018,-0.286456915044672,-0.192029368943532,-0.0220772657609293,0.161500371364089,0.172798034415682,0.29300953432324,0.654797852979971
"1980-02-01",9.03744441604907e-05,0.000202747078691265,2.28150958128999,-1.01966954173197,-1.0085216845258,0,-1.41707363774596,2.62784834147335,0.0564178439258329,0.377055951844659,-1.46757769738632,3.04742954759812,-1.14669803377248,-1.60941680736948,-0.863790908480227,1.88216064994156,-0.640107606743071,-0.0351678606065893,-1.46104056336952,-0.763184683881089,-0.0821700927628354,-0.392426280222423,-0.743462058780797,-0.19219414306289,0.330734861259544,-1.5684784036155,0.222237379233405,0.659454712374837,-0.368565008343525,1.162847603818,-0.868721880703784,-0.137555444777513,-0.332088702313594,0.125821445637319,1.64115951593539,-0.273590423399125,0.543851501744049,-0.58765539601487,-0.583693461726979,0.555650989859477,-0.290830296179214,-0.452612582656541,-0.524703256372089,-0.0117713726094742,-0.0629724299567404,0.023900093887018,-0.286456915044672,-0.192029368943532,-0.0220772657609293,0.161500371364089,0.172798034415682,0.29300953432324,0.654797852979971
"1980-03-01",8.32302912675006e-05,0.000268065516884122,1.78124479486879,-0.89530188452989,-0.648049463611615,0,-1.11020553664829,3.66596150493833,-0.419309586267442,0.566229307548395,-1.85642301794965,1.69905022035926,-1.09373515946564,-1.67790367524638,-0.772789602043688,1.53667823162931,0.0120480792854742,-0.0397450102769928,-1.60747917457513,-0.588328996613548,0.17771006700431,0.0534340183995103,-0.684468764454839,0.136835258156126,1.21520206212093,-1.80307013805475,0.222237379233405,0.659454712374837,-0.368565008343525,1.162847603818,-0.868721880703784,-0.137555444777513,-0.332088702313594,0.125821445637319,1.64115951593539,-0.273590423399125,0.543851501744049,-0.58765539601487,-0.583693461726979,0.555650989859477,-0.290830296179214,-0.452612582656541,-0.524703256372089,-0.0117713726094742,-0.0629724299567404,0.023900093887018,-0.286456915044672,-0.192029368943532,-0.0220772657609293,0.161500371364089,0.172798034415682,0.29300953432324,0.654797852979971
"1980-04-01",0.000122553119539166,0.000193313741443974,-0.524488016118971,-0.239107513650538,0.0659733677749208,0,-0.368375255122036,3.47050460072434,1.68484644363208,3.77268475276701,-1.66848111722378,1.43855340177417,-0.738988111103441,-1.53978518618378,-0.592406518335613,1.03541720277118,1.43848825405174,0.805700005827075,-1.62174577840234,-0.512072677930085,0.426129075464669,-0.134318587592904,-0.525868546838986,0.346667387064881,1.54134731140479,-1.6164975246346,0.222237379233405,0.659454712374837,-0.368565008343525,1.162847603818,-0.868721880703784,-0.137555444777513,-0.332088702313594,0.125821445637319,1.64115951593539,-0.273590423399125,0.543851501744049,-0.58765539601487,-0.583693461726979,0.555650989859477,-0.290830296179214,-0.452612582656541,-0.524703256372089,-0.0117713726094742,-0.0629724299567404,0.023900093887018,-0.286456915044672,-0.192029368943532,-0.0220772657609293,0.161500371364089,0.172798034415682,0.29300953432324,0.654797852979971
"1980-05-01",0.000116171331873657,0.000934777629661351,1.44989166989649,0.296428788491489,0.554203511088872,0,-1.31976931856736,0.821777626372159,4.48301029690905,4.02113355095704,-1.8702379371299,4.37454236603413,-0.64924525150248,-1.52954915946703,-0.631860987430127,1.0451649054861,2.82393507183118,1.1363254157965,-2.06654907405983,1.61424845963669,5.85344988223335,2.38631621815775,-0.527828786223043,2.49424992864359,3.2404617883914,-1.70714351188351,0.222237379233405,0.659454712374837,-0.368565008343525,1.162847603818,-0.868721880703784,-0.137555444777513,-0.332088702313594,0.125821445637319,1.64115951593539,-0.273590423399125,0.543851501744049,-0.58765539601487,-0.583693461726979,0.555650989859477,-0.290830296179214,-0.452612582656541,-0.524703256372089,-0.0117713726094742,-0.0629724299567404,0.023900093887018,-0.286456915044672,-0.192029368943532,-0.0220772657609293,0.161500371364089,0.172798034415682,0.29300953432324,0.654797852979971
"1980-06-01",0.000209028013344292,0.000745097580483627,-1.85969465189967,1.02213063769104,1.62181853663297,0,-0.584598878069663,-0.52857003902299,0.496830657158896,0.188082908632385,-1.76892928816118,0.771671775852314,0.103967259744359,-1.41342030174351,1.65152874273495,-1.28706971852157,1.45309487484928,1.91503771354711,-1.31150377067763,3.9607173814383,3.39592561536891,5.37106284245372,1.54425266935723,2.02159811066715,1.87399408442791,-1.57780618969612,0.222237379233405,0.659454712374837,-0.368565008343525,1.162847603818,-0.868721880703784,-0.137555444777513,-0.332088702313594,0.125821445637319,1.64115951593539,-0.273590423399125,0.543851501744049,-0.58765539601487,-0.583693461726979,0.555650989859477,-0.290830296179214,-0.452612582656541,-0.524703256372089,-0.0117713726094742,-0.0629724299567404,0.023900093887018,-0.286456915044672,-0.192029368943532,-0.0220772657609293,0.161500371364089,0.172798034415682,0.29300953432324,0.654797852979971
"1980-07-01",0.000217798943231501,0.000339808709706384,-0.960375730431251,1.46371147846643,1.48195634013927,0,0.0514265572955945,-0.799642027157935,-0.663904138447048,-0.5908877529269,-1.9584531135404,-0.713269567138924,0.664673243331282,-1.42970100340955,2.00284183916388,-1.70112397059301,0.138968858923508,2.1011678724819,-1.09860052749219,2.96163746172736,-0.28775332412414,2.98090065692306,1.81922730922961,1.36009158217527,0.254539336877912,-1.67901228535685,0.222237379233405,0.659454712374837,-0.368565008343525,1.162847603818,-0.868721880703784,-0.137555444777513,-0.332088702313594,0.125821445637319,1.64115951593539,-0.273590423399125,0.543851501744049,-0.58765539601487,-0.583693461726979,0.555650989859477,-0.290830296179214,-0.452612582656541,-0.524703256372089,-0.0117713726094742,-0.0629724299567404,0.023900093887018,-0.286456915044672,-0.192029368943532,-0.0220772657609293,0.161500371364089,0.172798034415682,0.29300953432324,0.654797852979971
"1980-08-01",0.000175689229940393,0.000175169747411608,-0.279064205586417,1.23319522876279,1.11265203432394,0,-0.383833626889168,-0.799919043249132,-0.398006866418085,-0.591339683880267,-1.95990434866901,-0.772528275398247,0.495535952596246,-1.44937747142165,1.06118758162703,-1.49488418502188,-0.0117389721078156,1.96400477411382,-1.03429992242298,1.63321925714381,-0.619769197627386,0.814544371678439,1.06334312478164,0.966329842819844,-0.374940362916541,-1.69297284457075,0.222237379233405,0.659454712374837,-0.368565008343525,1.162847603818,-0.868721880703784,-0.137555444777513,-0.332088702313594,0.125821445637319,1.64115951593539,-0.273590423399125,0.543851501744049,-0.58765539601487,-0.583693461726979,0.555650989859477,-0.290830296179214,-0.452612582656541,-0.524703256372089,-0.0117713726094742,-0.0629724299567404,0.023900093887018,-0.286456915044672,-0.192029368943532,-0.0220772657609293,0.161500371364089,0.172798034415682,0.29300953432324,0.654797852979971
"1980-09-01",0.000139327541597309,0.000169763966266292,-0.165964717358809,0.800321301622617,0.389559491227148,0,-1.09179982327814,-0.799919043249132,-0.278152856147773,-0.591339683880267,-1.77945977988523,-0.633988419071263,-0.0433060605307537,-1.44946952687765,0.148831739484136,-0.706382452661689,0.104984774700087,1.69822567601859,-0.868706209247253,0.943608355739855,-0.581741316368329,0.0977239762188662,0.286061129018053,0.835265216621972,-0.607308794798143,-1.60660880060546,0.222237379233405,0.659454712374837,-0.368565008343525,1.162847603818,-0.868721880703784,-0.137555444777513,-0.332088702313594,0.125821445637319,1.64115951593539,-0.273590423399125,0.543851501744049,-0.58765539601487,-0.583693461726979,0.555650989859477,-0.290830296179214,-0.452612582656541,-0.524703256372089,-0.0117713726094742,-0.0629724299567404,0.023900093887018,-0.286456915044672,-0.192029368943532,-0.0220772657609293,0.161500371364089,0.172798034415682,0.29300953432324,0.654797852979971
"1980-10-01",0.000106770816612677,0.0001550764257741,0.465977632394746,0.0424359298948201,-0.397138780481554,0,-0.466255011108345,-0.659124965448437,-0.286318954421272,-0.530586938441488,-1.96772903638388,-0.747822650407425,-0.49025766065706,-1.60159721065884,-0.377452449710051,-0.479008873243297,-0.74051543401171,0.762128046008086,-0.794659432632555,0.506287875249263,-0.548325139082419,-0.185986465502787,-0.409543218684678,0.353318801678784,-0.653885938341952,-1.8025923597743,0.222237379233405,0.659454712374837,-0.368565008343525,1.162847603818,-0.868721880703784,-0.137555444777513,-0.332088702313594,0.125821445637319,1.64115951593539,-0.273590423399125,0.543851501744049,-0.58765539601487,-0.583693461726979,0.555650989859477,-0.290830296179214,-0.452612582656541,-0.524703256372089,-0.0117713726094742,-0.0629724299567404,0.023900093887018,-0.286456915044672,-0.192029368943532,-0.0220772657609293,0.161500371364089,0.172798034415682,0.29300953432324,0.654797852979971
"1980-11-01",0.000132894730662173,0.000138194287924521,-1.06956733461784,-0.661193359690391,-0.960958241227132,0,-0.964304224770079,-0.650622998365369,-0.375514618323333,-0.512718937126616,-1.78388097870067,-0.404440824805548,-0.856123217556926,-1.64580992905906,-1.01519838717334,0.328304391624038,-0.954481966933942,0.152991383357587,-1.31086624180649,0.181299002430729,-0.520319851697027,-0.323227959824663,-0.848093826374145,0.195676152321402,-0.422548976192741,-1.74496543847974,0.222237379233405,0.659454712374837,-0.368565008343525,1.162847603818,-0.868721880703784,-0.137555444777513,-0.332088702313594,0.125821445637319,1.64115951593539,-0.273590423399125,0.543851501744049,-0.58765539601487,-0.583693461726979,0.555650989859477,-0.290830296179214,-0.452612582656541,-0.524703256372089,-0.0117713726094742,-0.0629724299567404,0.023900093887018,-0.286456915044672,-0.192029368943532,-0.0220772657609293,0.161500371364089,0.172798034415682,0.29300953432324,0.654797852979971
"1980-12-01",0.000105165523100407,0.000117668611212797,-1.20693852308465,-0.789973486823528,-1.17789525481528,0,-1.37730684622459,-0.51870551814573,-0.640259462310314,-0.49618926626041,-1.96178253661633,-0.456821876678443,-0.92666038160711,-1.78959438001064,-1.15807045670225,0.399085970341644,-1.13789471344822,-0.719806254408606,-0.977912650141354,-0.0533262398926009,-0.453594304296214,-0.40456759320271,-1.00181147187713,-0.0952677992956775,-0.147377135368954,-1.92989356946384,0.222237379233405,0.659454712374837,-0.368565008343525,1.162847603818,-0.868721880703784,-0.137555444777513,-0.332088702313594,0.125821445637319,1.64115951593539,-0.273590423399125,0.543851501744049,-0.58765539601487,-0.583693461726979,0.555650989859477,-0.290830296179214,-0.452612582656541,-0.524703256372089,-0.0117713726094742,-0.0629724299567404,0.023900093887018,-0.286456915044672,-0.192029368943532,-0.0220772657609293,0.161500371364089,0.172798034415682,0.29300953432324,0.654797852979971
"1981-01-01",0.000102434435457691,9.16258569839965e-05,-1.33748273055522,-1.0022530045495,-1.15801865583655,0,-0.714398395495868,-0.485682848377141,-0.905470106535177,-0.578777756473232,-1.78666413473029,-0.610048498909229,-0.70552266972577,-1.74226879865174,-0.943694419322344,-0.100138886757768,-1.20348154187781,-0.754018337968219,-0.847965592798093,-0.213704093512913,-0.428254983247795,-0.456281500628351,-0.798693536406436,-0.47105656724758,0.0237466917792324,-1.81678108832747,0.222237379233405,0.659454712374837,-0.368565008343525,1.162847603818,-0.868721880703784,-0.137555444777513,-0.332088702313594,0.125821445637319,1.64115951593539,-0.273590423399125,0.543851501744049,-0.58765539601487,-0.583693461726979,0.555650989859477,-0.290830296179214,-0.452612582656541,-0.524703256372089,-0.0117713726094742,-0.0629724299567404,0.023900093887018,-0.286456915044672,-0.192029368943532,-0.0220772657609293,0.161500371364089,0.172798034415682,0.29300953432324,0.654797852979971
"1981-02-01",9.74165505142249e-05,6.87948833065112e-05,-1.10027471139828,-0.938425445632495,-0.834069067627519,0,-0.347807566728131,-0.186065008965941,-0.67521217387516,-0.436257017284298,-1.1704213161907,-0.707389466001118,-0.474808222238702,-1.49309969880983,-0.710964617672502,-0.276621699766701,-0.924465658770367,0.275625230898022,-0.597324347884696,-0.351571132933855,-0.453215448793342,-0.503289270360547,-0.639800474568875,-0.771080050825469,0.0432316912170278,-1.34953939769835,0.222237379233405,0.659454712374837,-0.368565008343525,1.162847603818,-0.868721880703784,-0.137555444777513,-0.332088702313594,0.125821445637319,1.64115951593539,-0.273590423399125,0.543851501744049,-0.58765539601487,-0.583693461726979,0.555650989859477,-0.290830296179214,-0.452612582656541,-0.524703256372089,-0.0117713726094742,-0.0629724299567404,0.023900093887018,-0.286456915044672,-0.192029368943532,-0.0220772657609293,0.161500371364089,0.172798034415682,0.29300953432324,0.654797852979971
"1981-03-01",6.35681311774335e-05,6.9916798474938e-05,1.81881889042887,-0.642957855606486,-0.561805987373948,0,-1.88288333917639,0.142780164756943,-0.296156169936067,-0.311095128976314,-1.77424736595874,-0.374858687171551,-0.945555724351555,-1.63162721752006,-0.643993439335681,0.666961151255777,-0.194025354375312,0.0394388621590484,-0.711485597187874,-0.425988318371166,-0.309557881055043,-0.525058879132614,-0.532879856008452,-0.724042102478667,0.147981704019534,-1.7355561819118,0.222237379233405,0.659454712374837,-0.368565008343525,1.162847603818,-0.868721880703784,-0.137555444777513,-0.332088702313594,0.125821445637319,1.64115951593539,-0.273590423399125,0.543851501744049,-0.58765539601487,-0.583693461726979,0.555650989859477,-0.290830296179214,-0.452612582656541,-0.524703256372089,-0.0117713726094742,-0.0629724299567404,0.023900093887018,-0.286456915044672,-0.192029368943532,-0.0220772657609293,0.161500371364089,0.172798034415682,0.29300953432324,0.654797852979971
"1981-04-01",6.7112010553871e-05,0.000108736853592668,-0.751429509730876,0.115693847760363,0.346228325109946,0,-0.880441805383419,-0.0113255956282562,1.51703505857472,0.730557560492124,-1.58156449417606,0.83879915484891,-0.517963075865224,-1.48951827872289,-0.248455669538377,0.717343354588272,1.20014862129464,0.900984226865788,-0.659157157836308,-0.302559391737675,0.0794700221481554,-0.434954862563318,-0.101358139051554,0.0899143140871695,0.474825259641631,-1.54414549492784,0.222237379233405,0.659454712374837,-0.368565008343525,1.162847603818,-0.868721880703784,-0.137555444777513,-0.332088702313594,0.125821445637319,1.64115951593539,-0.273590423399125,0.543851501744049,-0.58765539601487,-0.583693461726979,0.555650989859477,-0.290830296179214,-0.452612582656541,-0.524703256372089,-0.0117713726094742,-0.0629724299567404,0.023900093887018,-0.286456915044672,-0.192029368943532,-0.0220772657609293,0.161500371364089,0.172798034415682,0.29300953432324,0.654797852979971
"1981-05-01",7.5974842002749e-05,0.000294427837906908,1.48251428487886,0.385991943471717,0.569750495663639,0,0.22873776669728,-0.756393713627381,1.00774299157248,-0.490257430397467,-1.78441940943119,0.528067460339198,-0.263234220630618,-1.47588481426213,-0.258766182254155,0.0697666993541149,1.42149494977823,1.27882970202505,-0.878834277686192,0.136332249791551,0.675270592262801,0.187689073230659,-0.043517314088958,1.38087265624709,0.674292716977414,-1.63251316714564,0.222237379233405,0.659454712374837,-0.368565008343525,1.162847603818,-0.868721880703784,-0.137555444777513,-0.332088702313594,0.125821445637319,1.64115951593539,-0.273590423399125,0.543851501744049,-0.58765539601487,-0.583693461726979,0.555650989859477,-0.290830296179214,-0.452612582656541,-0.524703256372089,-0.0117713726094742,-0.0629724299567404,0.023900093887018,-0.286456915044672,-0.192029368943532,-0.0220772657609293,0.161500371364089,0.172798034415682,0.29300953432324,0.654797852979971
"1981-06-01",7.48290562988237e-05,0.000181726088367949,-1.10040381727684,1.15436489966405,1.54009149946826,0,0.760980558718199,-0.799876104233412,-0.696904831230487,-0.591339683880267,-1.59953695806286,-0.588175678170114,0.341132322040805,-1.33054159187409,0.95928068198122,-1.0778413479527,0.905397542056503,2.14360766166856,-0.567543895876694,0.137619974439216,-0.408479239810493,0.113607328262206,1.14254466773819,0.891460699781484,-0.00422544386777001,-1.44340067555093,0.222237379233405,0.659454712374837,-0.368565008343525,1.162847603818,-0.868721880703784,-0.137555444777513,-0.332088702313594,0.125821445637319,1.64115951593539,-0.273590423399125,0.543851501744049,-0.58765539601487,-0.583693461726979,0.555650989859477,-0.290830296179214,-0.452612582656541,-0.524703256372089,-0.0117713726094742,-0.0629724299567404,0.023900093887018,-0.286456915044672,-0.192029368943532,-0.0220772657609293,0.161500371364089,0.172798034415682,0.29300953432324,0.654797852979971
"1981-07-01",0.000116198484607787,0.000156403030784426,0.580978181396645,1.44042849897274,1.33747155144783,0,1.09462592607314,-0.799919043249132,0.00174034629768073,-0.591339683880267,-1.78650614449246,-0.570910363449957,0.27102131734683,-1.34462221956943,0.908178349999871,-0.942485146202316,0.990317077838762,2.33185131469864,-1.07240653477928,-0.21559622472492,-0.543062364610635,-0.355457522524207,1.2548518324492,0.477517393987393,-0.701560578679641,-1.54213121184285,0.222237379233405,0.659454712374837,-0.368565008343525,1.162847603818,-0.868721880703784,-0.137555444777513,-0.332088702313594,0.125821445637319,1.64115951593539,-0.273590423399125,0.543851501744049,-0.58765539601487,-0.583693461726979,0.555650989859477,-0.290830296179214,-0.452612582656541,-0.524703256372089,-0.0117713726094742,-0.0629724299567404,0.023900093887018,-0.286456915044672,-0.192029368943532,-0.0220772657609293,0.161500371364089,0.172798034415682,0.29300953432324,0.654797852979971
"1981-08-01",0.000124121712103107,0.000136511116790187,-0.207690060609496,1.27939383162492,0.947233744760988,0,1.0180610998831,-0.799919043249132,-0.327672407363387,-0.591339683880267,-1.7919321612205,-0.700325940729969,0.260064183521121,-1.36667978680648,0.754827635482206,-0.933308343016284,0.209067298530628,2.18222453703175,-0.839376642837263,-0.427923219096261,-0.506799941865016,-0.49575428933666,1.02889282815559,0.00995804791337744,-1.04181855843852,-1.55963671178212,0.222237379233405,0.659454712374837,-0.368565008343525,1.162847603818,-0.868721880703784,-0.137555444777513,-0.332088702313594,0.125821445637319,1.64115951593539,-0.273590423399125,0.543851501744049,-0.58765539601487,-0.583693461726979,0.555650989859477,-0.290830296179214,-0.452612582656541,-0.524703256372089,-0.0117713726094742,-0.0629724299567404,0.023900093887018,-0.286456915044672,-0.192029368943532,-0.0220772657609293,0.161500371364089,0.172798034415682,0.29300953432324,0.654797852979971
"1981-09-01",9.47269379269379e-05,0.000114374477314012,-0.134925838413425,0.896245216104824,0.338214710187238,0,0.896708299854173,-0.799916637544692,-0.297543217038194,-0.591339683880267,-1.61988761740167,-0.678125401487194,-0.00378435892692198,-1.3730511557693,0.120730954081782,-0.517859472787353,0.108085952309831,1.89334403903548,-0.64394461127795,-0.579532019123851,-0.498778392026987,-0.55911516429298,0.355570489137709,-0.28141959956025,-1.17381876670228,-1.48131368797108,0.222237379233405,0.659454712374837,-0.368565008343525,1.162847603818,-0.868721880703784,-0.137555444777513,-0.332088702313594,0.125821445637319,1.64115951593539,-0.273590423399125,0.543851501744049,-0.58765539601487,-0.583693461726979,0.555650989859477,-0.290830296179214,-0.452612582656541,-0.524703256372089,-0.0117713726094742,-0.0629724299567404,0.023900093887018,-0.286456915044672,-0.192029368943532,-0.0220772657609293,0.161500371364089,0.172798034415682,0.29300953432324,0.654797852979971
"1981-10-01",8.3641759623155e-05,0.000123702187441722,2.29112824869262,-0.0199493373748973,-0.541942712886802,0,0.0692372283477589,-0.757993186775492,0.852784985783989,-0.56684168131241,-1.82094953304573,0.160412382614581,-0.763111136182723,-1.53421932817474,-1.04397511749237,1.17759330484948,-0.243399281464622,0.940505096096064,-0.969569026979926,-0.696712178508411,-0.453024796671976,-0.594038460736089,-0.964386131401575,0.0892223173581968,-0.861182107666387,-1.68884084856362,0.222237379233405,0.659454712374837,-0.368565008343525,1.162847603818,-0.868721880703784,-0.137555444777513,-0.332088702313594,0.125821445637319,1.64115951593539,-0.273590423399125,0.543851501744049,-0.58765539601487,-0.583693461726979,0.555650989859477,-0.290830296179214,-0.452612582656541,-0.524703256372089,-0.0117713726094742,-0.0629724299567404,0.023900093887018,-0.286456915044672,-0.192029368943532,-0.0220772657609293,0.161500371364089,0.172798034415682,0.29300953432324,0.654797852979971
"1981-11-01",8.30276900974575e-05,0.000140394852915783,-0.559513714402265,-0.523666830668576,-0.964691312909743,0,-0.26493857362823,-0.67942546193551,-0.5450907322663,-0.523744060856798,-1.66122822777766,-0.254604359654747,-0.618037238286074,-1.59206625673635,-1.07635164910512,1.05034504636025,-0.872445982585755,0.297712632858982,-0.770889729328611,-0.693972057751016,-0.230200026981812,-0.548379209332446,-0.879519103872289,0.141814068760068,-0.280248841759756,-1.65130894130978,0.222237379233405,0.659454712374837,-0.368565008343525,1.162847603818,-0.868721880703784,-0.137555444777513,-0.332088702313594,0.125821445637319,1.64115951593539,-0.273590423399125,0.543851501744049,-0.58765539601487,-0.583693461726979,0.555650989859477,-0.290830296179214,-0.452612582656541,-0.524703256372089,-0.0117713726094742,-0.0629724299567404,0.023900093887018,-0.286456915044672,-0.192029368943532,-0.0220772657609293,0.161500371364089,0.172798034415682,0.29300953432324,0.654797852979971
"1981-12-01",0.000115129979762538,0.000115367491590747,-0.137118589049276,-1.09727006552253,-1.23779395689882,0,-0.761588557102851,-0.318824714672342,-0.61588387695973,-0.479182601970599,-1.82456788866861,-0.462145952692594,-0.913349612573684,-1.73200019253199,-1.21185160195759,0.965395909401198,-1.11787037827996,-0.59510601847741,-0.964444886786658,-0.628475386537485,-0.178446218983651,-0.495404434030077,-1.08407993598764,-0.242497067924811,-0.0145165073441742,-1.82728337478258,0.222237379233405,0.659454712374837,-0.368565008343525,1.162847603818,-0.868721880703784,-0.137555444777513,-0.332088702313594,0.125821445637319,1.64115951593539,-0.273590423399125,0.543851501744049,-0.58765539601487,-0.583693461726979,0.555650989859477,-0.290830296179214,-0.452612582656541,-0.524703256372089,-0.0117713726094742,-0.0629724299567404,0.023900093887018,-0.286456915044672,-0.192029368943532,-0.0220772657609293,0.161500371364089,0.172798034415682,0.29300953432324,0.654797852979971
"1982-01-01",0.000122600860610163,9.55501730199405e-05,0.566664195873763,-1.48267112394391,-1.24074712314359,0,-1.22798120575954,1.19092791874016,-0.807721245271365,-0.438798121133985,-1.74482655026218,-0.516670896080809,-1.10635103452895,-1.71287052878574,-1.09984906787912,0.836911158944836,-1.09114355858172,-0.683196953377354,-0.965299717214623,-0.533752027168669,-0.232485777675877,-0.480397544250225,-0.984587808975402,-0.527703129756345,0.167625862649174,-1.77872982295915,0.222237379233405,0.659454712374837,-0.368565008343525,1.162847603818,-0.868721880703784,-0.137555444777513,-0.332088702313594,0.125821445637319,1.64115951593539,-0.273590423399125,0.543851501744049,-0.58765539601487,-0.583693461726979,0.555650989859477,-0.290830296179214,-0.452612582656541,-0.524703256372089,-0.0117713726094742,-0.0629724299567404,0.023900093887018,-0.286456915044672,-0.192029368943532,-0.0220772657609293,0.161500371364089,0.172798034415682,0.29300953432324,0.654797852979971
"1982-02-01",0.000103017174905547,8.08838176280037e-05,-0.171291964974115,-1.2765086175657,-1.03674448739841,0,-0.829848187517466,1.748290525887,-0.5386300253897,0.151043490344501,-1.11127229899088,0.0563796963587217,-1.05101056550985,-1.45662516718346,-0.8921948657588,1.02792750549359,-0.783833379799028,0.365394000198265,-0.976722046437302,-0.56812387007505,-0.371491780313765,-0.519169382872483,-0.811727055448317,-0.740441644926783,0.245441044143175,-1.29856252117263,0.222237379233405,0.659454712374837,-0.368565008343525,1.162847603818,-0.868721880703784,-0.137555444777513,-0.332088702313594,0.125821445637319,1.64115951593539,-0.273590423399125,0.543851501744049,-0.58765539601487,-0.583693461726979,0.555650989859477,-0.290830296179214,-0.452612582656541,-0.524703256372089,-0.0117713726094742,-0.0629724299567404,0.023900093887018,-0.286456915044672,-0.192029368943532,-0.0220772657609293,0.161500371364089,0.172798034415682,0.29300953432324,0.654797852979971
"1982-03-01",6.98994923367016e-05,0.000122446597274504,1.09130242094728,-0.657297979206739,-0.562476881563439,0,-1.07416373175439,1.53974199893012,-0.0246019970533624,1.60970846348045,-1.68711663454071,0.807171571092393,-1.06836856366205,-1.5902688611011,-0.860620813959397,1.53380042636724,0.018317614679078,0.147546181744933,-0.641149501907273,-0.563526589251937,-0.145846434656698,-0.513971611076365,-0.82674624210156,-0.246874142242688,0.924700716954077,-1.66729067026869,0.222237379233405,0.659454712374837,-0.368565008343525,1.162847603818,-0.868721880703784,-0.137555444777513,-0.332088702313594,0.125821445637319,1.64115951593539,-0.273590423399125,0.543851501744049,-0.58765539601487,-0.583693461726979,0.555650989859477,-0.290830296179214,-0.452612582656541,-0.524703256372089,-0.0117713726094742,-0.0629724299567404,0.023900093887018,-0.286456915044672,-0.192029368943532,-0.0220772657609293,0.161500371364089,0.172798034415682,0.29300953432324,0.654797852979971
"1982-04-01",8.71340189665771e-05,0.000137991985136171,-0.998090482467975,-0.290049069774177,0.114265028755566,0,0.127010444400804,1.43309438678733,0.453017495937301,2.78189235238029,-1.50000892227058,0.65284104056765,-0.605372993179099,-1.44678947884504,-0.266765287011762,0.486769227955119,0.907675698043293,0.998435854887036,-0.111649618039647,-0.19840243862986,0.575774275567038,-0.25269198057101,-0.230867625416096,0.139146371225191,1.40520593606635,-1.47830733603344,0.222237379233405,0.659454712374837,-0.368565008343525,1.162847603818,-0.868721880703784,-0.137555444777513,-0.332088702313594,0.125821445637319,1.64115951593539,-0.273590423399125,0.543851501744049,-0.58765539601487,-0.583693461726979,0.555650989859477,-0.290830296179214,-0.452612582656541,-0.524703256372089,-0.0117713726094742,-0.0629724299567404,0.023900093887018,-0.286456915044672,-0.192029368943532,-0.0220772657609293,0.161500371364089,0.172798034415682,0.29300953432324,0.654797852979971
"1982-05-01",8.46747570468501e-05,0.000503491955436142,-0.0520137823826016,0.367428034031401,0.693456927261701,0,-0.282137070162661,0.0420469504291122,2.83462865782341,1.79049522452213,-1.7398762737383,2.17759382146269,-0.483574517011018,-1.44121834950403,0.00796501802206172,-0.158653894810252,1.53934437908128,1.36898294100612,-1.35702110761058,0.803153252668223,2.49724946876029,1.34375839077614,0.116936730395368,1.69914992149533,1.57464511302151,-1.58994828085595,0.222237379233405,0.659454712374837,-0.368565008343525,1.162847603818,-0.868721880703784,-0.137555444777513,-0.332088702313594,0.125821445637319,1.64115951593539,-0.273590423399125,0.543851501744049,-0.58765539601487,-0.583693461726979,0.555650989859477,-0.290830296179214,-0.452612582656541,-0.524703256372089,-0.0117713726094742,-0.0629724299567404,0.023900093887018,-0.286456915044672,-0.192029368943532,-0.0220772657609293,0.161500371364089,0.172798034415682,0.29300953432324,0.654797852979971
"1982-06-01",9.00462242973871e-05,0.000397581970009877,-1.35608301261628,0.86115196769564,1.31021608251098,0,-0.177289576149517,-0.73568854471962,-0.347801337294214,-0.413988131581998,-1.57523275101258,-0.375384106751133,-0.0689995880790729,-1.3014811243895,1.10340378986398,-1.28751393429333,0.612817933887944,2.21125689910534,-0.898810525316492,1.61010229113654,1.07500729340173,2.33810523012288,1.23725147092073,1.4135491652332,0.71132252468374,-1.41460871947406,0.222237379233405,0.659454712374837,-0.368565008343525,1.162847603818,-0.868721880703784,-0.137555444777513,-0.332088702313594,0.125821445637319,1.64115951593539,-0.273590423399125,0.543851501744049,-0.58765539601487,-0.583693461726979,0.555650989859477,-0.290830296179214,-0.452612582656541,-0.524703256372089,-0.0117713726094742,-0.0629724299567404,0.023900093887018,-0.286456915044672,-0.192029368943532,-0.0220772657609293,0.161500371364089,0.172798034415682,0.29300953432324,0.654797852979971
"1982-07-01",0.000109490864132725,0.000175428444340072,-0.15467866523308,1.34367789265313,1.3591368527196,0,0.474021943791048,-0.799919043249132,-0.384042393624696,-0.591339683880267,-1.77627090492486,-0.861279305978817,0.68439958315262,-1.32212147473905,1.09092547325189,-1.49296391153448,0.159233096962589,2.37259638767181,-0.54804068770786,0.842027890236831,-0.606683032631458,0.741470064636581,1.15764492260125,0.85471444771397,-0.270830014968125,-1.52452721967171,0.222237379233405,0.659454712374837,-0.368565008343525,1.162847603818,-0.868721880703784,-0.137555444777513,-0.332088702313594,0.125821445637319,1.64115951593539,-0.273590423399125,0.543851501744049,-0.58765539601487,-0.583693461726979,0.555650989859477,-0.290830296179214,-0.452612582656541,-0.524703256372089,-0.0117713726094742,-0.0629724299567404,0.023900093887018,-0.286456915044672,-0.192029368943532,-0.0220772657609293,0.161500371364089,0.172798034415682,0.29300953432324,0.654797852979971
"1982-08-01",0.000126005097353935,0.000163333542384705,1.10610786578854,1.37357283262332,0.820323718935876,0,-0.183956173538539,-0.799919043249132,0.107790778193551,-0.591339683880267,-1.74779853622406,-0.550689051061617,0.102637117712728,-1.32949966810957,0.595950156317641,-0.574915880986822,1.02336360616542,2.26759423256191,-0.965979707657375,0.238308377474017,-0.575373210642051,-0.125617051310869,0.712005084590333,0.707290171955095,-0.70084343911917,-1.51612536452023,0.222237379233405,0.659454712374837,-0.368565008343525,1.162847603818,-0.868721880703784,-0.137555444777513,-0.332088702313594,0.125821445637319,1.64115951593539,-0.273590423399125,0.543851501744049,-0.58765539601487,-0.583693461726979,0.555650989859477,-0.290830296179214,-0.452612582656541,-0.524703256372089,-0.0117713726094742,-0.0629724299567404,0.023900093887018,-0.286456915044672,-0.192029368943532,-0.0220772657609293,0.161500371364089,0.172798034415682,0.29300953432324,0.654797852979971
"1982-09-01",8.76576788390742e-05,0.000199105330119284,2.55222858683178,0.755585826370444,0.134221172131178,0,-0.778111538240199,-0.792218636582674,1.25218727793719,-0.586405094336815,-1.54833800963065,0.116409908392025,-0.653829225460173,-1.324958274185,-0.628435004811559,0.723031692929702,0.71951722315666,2.00451077882938,-1.14186873278222,-0.0855682229039498,-0.522005925348708,-0.380835856599642,-0.508615704417012,0.880805510212352,-0.721662273825976,-1.41758089798561,0.222237379233405,0.659454712374837,-0.368565008343525,1.162847603818,-0.868721880703784,-0.137555444777513,-0.332088702313594,0.125821445637319,1.64115951593539,-0.273590423399125,0.543851501744049,-0.58765539601487,-0.583693461726979,0.555650989859477,-0.290830296179214,-0.452612582656541,-0.524703256372089,-0.0117713726094742,-0.0629724299567404,0.023900093887018,-0.286456915044672,-0.192029368943532,-0.0220772657609293,0.161500371364089,0.172798034415682,0.29300953432324,0.654797852979971
"1982-10-01",0.000108872318881621,0.000211367922586527,-0.424505293923066,-0.126656621533601,-0.501187319937049,0,-0.877489336185405,-0.778199060398813,-0.00991692012955529,-0.577175770420541,-1.75552413246176,0.0951695631802749,-0.736451383184506,-1.49063536396727,-0.94393765990562,0.857718646144943,-0.311796161132303,1.01165867120435,-0.793359860369257,-0.222997272466175,-0.287611180141045,-0.451123786342274,-0.834950412072677,1.02834768171024,-0.0957157603789306,-1.63148887392161,0.222237379233405,0.659454712374837,-0.368565008343525,1.162847603818,-0.868721880703784,-0.137555444777513,-0.332088702313594,0.125821445637319,1.64115951593539,-0.273590423399125,0.543851501744049,-0.58765539601487,-0.583693461726979,0.555650989859477,-0.290830296179214,-0.452612582656541,-0.524703256372089,-0.0117713726094742,-0.0629724299567404,0.023900093887018,-0.286456915044672,-0.192029368943532,-0.0220772657609293,0.161500371364089,0.172798034415682,0.29300953432324,0.654797852979971
"1982-11-01",0.000138426428882243,0.000199984660970708,0.727218627010545,-0.856634149702016,-1.09458525999946,0,-1.55040836046018,-0.576558579800789,-0.151624472658828,-0.524436738554044,-1.5564784250368,0.445859895081357,-0.960458208147823,-1.53582397305631,-1.16835092410218,1.17509865854115,-0.909408473848392,0.395884188526187,-0.990796332333745,-0.176418798444339,-0.0371114582351705,-0.406497170785571,-1.04837715230416,0.877607393284575,0.453422595045484,-1.56670177526941,0.222237379233405,0.659454712374837,-0.368565008343525,1.162847603818,-0.868721880703784,-0.137555444777513,-0.332088702313594,0.125821445637319,1.64115951593539,-0.273590423399125,0.543851501744049,-0.58765539601487,-0.583693461726979,0.555650989859477,-0.290830296179214,-0.452612582656541,-0.524703256372089,-0.0117713726094742,-0.0629724299567404,0.023900093887018,-0.286456915044672,-0.192029368943532,-0.0220772657609293,0.161500371364089,0.172798034415682,0.29300953432324,0.654797852979971
"1982-12-01",0.000134154498173103,0.000190959211498746,0.163319919057006,-1.33023605321693,-1.30649823176824,0,-2.28954903743771,0.148629808807063,-0.687490457172262,-0.491926979835913,-1.7280871685836,0.298486634407767,-1.15913085712772,-1.68292843745637,-1.27828758130049,1.50534045417565,-1.08481741937712,-0.48858395560664,-1.0066028263925,-0.00736613438359439,-0.039957866293808,-0.242268295310327,-1.13288155484935,0.593321319374842,1.0334614675353,-1.75035132635696,0.222237379233405,0.659454712374837,-0.368565008343525,1.162847603818,-0.868721880703784,-0.137555444777513,-0.332088702313594,0.125821445637319,1.64115951593539,-0.273590423399125,0.543851501744049,-0.58765539601487,-0.583693461726979,0.555650989859477,-0.290830296179214,-0.452612582656541,-0.524703256372089,-0.0117713726094742,-0.0629724299567404,0.023900093887018,-0.286456915044672,-0.192029368943532,-0.0220772657609293,0.161500371364089,0.172798034415682,0.29300953432324,0.654797852979971
"1983-01-01",0.000125544396018815,0.000149756876938272,-0.543948221577221,-1.24378600245365,-1.25475446472871,0,-2.18705031371775,0.57346271297271,-0.80209978895666,-0.445826715262652,-1.58658175856078,-0.280509790310954,-1.12614211831662,-1.64586032813553,-1.08775645066479,1.13033825258674,-1.02842836014554,-0.706198968410466,-0.878827922069627,-0.0712998184840295,-0.267251322817779,-0.27390382654503,-0.993382979623561,0.0761423534215254,1.20881501483056,-1.66407563953899,0.222237379233405,0.659454712374837,-0.368565008343525,1.162847603818,-0.868721880703784,-0.137555444777513,-0.332088702313594,0.125821445637319,1.64115951593539,-0.273590423399125,0.543851501744049,-0.58765539601487,-0.583693461726979,0.555650989859477,-0.290830296179214,-0.452612582656541,-0.524703256372089,-0.0117713726094742,-0.0629724299567404,0.023900093887018,-0.286456915044672,-0.192029368943532,-0.0220772657609293,0.161500371364089,0.172798034415682,0.29300953432324,0.654797852979971
"1983-02-01",0.000130914669742577,0.000130439646086158,0.354474306412064,-1.00188513117964,-0.997380477309903,0,-1.59454609492907,1.15880990429476,-0.526081012421543,-0.259279314754458,-0.869201678862475,0.173310837778743,-1.11936936913051,-1.35937989200119,-0.848592878324937,1.19881237715662,-0.644388269949566,0.407667694126208,-1.53692105642253,-0.171223628105625,-0.291697136739519,-0.282537050969224,-0.700849871856611,-0.196555616810387,1.30051847910398,-1.12398374081659,0.222237379233405,0.659454712374837,-0.368565008343525,1.162847603818,-0.868721880703784,-0.137555444777513,-0.332088702313594,0.125821445637319,1.64115951593539,-0.273590423399125,0.543851501744049,-0.58765539601487,-0.583693461726979,0.555650989859477,-0.290830296179214,-0.452612582656541,-0.524703256372089,-0.0117713726094742,-0.0629724299567404,0.023900093887018,-0.286456915044672,-0.192029368943532,-0.0220772657609293,0.161500371364089,0.172798034415682,0.29300953432324,0.654797852979971
"1983-03-01",9.07608484538717e-05,0.000227453978077234,2.8582223737155,-0.639390835501453,-0.673263708999529,0,-1.82940581107373,1.39644261598551,0.389346163001871,0.958615728638541,-1.49706727043437,2.51296400401694,-1.11650166382319,-1.50371343574812,-0.908165300535561,1.94770715492929,0.0682793222276131,0.166839371337203,-1.42228110813266,-0.142920041243917,0.349424209894951,-0.173351800059692,-0.990715147363804,0.398214791712497,2.16032996397061,-1.52540260511511,0.222237379233405,0.659454712374837,-0.368565008343525,1.162847603818,-0.868721880703784,-0.137555444777513,-0.332088702313594,0.125821445637319,1.64115951593539,-0.273590423399125,0.543851501744049,-0.58765539601487,-0.583693461726979,0.555650989859477,-0.290830296179214,-0.452612582656541,-0.524703256372089,-0.0117713726094742,-0.0629724299567404,0.023900093887018,-0.286456915044672,-0.192029368943532,-0.0220772657609293,0.161500371364089,0.172798034415682,0.29300953432324,0.654797852979971
"1983-04-01",0.000135072021881324,0.000259307119028049,0.305441644954901,-0.496966438454197,-0.138931911700663,0,-0.881068638790373,1.8327473059555,0.28770616408439,1.6188383434475,-1.29714718183717,1.16731791294558,-1.02557732592753,-1.35265894372991,-0.681513734997899,1.26124699527909,1.29472176015519,1.03784617546971,-0.860518389486185,0.359671510115344,0.865273537407533,0.308377815642024,-0.834455694581067,0.61255013669391,2.74728321397342,-1.32552574417389,0.222237379233405,0.659454712374837,-0.368565008343525,1.162847603818,-0.868721880703784,-0.137555444777513,-0.332088702313594,0.125821445637319,1.64115951593539,-0.273590423399125,0.543851501744049,-0.58765539601487,-0.583693461726979,0.555650989859477,-0.290830296179214,-0.452612582656541,-0.524703256372089,-0.0117713726094742,-0.0629724299567404,0.023900093887018,-0.286456915044672,-0.192029368943532,-0.0220772657609293,0.161500371364089,0.172798034415682,0.29300953432324,0.654797852979971
"1983-05-01",0.000172963513168164,0.0005952147864706,1.51239027941736,0.221392448686275,0.560649988678275,0,-0.180458550505606,0.920546385769333,3.82652319666273,3.33893229733798,-1.5098154395288,2.9050808679208,-0.532154373774994,-1.3387364559939,-0.514804556365588,0.567389637602547,2.44156951104381,1.41067884126359,-1.81208597748592,1.63897347980597,3.28417543694131,1.30875483142129,-0.505180879613945,1.59852401389529,2.97482103513493,-1.41891093292677,0.222237379233405,0.659454712374837,-0.368565008343525,1.162847603818,-0.868721880703784,-0.137555444777513,-0.332088702313594,0.125821445637319,1.64115951593539,-0.273590423399125,0.543851501744049,-0.58765539601487,-0.583693461726979,0.555650989859477,-0.290830296179214,-0.452612582656541,-0.524703256372089,-0.0117713726094742,-0.0629724299567404,0.023900093887018,-0.286456915044672,-0.192029368943532,-0.0220772657609293,0.161500371364089,0.172798034415682,0.29300953432324,0.654797852979971
"1983-06-01",0.000470536890890379,0.000797530405232731,-0.021026135928709,0.840032982273082,1.07755069413939,0,-0.674948429020528,-0.536252648516148,1.35381566817343,0.151469898454459,-1.3543396479317,1.05430875240742,-0.280545475197237,-1.19670633003824,0.396297688044545,-0.588756218556896,2.08464378870906,2.20631869646272,-1.47347158947072,3.75624972693064,3.92127177718557,4.01254605234974,0.540440247518792,2.04704264095595,2.42966941436285,-1.24823766841935,0.222237379233405,0.659454712374837,-0.368565008343525,1.162847603818,-0.868721880703784,-0.137555444777513,-0.332088702313594,0.125821445637319,1.64115951593539,-0.273590423399125,0.543851501744049,-0.58765539601487,-0.583693461726979,0.555650989859477,-0.290830296179214,-0.452612582656541,-0.524703256372089,-0.0117713726094742,-0.0629724299567404,0.023900093887018,-0.286456915044672,-0.192029368943532,-0.0220772657609293,0.161500371364089,0.172798034415682,0.29300953432324,0.654797852979971
"1983-07-01",0.000463017075444982,0.000334753825432895,0.500207829810149,1.34810550660713,1.30937692132809,0,-0.110582219551448,-0.799919043249132,-0.100981981354647,-0.591339683880267,-1.58584261703212,-0.614997107865953,0.272540347200873,-1.22508126722761,1.03946751706466,-0.997248907446454,1.33343732966961,2.36493422278632,-0.769583044827729,3.29904959677981,-0.450024172472814,2.41478155804659,1.14886479908562,1.37259655366082,0.684991464323416,-1.37778951656296,0.222237379233405,0.659454712374837,-0.368565008343525,1.162847603818,-0.868721880703784,-0.137555444777513,-0.332088702313594,0.125821445637319,1.64115951593539,-0.273590423399125,0.543851501744049,-0.58765539601487,-0.583693461726979,0.555650989859477,-0.290830296179214,-0.452612582656541,-0.524703256372089,-0.0117713726094742,-0.0629724299567404,0.023900093887018,-0.286456915044672,-0.192029368943532,-0.0220772657609293,0.161500371364089,0.172798034415682,0.29300953432324,0.654797852979971
"1983-08-01",0.000251922768871606,0.000262112503712504,0.655754517778565,1.40032865996772,0.891385889394967,0,-0.222908823624029,-0.799919043249132,0.198921257192032,-0.591339683880267,-1.60638513971575,-0.414730320859963,0.42588308971177,-1.25285192977567,0.539697099174529,-0.360385164505345,1.55561005168286,2.21784843029041,-0.84487173918403,2.06274954476244,-0.673894990661221,0.658864351961724,0.596581913015295,1.28456253500986,-0.0856081546438451,-1.40589176714279,0.222237379233405,0.659454712374837,-0.368565008343525,1.162847603818,-0.868721880703784,-0.137555444777513,-0.332088702313594,0.125821445637319,1.64115951593539,-0.273590423399125,0.543851501744049,-0.58765539601487,-0.583693461726979,0.555650989859477,-0.290830296179214,-0.452612582656541,-0.524703256372089,-0.0117713726094742,-0.0629724299567404,0.023900093887018,-0.286456915044672,-0.192029368943532,-0.0220772657609293,0.161500371364089,0.172798034415682,0.29300953432324,0.654797852979971
"1983-09-01",0.000225594164980211,0.000187003267003267,0.090246364392306,0.904076636997102,0.416998161859444,0,-0.739230071238168,-0.799832042539641,-0.219104214266517,-0.591339683880267,-1.41188525380584,-0.732595069407932,0.141443041077796,-1.25365471506511,0.374554419774532,-0.79880181818241,-0.0708579859738439,1.95419807437978,-0.145248282361054,1.39422670849697,-0.569283246642473,0.108152520776654,0.381577103711046,0.813287133071474,-0.432686124237217,-1.31261039803801,0.222237379233405,0.659454712374837,-0.368565008343525,1.162847603818,-0.868721880703784,-0.137555444777513,-0.332088702313594,0.125821445637319,1.64115951593539,-0.273590423399125,0.543851501744049,-0.58765539601487,-0.583693461726979,0.555650989859477,-0.290830296179214,-0.452612582656541,-0.524703256372089,-0.0117713726094742,-0.0629724299567404,0.023900093887018,-0.286456915044672,-0.192029368943532,-0.0220772657609293,0.161500371364089,0.172798034415682,0.29300953432324,0.654797852979971
"1983-10-01",0.000216572594470269,0.000185474060822898,-0.369777144331751,0.180143202178257,-0.48113798563088,0,-1.02425443668398,-0.79967721393456,-0.257945339251065,-0.591263646718771,-1.60037316879365,-0.497842892544158,-0.901869141937543,-1.41711897682468,-0.789898153783359,0.437008195483702,-0.173392546664573,1.01272984947939,-0.707973362414802,0.943671979808911,-0.520087253930135,-0.117965545750916,-0.676873697037428,0.580357245389561,-0.382426088693162,-1.51456248250847,0.222237379233405,0.659454712374837,-0.368565008343525,1.162847603818,-0.868721880703784,-0.137555444777513,-0.332088702313594,0.125821445637319,1.64115951593539,-0.273590423399125,0.543851501744049,-0.58765539601487,-0.583693461726979,0.555650989859477,-0.290830296179214,-0.452612582656541,-0.524703256372089,-0.0117713726094742,-0.0629724299567404,0.023900093887018,-0.286456915044672,-0.192029368943532,-0.0220772657609293,0.161500371364089,0.172798034415682,0.29300953432324,0.654797852979971
"1983-11-01",0.000201034964532639,0.000160335403126101,2.04163253562629,-0.725878993699954,-1.03902466618008,0,-1.38917330753553,-0.3832215800012,-0.270535049210755,-0.572241286774065,-1.40938496349803,-0.259241739027728,-0.925206683431151,-1.46828072503101,-1.07257926401168,0.468934238926456,-0.9529507896248,0.37932803096764,-0.877109030437256,0.629797657470513,-0.434232293831898,-0.231942359388493,-0.954301388766466,0.171671331813328,-0.175335238418995,-1.45735655703351,0.222237379233405,0.659454712374837,-0.368565008343525,1.162847603818,-0.868721880703784,-0.137555444777513,-0.332088702313594,0.125821445637319,1.64115951593539,-0.273590423399125,0.543851501744049,-0.58765539601487,-0.583693461726979,0.555650989859477,-0.290830296179214,-0.452612582656541,-0.524703256372089,-0.0117713726094742,-0.0629724299567404,0.023900093887018,-0.286456915044672,-0.192029368943532,-0.0220772657609293,0.161500371364089,0.172798034415682,0.29300953432324,0.654797852979971
"1983-12-01",0.000198038615564197,0.000152962093092326,2.68814838675963,-1.41667876135549,-1.32083945451843,0,-1.88199699517051,1.46928526963428,-0.704440977755689,-0.496112468658299,-1.58652412372202,-0.128657693816453,-1.14585656722584,-1.61963573439956,-1.18192265319495,0.903174258922387,-1.1605261405518,-0.520242801066351,-1.02864425596343,0.405014484246197,-0.413537698159973,-0.293631206550934,-1.05449194442199,-0.147168668295032,0.172927968627149,-1.64635730282426,0.222237379233405,0.659454712374837,-0.368565008343525,1.162847603818,-0.868721880703784,-0.137555444777513,-0.332088702313594,0.125821445637319,1.64115951593539,-0.273590423399125,0.543851501744049,-0.58765539601487,-0.583693461726979,0.555650989859477,-0.290830296179214,-0.452612582656541,-0.524703256372089,-0.0117713726094742,-0.0629724299567404,0.023900093887018,-0.286456915044672,-0.192029368943532,-0.0220772657609293,0.161500371364089,0.172798034415682,0.29300953432324,0.654797852979971
"1984-01-01",0.000197629832643786,0.000124242855070762,-1.10160675617706,-1.79930867047652,-1.32737112029239,0,-1.62860973399862,3.0729617129519,-0.926947679766909,-0.552274735106922,-1.39479753525088,-0.518483056690996,-1.09742191626688,-1.56531668976306,-1.09271662658109,0.666033690878001,-1.18407842985008,-0.778725361675104,-0.761948890063977,0.187076863201882,-0.442228021334128,-0.358503386288797,-0.924613614487072,-0.602143702839857,0.366465915189261,-1.52652435107516,0.222237379233405,0.659454712374837,-0.368565008343525,1.162847603818,-0.868721880703784,-0.137555444777513,-0.332088702313594,0.125821445637319,1.64115951593539,-0.273590423399125,0.543851501744049,-0.58765539601487,-0.583693461726979,0.555650989859477,-0.290830296179214,-0.452612582656541,-0.524703256372089,-0.0117713726094742,-0.0629724299567404,0.023900093887018,-0.286456915044672,-0.192029368943532,-0.0220772657609293,0.161500371364089,0.172798034415682,0.29300953432324,0.654797852979971
"1984-02-01",0.00020318898197968,8.77415240950125e-05,-0.90630384111095,-1.43558472691243,-1.05056283053041,0,-1.59771368181828,3.46364092227727,-0.85804193822234,-0.198546596106005,-0.974052089786779,-0.687669899047423,-0.918715557514275,-1.37019111103503,-0.788724424606496,0.139362697253733,-0.916061632726668,-0.0040726498772621,-0.636652600539269,-0.00920294800222831,-0.458281075316575,-0.424442766265177,-0.772012754907679,-1.03843816868181,0.354942198853513,-1.19316686742204,0.222237379233405,0.659454712374837,-0.368565008343525,1.162847603818,-0.868721880703784,-0.137555444777513,-0.332088702313594,0.125821445637319,1.64115951593539,-0.273590423399125,0.543851501744049,-0.58765539601487,-0.583693461726979,0.555650989859477,-0.290830296179214,-0.452612582656541,-0.524703256372089,-0.0117713726094742,-0.0629724299567404,0.023900093887018,-0.286456915044672,-0.192029368943532,-0.0220772657609293,0.161500371364089,0.172798034415682,0.29300953432324,0.654797852979971
"1984-03-01",0.000202617581036186,8.1625296136924e-05,0.541258282792914,-0.84947339268284,-0.585935917035947,0,-0.131118720102856,3.71713165079968,-0.350954664277882,0.779828525455436,-1.39766107671351,0.194467459498956,-0.347790360038837,-1.44804387585898,-0.596893946095162,0.0654730705726023,-0.393908796474546,-0.00610881437668347,-0.61624252154874,-0.177122772258416,-0.46756894723397,-0.476032965845988,-0.42231246878999,-1.10699376088762,0.403041140609832,-1.45030084900888,0.222237379233405,0.659454712374837,-0.368565008343525,1.162847603818,-0.868721880703784,-0.137555444777513,-0.332088702313594,0.125821445637319,1.64115951593539,-0.273590423399125,0.543851501744049,-0.58765539601487,-0.583693461726979,0.555650989859477,-0.290830296179214,-0.452612582656541,-0.524703256372089,-0.0117713726094742,-0.0629724299567404,0.023900093887018,-0.286456915044672,-0.192029368943532,-0.0220772657609293,0.161500371364089,0.172798034415682,0.29300953432324,0.654797852979971
"1984-04-01",0.000212075385582362,0.000135446192525262,0.649991887135563,-0.398599251538978,-0.0326417177488299,0,0.12227284824883,3.42553790966001,0.641327718698661,3.72549026030841,-1.19794801852395,1.46825356844416,-0.489575915028846,-1.29422391451632,-0.558228801407217,0.609999801575367,0.776100213088348,0.850709098064885,0.135204647876035,-0.225951594256059,0.11143100406561,-0.426439204959208,-0.540019195882786,-0.411654052548644,1.17096658973101,-1.24947167993129,0.222237379233405,0.659454712374837,-0.368565008343525,1.162847603818,-0.868721880703784,-0.137555444777513,-0.332088702313594,0.125821445637319,1.64115951593539,-0.273590423399125,0.543851501744049,-0.58765539601487,-0.583693461726979,0.555650989859477,-0.290830296179214,-0.452612582656541,-0.524703256372089,-0.0117713726094742,-0.0629724299567404,0.023900093887018,-0.286456915044672,-0.192029368943532,-0.0220772657609293,0.161500371364089,0.172798034415682,0.29300953432324,0.654797852979971
"1984-05-01",0.000350233569321941,0.000898417134845042,-1.01465236341755,0.641474016798342,0.96353100690108,0,-0.880242372100444,0.94483000363135,6.32364340119072,4.03406524385333,-1.41410849243258,4.92660585339373,-0.410818549762387,-1.2795833427959,0.102002076483283,0.162264762360326,2.08180420104225,1.23126492110156,-0.976783771580082,1.79475171088396,6.47779155604669,1.93751252355799,0.0451312768795412,2.19462626539799,2.79699996644777,-1.34410465351614,0.222237379233405,0.659454712374837,-0.368565008343525,1.162847603818,-0.868721880703784,-0.137555444777513,-0.332088702313594,0.125821445637319,1.64115951593539,-0.273590423399125,0.543851501744049,-0.58765539601487,-0.583693461726979,0.555650989859477,-0.290830296179214,-0.452612582656541,-0.524703256372089,-0.0117713726094742,-0.0629724299567404,0.023900093887018,-0.286456915044672,-0.192029368943532,-0.0220772657609293,0.161500371364089,0.172798034415682,0.29300953432324,0.654797852979971
"1984-06-01",0.00036069692017599,0.000751649147332868,0.758421822528641,0.880209958193297,1.06130024886851,0,-0.273247449207122,-0.770328595122679,0.283189340397015,-0.51465138528438,-1.23124224928334,0.0039764835336597,-0.370995598050466,-1.12787224852382,0.376083474397097,-0.622093241190714,1.98061899265841,2.08389941132206,-1.03605331597385,5.08697695502035,3.3446837826162,6.02447421366089,0.395213682955592,2.04818482557302,1.8749409154439,-1.1531001495359,0.222237379233405,0.659454712374837,-0.368565008343525,1.162847603818,-0.868721880703784,-0.137555444777513,-0.332088702313594,0.125821445637319,1.64115951593539,-0.273590423399125,0.543851501744049,-0.58765539601487,-0.583693461726979,0.555650989859477,-0.290830296179214,-0.452612582656541,-0.524703256372089,-0.0117713726094742,-0.0629724299567404,0.023900093887018,-0.286456915044672,-0.192029368943532,-0.0220772657609293,0.161500371364089,0.172798034415682,0.29300953432324,0.654797852979971
"1984-07-01",0.000303272169690774,0.000346314027393097,0.685736330699495,1.43889857934002,1.2780282973938,0,0.646201033849393,-0.799919043249132,0.0932075626899827,-0.591339683880267,-1.43298440769539,-0.603481788993058,0.913747395808791,-1.14306433013816,1.39071339245215,-1.01347722469818,1.22655931091957,2.25730612886492,-1.14664052969907,3.4270101919152,-0.688566170009937,2.41832954917862,1.25582884704416,1.47366596319021,0.29399456818525,-1.2603398689259,0.222237379233405,0.659454712374837,-0.368565008343525,1.162847603818,-0.868721880703784,-0.137555444777513,-0.332088702313594,0.125821445637319,1.64115951593539,-0.273590423399125,0.543851501744049,-0.58765539601487,-0.583693461726979,0.555650989859477,-0.290830296179214,-0.452612582656541,-0.524703256372089,-0.0117713726094742,-0.0629724299567404,0.023900093887018,-0.286456915044672,-0.192029368943532,-0.0220772657609293,0.161500371364089,0.172798034415682,0.29300953432324,0.654797852979971
"1984-08-01",0.00021485540782285,0.000279264975376603,1.00275553605223,1.31893313488328,0.833061892633906,0,-0.576113854521539,-0.799919043249132,0.315961884532806,-0.591339683880267,-1.42010201009491,-0.368000272739626,0.329338314020718,-1.15852362971303,0.572518793420357,-0.441470629676783,1.28794146381081,2.12784277103102,-1.26888868065172,2.18086762896501,-0.66903011202681,0.693263724625025,0.592985119635671,1.32621605792286,-0.304808102114346,-1.26461908353291,0.222237379233405,0.659454712374837,-0.368565008343525,1.162847603818,-0.868721880703784,-0.137555444777513,-0.332088702313594,0.125821445637319,1.64115951593539,-0.273590423399125,0.543851501744049,-0.58765539601487,-0.583693461726979,0.555650989859477,-0.290830296179214,-0.452612582656541,-0.524703256372089,-0.0117713726094742,-0.0629724299567404,0.023900093887018,-0.286456915044672,-0.192029368943532,-0.0220772657609293,0.161500371364089,0.172798034415682,0.29300953432324,0.654797852979971
"1984-09-01",0.000201232194832195,0.000209105294202969,0.188620945255274,0.791244895416984,0.296232900438193,0,-0.285668354348619,-0.795923179612899,-0.00652981143324274,-0.590849902204007,-1.23191617244183,-0.578205905104018,-0.219932343392975,-1.16325659155581,0.0905646403528283,-0.322485424359142,0.281292066194004,1.8472801057612,-1.16338939523777,1.48689560691093,-0.575844414206234,0.153470466419633,0.0823610549851765,1.00357843325357,-0.523315577852719,-1.17697256156163,0.222237379233405,0.659454712374837,-0.368565008343525,1.162847603818,-0.868721880703784,-0.137555444777513,-0.332088702313594,0.125821445637319,1.64115951593539,-0.273590423399125,0.543851501744049,-0.58765539601487,-0.583693461726979,0.555650989859477,-0.290830296179214,-0.452612582656541,-0.524703256372089,-0.0117713726094742,-0.0629724299567404,0.023900093887018,-0.286456915044672,-0.192029368943532,-0.0220772657609293,0.161500371364089,0.172798034415682,0.29300953432324,0.654797852979971
"1984-10-01",0.000183596046442558,0.000222296748882795,1.62056423865295,-0.21761982276894,-0.670764098786988,0,-1.20687970456435,-0.59312417400104,0.41004567864635,-0.538522466603914,-1.42018542894048,0.363149364072121,-0.995405339181937,-1.33034436691669,-0.968428974142963,1.05174405183401,-0.28372636442619,0.927641699027107,-1.29778154054161,1.03025406515805,-0.462178405776329,-0.0581929095830706,-0.81715887727095,1.08528530628922,-0.215379838798688,-1.38012396437001,0.222237379233405,0.659454712374837,-0.368565008343525,1.162847603818,-0.868721880703784,-0.137555444777513,-0.332088702313594,0.125821445637319,1.64115951593539,-0.273590423399125,0.543851501744049,-0.58765539601487,-0.583693461726979,0.555650989859477,-0.290830296179214,-0.452612582656541,-0.524703256372089,-0.0117713726094742,-0.0629724299567404,0.023900093887018,-0.286456915044672,-0.192029368943532,-0.0220772657609293,0.161500371364089,0.172798034415682,0.29300953432324,0.654797852979971
"1984-11-01",0.00020925896077524,0.000205617212203259,-0.872530637519655,-0.71797877927311,-0.997600673590745,0,-1.19843775281418,-0.413208677111949,-0.559181140220535,-0.288651201145275,-1.21617705855699,-0.231127125028847,-0.952137057187962,-1.38049260512355,-0.981655585429665,0.696038729613974,-0.819625358790419,0.311923852109289,-1.2681201806821,0.800687046783129,-0.158985810151903,-0.112457229657541,-0.919853358022049,0.777642058407456,0.266475537708535,-1.31529008840452,0.222237379233405,0.659454712374837,-0.368565008343525,1.162847603818,-0.868721880703784,-0.137555444777513,-0.332088702313594,0.125821445637319,1.64115951593539,-0.273590423399125,0.543851501744049,-0.58765539601487,-0.583693461726979,0.555650989859477,-0.290830296179214,-0.452612582656541,-0.524703256372089,-0.0117713726094742,-0.0629724299567404,0.023900093887018,-0.286456915044672,-0.192029368943532,-0.0220772657609293,0.161500371364089,0.172798034415682,0.29300953432324,0.654797852979971
"1984-12-01",0.000205833837312907,0.000178640523273081,0.884439965400853,-1.31152405439279,-1.31938291851632,0,-1.92556179027208,0.269950528458262,-0.576262001554493,-0.42750850019749,-1.41357840358661,-0.163910770297425,-1.09623378179493,-1.54451174528674,-1.11872685751208,0.605374839013481,-1.17530828475545,-0.589202285035788,-1.26207069298184,0.702383441753398,-0.273461927092187,-0.102864315182647,-1.03823005596315,0.118925803360575,0.439185417592159,-1.5211428810553,0.222237379233405,0.659454712374837,-0.368565008343525,1.162847603818,-0.868721880703784,-0.137555444777513,-0.332088702313594,0.125821445637319,1.64115951593539,-0.273590423399125,0.543851501744049,-0.58765539601487,-0.583693461726979,0.555650989859477,-0.290830296179214,-0.452612582656541,-0.524703256372089,-0.0117713726094742,-0.0629724299567404,0.023900093887018,-0.286456915044672,-0.192029368943532,-0.0220772657609293,0.161500371364089,0.172798034415682,0.29300953432324,0.654797852979971
"1985-01-01",0.000212347808068738,0.000152197042429601,-0.0577725007262529,-1.6037725050546,-1.31331677263832,0,-1.87052964172411,1.1835468720527,-0.858468699987658,-0.455699423505638,-1.26514467926228,-0.360592227643813,-1.10584565709613,-1.45381387584152,-1.08213676164194,0.916601000532134,-1.1037483723369,-0.973900142622498,-1.23580565355519,0.465671639248699,-0.378117893141456,-0.186558256880301,-0.927925024270095,-0.270027617338629,0.675230316021715,-1.40819204152374,0.222237379233405,0.659454712374837,-0.368565008343525,1.162847603818,-0.868721880703784,-0.137555444777513,-0.332088702313594,0.125821445637319,1.64115951593539,-0.273590423399125,0.543851501744049,-0.58765539601487,-0.583693461726979,0.555650989859477,-0.290830296179214,-0.452612582656541,-0.524703256372089,-0.0117713726094742,-0.0629724299567404,0.023900093887018,-0.286456915044672,-0.192029368943532,-0.0220772657609293,0.161500371364089,0.172798034415682,0.29300953432324,0.654797852979971
"1985-02-01",0.000225956101974707,0.000118345340894178,-0.754083296900163,-1.48073343563883,-1.06047150214725,0,-1.33831727745513,1.88893893897217,-0.791341976473464,-0.374080220581084,-0.541758189898239,-0.485187270650574,-0.975281405528908,-1.1454018701613,-0.845362334660179,0.685877522341153,-0.776535136473182,0.0571005061936113,-1.58345969554019,0.236838042911484,-0.415998893097643,-0.266374916121295,-0.794307410568951,-0.719959210345086,0.691694614324266,-0.85590802590369,0.222237379233405,0.659454712374837,-0.368565008343525,1.162847603818,-0.868721880703784,-0.137555444777513,-0.332088702313594,0.125821445637319,1.64115951593539,-0.273590423399125,0.543851501744049,-0.58765539601487,-0.583693461726979,0.555650989859477,-0.290830296179214,-0.452612582656541,-0.524703256372089,-0.0117713726094742,-0.0629724299567404,0.023900093887018,-0.286456915044672,-0.192029368943532,-0.0220772657609293,0.161500371364089,0.172798034415682,0.29300953432324,0.654797852979971
"1985-03-01",0.000171055660618451,0.000114856662131081,1.83791221535805,-0.726935875135844,-0.556306233026381,0,-1.65208458778064,1.99183785601883,0.0456696323929427,0.88545407135034,-1.1846576269333,0.504901748173061,-0.794644755375491,-1.2949950718139,-0.663761504441441,1.01899209610451,0.016326347148405,-0.156425568085501,-1.62408761125258,0.0335707625066741,-0.373544150327099,-0.344578852120459,-0.605990331467158,-0.666181815594382,0.825866182328278,-1.26705930004278,0.222237379233405,0.659454712374837,-0.368565008343525,1.162847603818,-0.868721880703784,-0.137555444777513,-0.332088702313594,0.125821445637319,1.64115951593539,-0.273590423399125,0.543851501744049,-0.58765539601487,-0.583693461726979,0.555650989859477,-0.290830296179214,-0.452612582656541,-0.524703256372089,-0.0117713726094742,-0.0629724299567404,0.023900093887018,-0.286456915044672,-0.192029368943532,-0.0220772657609293,0.161500371364089,0.172798034415682,0.29300953432324,0.654797852979971
"1985-04-01",0.000173884915838404,0.000297468944129409,0.981051403356625,0.016764966920305,0.15533489580878,0,-1.6910400127999,1.12995079496951,2.29503365088985,2.54226789351229,-1.01071593633861,2.03258524177324,-0.954516565380326,-1.14618673292202,-0.813895667229639,1.5019948513169,1.79538449523493,0.628691471755958,-1.27255239095292,0.474986821525843,1.88502409798547,0.286795015152544,-0.853959329550703,0.800978283042126,1.8809911804072,-1.0837208180886,0.222237379233405,0.659454712374837,-0.368565008343525,1.162847603818,-0.868721880703784,-0.137555444777513,-0.332088702313594,0.125821445637319,1.64115951593539,-0.273590423399125,0.543851501744049,-0.58765539601487,-0.583693461726979,0.555650989859477,-0.290830296179214,-0.452612582656541,-0.524703256372089,-0.0117713726094742,-0.0629724299567404,0.023900093887018,-0.286456915044672,-0.192029368943532,-0.0220772657609293,0.161500371364089,0.172798034415682,0.29300953432324,0.654797852979971
"1985-05-01",0.000290761920417734,0.000674032907632908,-0.352283800796864,0.544332665901061,0.794345468938437,0,-1.23821431692837,-0.120133210981901,2.29254444514164,1.3472508329367,-1.26254681418359,2.22826840191842,-0.822485002592923,-1.14338428713228,0.17679728610979,0.237929149872763,2.51328149092724,0.979053355057294,-1.15386925665567,1.97824507245996,3.10163700209619,3.01090012620492,0.249046190060598,1.98401722808434,2.02131567289965,-1.20339212823289,0.222237379233405,0.659454712374837,-0.368565008343525,1.162847603818,-0.868721880703784,-0.137555444777513,-0.332088702313594,0.125821445637319,1.64115951593539,-0.273590423399125,0.543851501744049,-0.58765539601487,-0.583693461726979,0.555650989859477,-0.290830296179214,-0.452612582656541,-0.524703256372089,-0.0117713726094742,-0.0629724299567404,0.023900093887018,-0.286456915044672,-0.192029368943532,-0.0220772657609293,0.161500371364089,0.172798034415682,0.29300953432324,0.654797852979971
"1985-06-01",0.000339771113612974,0.00042782564010471,-1.02466479443479,1.09921740263977,1.42471529042523,0,0.577783051236408,-0.751392336542479,-0.360985963621601,-0.455997484479997,-1.07155709218169,-0.541963903454475,0.44132624098119,-0.978099564445839,1.51351946326098,-1.25160914341344,0.778977389223395,1.7983370064777,-0.954394296340128,2.51825347490559,1.2773584076567,3.13019826454933,1.45562212152031,1.44794062263458,0.72679826345829,-1.00214910986969,0.222237379233405,0.659454712374837,-0.368565008343525,1.162847603818,-0.868721880703784,-0.137555444777513,-0.332088702313594,0.125821445637319,1.64115951593539,-0.273590423399125,0.543851501744049,-0.58765539601487,-0.583693461726979,0.555650989859477,-0.290830296179214,-0.452612582656541,-0.524703256372089,-0.0117713726094742,-0.0629724299567404,0.023900093887018,-0.286456915044672,-0.192029368943532,-0.0220772657609293,0.161500371364089,0.172798034415682,0.29300953432324,0.654797852979971
"1985-07-01",0.000240666319475622,0.000252718851230479,0.922080942649829,1.44950884073527,1.25527727146196,0,0.473062902553076,-0.799919043249132,0.109709588534357,-0.591339683880267,-1.30847975840063,-0.68583846719513,0.558079143450166,-1.00921687995422,1.13068149095896,-0.934756157383482,0.924304725837843,1.92321232314882,-0.716242624862423,1.46602547630065,-0.638595820226572,1.08037941715749,1.21057885498804,0.960051727568592,-0.280098914539596,-1.13667767433623,0.222237379233405,0.659454712374837,-0.368565008343525,1.162847603818,-0.868721880703784,-0.137555444777513,-0.332088702313594,0.125821445637319,1.64115951593539,-0.273590423399125,0.543851501744049,-0.58765539601487,-0.583693461726979,0.555650989859477,-0.290830296179214,-0.452612582656541,-0.524703256372089,-0.0117713726094742,-0.0629724299567404,0.023900093887018,-0.286456915044672,-0.192029368943532,-0.0220772657609293,0.161500371364089,0.172798034415682,0.29300953432324,0.654797852979971
"1985-08-01",0.000224476427155497,0.000219300698296047,-1.49501584194375,1.29925838639757,1.18838610967621,0,1.53783460639563,-0.799919043249132,-0.749760079909013,-0.591339683880267,-1.29515953825307,-0.733567027292421,1.98896767974239,-1.02580614739455,1.37113553799697,-1.0836792206568,0.107645043262533,1.80806038629508,-0.615833265239228,0.732652371689909,-0.561217689404508,0.0907048835284165,1.38396050952792,0.414931025739312,-0.723749807263327,-1.14096104692664,0.222237379233405,0.659454712374837,-0.368565008343525,1.162847603818,-0.868721880703784,-0.137555444777513,-0.332088702313594,0.125821445637319,1.64115951593539,-0.273590423399125,0.543851501744049,-0.58765539601487,-0.583693461726979,0.555650989859477,-0.290830296179214,-0.452612582656541,-0.524703256372089,-0.0117713726094742,-0.0629724299567404,0.023900093887018,-0.286456915044672,-0.192029368943532,-0.0220772657609293,0.161500371364089,0.172798034415682,0.29300953432324,0.654797852979971
"1985-09-01",0.000197739935488773,0.000174097065222647,1.223182492346,0.53856448882334,0.200755873575641,0,0.297312895015695,-0.792259757245754,0.438489421669631,-0.590786018002483,-1.0926893608251,-0.442193500490462,-0.00187743931889532,-1.02575446262735,-0.186189217201721,-0.540535134094226,0.0235629564417716,1.55408058646381,-0.809144034107938,0.337016172075778,-0.531924858340627,-0.216799944516651,-0.106359695127031,-0.262122585462096,-0.914080123727523,-1.04292021613176,0.222237379233405,0.659454712374837,-0.368565008343525,1.162847603818,-0.868721880703784,-0.137555444777513,-0.332088702313594,0.125821445637319,1.64115951593539,-0.273590423399125,0.543851501744049,-0.58765539601487,-0.583693461726979,0.555650989859477,-0.290830296179214,-0.452612582656541,-0.524703256372089,-0.0117713726094742,-0.0629724299567404,0.023900093887018,-0.286456915044672,-0.192029368943532,-0.0220772657609293,0.161500371364089,0.172798034415682,0.29300953432324,0.654797852979971
"1985-10-01",9.88968220968221e-05,0.000198035333365566,0.929719241381339,0.0666572585973171,-0.485930132990396,0,-1.04496805039897,-0.762496051798663,0.6717063053643,-0.544486893097425,-1.31658579513103,0.727895597167749,-0.798369002719192,-1.21640876900302,-0.865749281487439,0.886735259087552,-0.106775333562244,0.631449197625193,-0.916763386751286,0.0975538215356994,-0.300391374603699,-0.208674847635447,-0.772000468793892,0.396582526320228,-0.466532009548913,-1.27636382740375,0.222237379233405,0.659454712374837,-0.368565008343525,1.162847603818,-0.868721880703784,-0.137555444777513,-0.332088702313594,0.125821445637319,1.64115951593539,-0.273590423399125,0.543851501744049,-0.58765539601487,-0.583693461726979,0.555650989859477,-0.290830296179214,-0.452612582656541,-0.524703256372089,-0.0117713726094742,-0.0629724299567404,0.023900093887018,-0.286456915044672,-0.192029368943532,-0.0220772657609293,0.161500371364089,0.172798034415682,0.29300953432324,0.654797852979971
"1985-11-01",0.000100571041780344,0.00020168454147989,2.00100386577348,-0.846876532330796,-1.03827986333033,0,-1.33467041124553,-0.347088390883403,-0.0637094556345943,-0.470190956572646,-1.10672521355393,0.178179296331373,-0.829764974353384,-1.26774794252957,-1.01813430350315,0.840868426812757,-0.836343143276884,0.0340949514254775,-0.595762379451794,-0.0924677892675753,-0.389387588275176,-0.251832434295413,-0.941396043096075,0.240434188739901,-0.0221783052847661,-1.2086868003492,0.222237379233405,0.659454712374837,-0.368565008343525,1.162847603818,-0.868721880703784,-0.137555444777513,-0.332088702313594,0.125821445637319,1.64115951593539,-0.273590423399125,0.543851501744049,-0.58765539601487,-0.583693461726979,0.555650989859477,-0.290830296179214,-0.452612582656541,-0.524703256372089,-0.0117713726094742,-0.0629724299567404,0.023900093887018,-0.286456915044672,-0.192029368943532,-0.0220772657609293,0.161500371364089,0.172798034415682,0.29300953432324,0.654797852979971
"1985-12-01",9.24971315296897e-05,0.000201541019885206,-0.481921584397963,-1.37459423225158,-1.3151539422663,0,-2.28158783692933,0.91457569152395,-0.809819895018292,-0.376369100126691,-1.28854745721159,0.0755869548159888,-1.14936070968588,-1.43158119752756,-1.22171254034823,1.12885086097074,-1.11196106570698,-0.816621002413252,-1.00778149061687,-0.194818371106465,-0.232799406618673,-0.320486499332583,-1.11667546582395,0.0206076658502282,0.572551957665262,-1.40523428601713,0.222237379233405,0.659454712374837,-0.368565008343525,1.162847603818,-0.868721880703784,-0.137555444777513,-0.332088702313594,0.125821445637319,1.64115951593539,-0.273590423399125,0.543851501744049,-0.58765539601487,-0.583693461726979,0.555650989859477,-0.290830296179214,-0.452612582656541,-0.524703256372089,-0.0117713726094742,-0.0629724299567404,0.023900093887018,-0.286456915044672,-0.192029368943532,-0.0220772657609293,0.161500371364089,0.172798034415682,0.29300953432324,0.654797852979971
"1986-01-01",0.000137016276997672,0.000144471045233836,-1.44781264618277,-1.17567785074387,-1.20795957488412,0,-1.71935754826896,1.21114315426497,-0.871054882621006,-0.491555013918961,-1.2197314597316,-0.664119894493128,-0.96703114900717,-1.41603513954248,-1.10929808568651,0.388428996330964,-1.0717300912995,-1.23529786562276,-0.441425613276272,-0.315438052082534,-0.384353034407135,-0.389082492248128,-0.956824599032451,-0.819811775384891,0.605688088993836,-1.37199523675334,0.222237379233405,0.659454712374837,-0.368565008343525,1.162847603818,-0.868721880703784,-0.137555444777513,-0.332088702313594,0.125821445637319,1.64115951593539,-0.273590423399125,0.543851501744049,-0.58765539601487,-0.583693461726979,0.555650989859477,-0.290830296179214,-0.452612582656541,-0.524703256372089,-0.0117713726094742,-0.0629724299567404,0.023900093887018,-0.286456915044672,-0.192029368943532,-0.0220772657609293,0.161500371364089,0.172798034415682,0.29300953432324,0.654797852979971
"1986-02-01",0.000175110071072862,0.000112819610307982,1.23500974588185,-0.82978882779378,-0.919001309229744,0,-1.37899527276941,1.43735478738688,0.59446585135426,1.34057274665342,-0.530756002520123,0.298582014364893,-0.866888401992046,-1.11579138418404,-0.954720084249635,0.815128316497735,-0.649387167710939,-0.276681802840573,-0.355920477145942,-0.425793558026445,-0.158726269742596,-0.45340633199885,-0.961525967751272,-0.935941084097399,0.809897825544632,-0.843254242911283,0.222237379233405,0.659454712374837,-0.368565008343525,1.162847603818,-0.868721880703784,-0.137555444777513,-0.332088702313594,0.125821445637319,1.64115951593539,-0.273590423399125,0.543851501744049,-0.58765539601487,-0.583693461726979,0.555650989859477,-0.290830296179214,-0.452612582656541,-0.524703256372089,-0.0117713726094742,-0.0629724299567404,0.023900093887018,-0.286456915044672,-0.192029368943532,-0.0220772657609293,0.161500371364089,0.172798034415682,0.29300953432324,0.654797852979971
"1986-03-01",0.00020959493856238,0.000172206817192864,0.442049636968459,-0.322491057190547,-0.335987254147122,0,-1.10905550757793,1.16547409996258,0.504324536666004,1.52585433273309,-1.19929738154721,1.10211812676112,-1.02093321402348,-1.27901702174482,-0.73734583904152,1.05113942481135,0.263278161304928,-0.498721429964096,-0.314346573305138,0.466231221772723,1.80303594608917,0.232158346155619,-0.847037044353265,0.132463978335818,1.98286886832338,-1.27467880462952,0.222237379233405,0.659454712374837,-0.368565008343525,1.162847603818,-0.868721880703784,-0.137555444777513,-0.332088702313594,0.125821445637319,1.64115951593539,-0.273590423399125,0.543851501744049,-0.58765539601487,-0.583693461726979,0.555650989859477,-0.290830296179214,-0.452612582656541,-0.524703256372089,-0.0117713726094742,-0.0629724299567404,0.023900093887018,-0.286456915044672,-0.192029368943532,-0.0220772657609293,0.161500371364089,0.172798034415682,0.29300953432324,0.654797852979971
"1986-04-01",0.000246097463064905,0.000334876460309018,1.19739037942929,-0.109127010179254,0.0492898161447075,0,-0.786568028230294,0.792875200786277,0.570588982562067,2.52094436684037,-0.990653703977977,0.854267206585755,-0.97829480867899,-1.111537033571,-0.888369809244895,0.758467954993536,1.14902074994472,0.292261440925522,-0.527217054800428,1.91597367762207,2.4216048701521,1.58762341316864,-0.893950319416166,1.02107781591344,2.34167986151454,-1.0639267380967,0.222237379233405,0.659454712374837,-0.368565008343525,1.162847603818,-0.868721880703784,-0.137555444777513,-0.332088702313594,0.125821445637319,1.64115951593539,-0.273590423399125,0.543851501744049,-0.58765539601487,-0.583693461726979,0.555650989859477,-0.290830296179214,-0.452612582656541,-0.524703256372089,-0.0117713726094742,-0.0629724299567404,0.023900093887018,-0.286456915044672,-0.192029368943532,-0.0220772657609293,0.161500371364089,0.172798034415682,0.29300953432324,0.654797852979971
"1986-05-01",0.000378797350481071,0.00057365193499147,-0.0442979828639617,0.416493184093073,0.795323067965904,0,-0.305385947817032,-0.0269311058709519,2.34113296109105,1.5391936732539,-1.21013576464675,1.95583649502374,-0.320867107161583,-1.09547258508512,0.0526451014978354,0.0374529268365091,1.98753545507156,0.653996765138978,-1.07796996913654,2.5298096382817,2.24930122484701,2.48733734287513,0.0250342494689095,1.8191138504071,2.09093434065308,-1.15999720450629,0.222237379233405,0.659454712374837,-0.368565008343525,1.162847603818,-0.868721880703784,-0.137555444777513,-0.332088702313594,0.125821445637319,1.64115951593539,-0.273590423399125,0.543851501744049,-0.58765539601487,-0.583693461726979,0.555650989859477,-0.290830296179214,-0.452612582656541,-0.524703256372089,-0.0117713726094742,-0.0629724299567404,0.023900093887018,-0.286456915044672,-0.192029368943532,-0.0220772657609293,0.161500371364089,0.172798034415682,0.29300953432324,0.654797852979971
"1986-06-01",0.000296088630414212,0.000449280775792404,-0.646164624512179,1.16215089298529,1.33389881647209,0,-0.234224581232527,-0.774655238713354,-0.307202543785931,-0.523477537116766,-1.01803530807681,-0.343684260717989,-0.0267781027153962,-0.931470390325698,1.33059248637809,-1.14725198174015,1.10548132700631,1.4495375077575,-0.8994248107899,3.08891940012616,1.31954608168755,3.1494076998236,1.33059992002029,1.54333699617816,0.919516780213665,-0.959398023885713,0.222237379233405,0.659454712374837,-0.368565008343525,1.162847603818,-0.868721880703784,-0.137555444777513,-0.332088702313594,0.125821445637319,1.64115951593539,-0.273590423399125,0.543851501744049,-0.58765539601487,-0.583693461726979,0.555650989859477,-0.290830296179214,-0.452612582656541,-0.524703256372089,-0.0117713726094742,-0.0629724299567404,0.023900093887018,-0.286456915044672,-0.192029368943532,-0.0220772657609293,0.161500371364089,0.172798034415682,0.29300953432324,0.654797852979971
"1986-07-01",0.000182802947900622,0.000259826899938528,0.929636151595138,1.29066459191203,1.2422605313538,0,-0.292443717076179,-0.799919043249132,0.0435542832725899,-0.591339683880267,-1.21850141093595,-0.536468280192973,0.112660883275592,-0.943871648794456,1.13519695238245,-0.782218128313276,1.40830950474307,1.62394951004652,-0.887403010733377,1.96710136094818,-0.664226573838089,1.05208380054432,1.01774678852062,1.18340063638464,-0.152945860689185,-1.06454731711966,0.222237379233405,0.659454712374837,-0.368565008343525,1.162847603818,-0.868721880703784,-0.137555444777513,-0.332088702313594,0.125821445637319,1.64115951593539,-0.273590423399125,0.543851501744049,-0.58765539601487,-0.583693461726979,0.555650989859477,-0.290830296179214,-0.452612582656541,-0.524703256372089,-0.0117713726094742,-0.0629724299567404,0.023900093887018,-0.286456915044672,-0.192029368943532,-0.0220772657609293,0.161500371364089,0.172798034415682,0.29300953432324,0.654797852979971
"1986-08-01",0.000213574455211665,0.000222481148769521,0.295246938047933,1.34712251693865,0.940698303043494,0,0.283332416775362,-0.799919043249132,-0.192877158441641,-0.591339683880267,-1.21734745023884,-0.727440051194962,0.743130028207692,-0.965757962026777,0.801188643340829,-0.953222919954196,0.483677592051845,1.48592652835547,-0.835639388972957,1.20371614230467,-0.568041868864694,0.155209108838598,0.799530050029543,0.529642019739042,-0.653929513248303,-1.07830634407548,0.222237379233405,0.659454712374837,-0.368565008343525,1.162847603818,-0.868721880703784,-0.137555444777513,-0.332088702313594,0.125821445637319,1.64115951593539,-0.273590423399125,0.543851501744049,-0.58765539601487,-0.583693461726979,0.555650989859477,-0.290830296179214,-0.452612582656541,-0.524703256372089,-0.0117713726094742,-0.0629724299567404,0.023900093887018,-0.286456915044672,-0.192029368943532,-0.0220772657609293,0.161500371364089,0.172798034415682,0.29300953432324,0.654797852979971
"1986-09-01",0.000229142818463749,0.000193643453215546,1.39895800355502,0.558181215955938,0.181017511165177,0,-0.408352217713549,-0.792132583204951,0.51148614146085,-0.586916237863306,-1.01279761571226,-0.239796645717288,-0.221837896229494,-0.966430635414732,-0.0790592426362138,-0.22402536415952,0.163365248868101,1.23662462449907,-0.825704349688543,0.751380381516846,-0.544069559281972,-0.144871924534295,-0.00335724749230896,0.129546448809581,-0.810104193286838,-0.979451588029382,0.222237379233405,0.659454712374837,-0.368565008343525,1.162847603818,-0.868721880703784,-0.137555444777513,-0.332088702313594,0.125821445637319,1.64115951593539,-0.273590423399125,0.543851501744049,-0.58765539601487,-0.583693461726979,0.555650989859477,-0.290830296179214,-0.452612582656541,-0.524703256372089,-0.0117713726094742,-0.0629724299567404,0.023900093887018,-0.286456915044672,-0.192029368943532,-0.0220772657609293,0.161500371364089,0.172798034415682,0.29300953432324,0.654797852979971
"1986-10-01",0.000158490807495459,0.000218694088312693,1.17643517260931,-0.0138014915010647,-0.588641754953562,0,-1.82683649990359,-0.759615873468035,0.883677304171133,-0.549506259301496,-1.21606507507642,0.842796522018282,-1.16396065860885,-1.15133070437616,-1.21914260524403,1.63700929941079,-0.0137420320991123,0.374310865005306,-1.24090384164748,0.461377677338135,-0.302770188794361,-0.196628579689534,-1.14587733437368,0.872542556678257,-0.176443813578898,-1.19794478016349,0.222237379233405,0.659454712374837,-0.368565008343525,1.162847603818,-0.868721880703784,-0.137555444777513,-0.332088702313594,0.125821445637319,1.64115951593539,-0.273590423399125,0.543851501744049,-0.58765539601487,-0.583693461726979,0.555650989859477,-0.290830296179214,-0.452612582656541,-0.524703256372089,-0.0117713726094742,-0.0629724299567404,0.023900093887018,-0.286456915044672,-0.192029368943532,-0.0220772657609293,0.161500371364089,0.172798034415682,0.29300953432324,0.654797852979971
"1986-11-01",0.000178024961838915,0.000255515881227509,0.602022067001894,-0.672898072472122,-1.05740964669623,0,-2.12758499131642,-0.553647105614777,-0.0272318391202198,-0.430025994594929,-1.00365491023731,0.919262545783301,-1.15307865621293,-1.20463441333236,-1.19000698427443,1.98766737987851,-0.656353324290183,-0.197214751602793,-1.20809032295814,0.375208817062501,-0.028051502861523,0.0329480246485855,-1.04758648549378,1.17891547240056,0.71170879037903,-1.12933298646506,0.222237379233405,0.659454712374837,-0.368565008343525,1.162847603818,-0.868721880703784,-0.137555444777513,-0.332088702313594,0.125821445637319,1.64115951593539,-0.273590423399125,0.543851501744049,-0.58765539601487,-0.583693461726979,0.555650989859477,-0.290830296179214,-0.452612582656541,-0.524703256372089,-0.0117713726094742,-0.0629724299567404,0.023900093887018,-0.286456915044672,-0.192029368943532,-0.0220772657609293,0.161500371364089,0.172798034415682,0.29300953432324,0.654797852979971
"1986-12-01",0.000211393881793882,0.000229505650603325,-0.995554753589083,-1.21590158108003,-1.30742617995607,0,-2.18382546064115,-0.319604131581178,-0.746636868889386,-0.57340240364862,-1.20868579344004,0.146606207039613,-1.15452817206808,-1.38201344868359,-1.288514919181,1.60618657460607,-1.06330843184202,-1.03393241486714,-1.22295663973792,0.290443331435057,-0.10553469698109,0.0785654015876181,-1.12542486985904,0.731359623397597,1.14865505598644,-1.34432086865312,0.222237379233405,0.659454712374837,-0.368565008343525,1.162847603818,-0.868721880703784,-0.137555444777513,-0.332088702313594,0.125821445637319,1.64115951593539,-0.273590423399125,0.543851501744049,-0.58765539601487,-0.583693461726979,0.555650989859477,-0.290830296179214,-0.452612582656541,-0.524703256372089,-0.0117713726094742,-0.0629724299567404,0.023900093887018,-0.286456915044672,-0.192029368943532,-0.0220772657609293,0.161500371364089,0.172798034415682,0.29300953432324,0.654797852979971
"1987-01-01",0.000221969125783079,0.000187214222860735,-0.24485914003684,-1.49935446687639,-1.25963756482624,0,-1.8321004828928,0.215191825289465,-0.780692590976128,-0.512184213130206,-1.08564097394283,-0.412316729580512,-1.10358779156798,-1.34441560906973,-1.16493824627048,1.064179899785,-1.01500982975586,-1.35935196376884,-0.749511099770868,0.0737570279322252,-0.382824790657159,-0.193002797549085,-1.01945797346953,-0.0833547580233834,1.20969906843909,-1.26983839220003,0.222237379233405,0.659454712374837,-0.368565008343525,1.162847603818,-0.868721880703784,-0.137555444777513,-0.332088702313594,0.125821445637319,1.64115951593539,-0.273590423399125,0.543851501744049,-0.58765539601487,-0.583693461726979,0.555650989859477,-0.290830296179214,-0.452612582656541,-0.524703256372089,-0.0117713726094742,-0.0629724299567404,0.023900093887018,-0.286456915044672,-0.192029368943532,-0.0220772657609293,0.161500371364089,0.172798034415682,0.29300953432324,0.654797852979971
"1987-02-01",0.000172816709374849,0.00015199384449617,0.685490228440366,-1.00493034141788,-1.03790903186065,0,-1.43420324353352,0.506005175088294,-0.553119962284897,-0.387469421857286,-0.397359915424657,0.126016398043119,-1.00528981706042,-1.04042265098457,-0.939114027352156,1.28828255212355,-0.689962997888793,-0.433068929824343,-0.570195852550459,-0.123051658345913,-0.38195837251193,-0.350241538927637,-0.887270752103245,-0.522184093686696,1.31749156983002,-0.740331159978917,0.222237379233405,0.659454712374837,-0.368565008343525,1.162847603818,-0.868721880703784,-0.137555444777513,-0.332088702313594,0.125821445637319,1.64115951593539,-0.273590423399125,0.543851501744049,-0.58765539601487,-0.583693461726979,0.555650989859477,-0.290830296179214,-0.452612582656541,-0.524703256372089,-0.0117713726094742,-0.0629724299567404,0.023900093887018,-0.286456915044672,-0.192029368943532,-0.0220772657609293,0.161500371364089,0.172798034415682,0.29300953432324,0.654797852979971
"1987-03-01",0.0001152365020272,0.000159137102244079,0.900773815188296,-0.816142587852323,-0.612708524110142,0,-1.69570250476636,0.963826243098097,-0.0869812457053471,-0.248175648908814,-1.08277692691144,1.02098834525627,-0.920193064849904,-1.21153540973294,-0.812504739398886,1.566801636502,0.0318409874139912,-0.658231474556421,-0.621961138877123,-0.200535766920324,-0.0787964088996,-0.323316934258887,-0.769258256871232,-0.389666162925339,1.75567048829678,-1.18449032549196,0.222237379233405,0.659454712374837,-0.368565008343525,1.162847603818,-0.868721880703784,-0.137555444777513,-0.332088702313594,0.125821445637319,1.64115951593539,-0.273590423399125,0.543851501744049,-0.58765539601487,-0.583693461726979,0.555650989859477,-0.290830296179214,-0.452612582656541,-0.524703256372089,-0.0117713726094742,-0.0629724299567404,0.023900093887018,-0.286456915044672,-0.192029368943532,-0.0220772657609293,0.161500371364089,0.172798034415682,0.29300953432324,0.654797852979971
"1987-04-01",0.000113430696016743,0.00018057284312168,-1.07938124438805,0.0360876067526364,0.294390014563066,0,-0.779460638645659,0.67295876635898,1.72140808035577,1.41225485597323,-0.870643308184628,1.12616051447996,-0.744797669072399,-1.03964789375295,-0.345178681641985,0.766123090655255,1.53512728460784,0.111566136685621,-0.154661101817726,0.0120225274520652,0.319837708906719,-0.136594287978776,-0.46974979192352,0.223159900024081,2.04606104980341,-0.970223463613454,0.222237379233405,0.659454712374837,-0.368565008343525,1.162847603818,-0.868721880703784,-0.137555444777513,-0.332088702313594,0.125821445637319,1.64115951593539,-0.273590423399125,0.543851501744049,-0.58765539601487,-0.583693461726979,0.555650989859477,-0.290830296179214,-0.452612582656541,-0.524703256372089,-0.0117713726094742,-0.0629724299567404,0.023900093887018,-0.286456915044672,-0.192029368943532,-0.0220772657609293,0.161500371364089,0.172798034415682,0.29300953432324,0.654797852979971
"1987-05-01",0.000104704821765287,0.000423585636236799,0.556799426212002,0.505431485082484,0.596256814182483,0,-0.986007403994425,-0.555186741283315,1.40545412723627,0.0997484997475004,-1.08966504849646,1.17718771766357,-0.761342520183596,-1.02140008527582,-0.158994123297669,-0.311739881401377,1.80435542539741,0.467488126844163,-1.10628121444865,0.579050393057304,1.35725439914293,0.79313439314684,-0.150684871787474,1.601296458117,1.83306321476648,-1.0650920129455,0.222237379233405,0.659454712374837,-0.368565008343525,1.162847603818,-0.868721880703784,-0.137555444777513,-0.332088702313594,0.125821445637319,1.64115951593539,-0.273590423399125,0.543851501744049,-0.58765539601487,-0.583693461726979,0.555650989859477,-0.290830296179214,-0.452612582656541,-0.524703256372089,-0.0117713726094742,-0.0629724299567404,0.023900093887018,-0.286456915044672,-0.192029368943532,-0.0220772657609293,0.161500371364089,0.172798034415682,0.29300953432324,0.654797852979971
"1987-06-01",0.000140211944937526,0.000238598534338069,-1.09754038675236,1.09989859131646,1.39455785993636,0,0.125763835570594,-0.79913399581475,-0.592305674796073,-0.58986573295724,-0.884683205463552,-0.67517893205219,0.175568592090708,-0.844519126511924,1.15717205855538,-1.16227451823859,0.987611813668748,1.23485584613744,-1.08089149474718,0.835461135192765,-0.114761259346591,0.702351032757457,1.11128733403041,1.06818262384758,0.652226088977701,-0.852035124237382,0.222237379233405,0.659454712374837,-0.368565008343525,1.162847603818,-0.868721880703784,-0.137555444777513,-0.332088702313594,0.125821445637319,1.64115951593539,-0.273590423399125,0.543851501744049,-0.58765539601487,-0.583693461726979,0.555650989859477,-0.290830296179214,-0.452612582656541,-0.524703256372089,-0.0117713726094742,-0.0629724299567404,0.023900093887018,-0.286456915044672,-0.192029368943532,-0.0220772657609293,0.161500371364089,0.172798034415682,0.29300953432324,0.654797852979971
"1987-07-01",0.000149823714437668,0.000207464194887451,0.339924837728289,1.29152996465152,1.38112910722592,0,0.431172140535558,-0.799919043249132,-0.164143008081069,-0.591339683880267,-1.10275649877964,-0.809176232498881,0.888142571731345,-0.86399888384292,0.938943279551167,-1.3027942256223,0.348546495961581,1.38124893971833,-1.00800749331543,0.291255399891457,-0.567225085668309,-0.0746286721551833,0.974657860099179,0.144463937071652,-0.279226677854822,-0.970480349025596,0.222237379233405,0.659454712374837,-0.368565008343525,1.162847603818,-0.868721880703784,-0.137555444777513,-0.332088702313594,0.125821445637319,1.64115951593539,-0.273590423399125,0.543851501744049,-0.58765539601487,-0.583693461726979,0.555650989859477,-0.290830296179214,-0.452612582656541,-0.524703256372089,-0.0117713726094742,-0.0629724299567404,0.023900093887018,-0.286456915044672,-0.192029368943532,-0.0220772657609293,0.161500371364089,0.172798034415682,0.29300953432324,0.654797852979971
"1987-08-01",0.000176098012860804,0.000169949858061486,0.775748651151181,1.17890320936351,0.879166002189778,0,0.881534298472989,-0.799919043249132,0.0400656842532255,-0.591339683880267,-1.1020494608673,-0.641385373928458,0.147406538521705,-0.888659203386118,0.294650211825317,-0.444648509090846,1.25194903141453,1.26169520622142,-0.831201140866394,-0.0465363587730253,-0.542083730441049,-0.351916404832724,0.387431302655862,-0.26949719794573,-0.717295920497965,-0.985431547785365,0.222237379233405,0.659454712374837,-0.368565008343525,1.162847603818,-0.868721880703784,-0.137555444777513,-0.332088702313594,0.125821445637319,1.64115951593539,-0.273590423399125,0.543851501744049,-0.58765539601487,-0.583693461726979,0.555650989859477,-0.290830296179214,-0.452612582656541,-0.524703256372089,-0.0117713726094742,-0.0629724299567404,0.023900093887018,-0.286456915044672,-0.192029368943532,-0.0220772657609293,0.161500371364089,0.172798034415682,0.29300953432324,0.654797852979971
"1987-09-01",0.000138172804442572,0.000140210154647364,-1.43455410587461,0.75291144679197,0.360536896817469,0,1.13493576006678,-0.799919043249132,-0.733603393300953,-0.591339683880267,-0.896001120532948,-0.794279816177548,0.177087621944751,-0.889328791116329,0.475787416031592,-0.978885703820061,-0.272985920269931,1.00915362795821,-0.697122206399834,-0.272941150457407,-0.511814671671721,-0.463023585214023,0.529597836023718,-0.808913662648424,-0.914789582287551,-0.88588162888901,0.222237379233405,0.659454712374837,-0.368565008343525,1.162847603818,-0.868721880703784,-0.137555444777513,-0.332088702313594,0.125821445637319,1.64115951593539,-0.273590423399125,0.543851501744049,-0.58765539601487,-0.583693461726979,0.555650989859477,-0.290830296179214,-0.452612582656541,-0.524703256372089,-0.0117713726094742,-0.0629724299567404,0.023900093887018,-0.286456915044672,-0.192029368943532,-0.0220772657609293,0.161500371364089,0.172798034415682,0.29300953432324,0.654797852979971
"1987-10-01",7.12350487978395e-05,9.67484739019623e-05,0.18872080203869,0.246876978708339,-0.386358461685723,0,0.709237273729763,-0.79751853918709,-0.248307469533001,-0.591019155691889,-1.14015038662243,-0.790402762477124,-0.260788301010677,-1.09767127050983,-0.542767015802672,-0.671863139697081,-0.841456796420704,0.139035025028844,-0.569152320840201,-0.441308463999288,-0.504599681622462,-0.521529395584343,-0.39929799288431,-1.35388170175328,-0.964462759855551,-1.13742078393261,0.222237379233405,0.659454712374837,-0.368565008343525,1.162847603818,-0.868721880703784,-0.137555444777513,-0.332088702313594,0.125821445637319,1.64115951593539,-0.273590423399125,0.543851501744049,-0.58765539601487,-0.583693461726979,0.555650989859477,-0.290830296179214,-0.452612582656541,-0.524703256372089,-0.0117713726094742,-0.0629724299567404,0.023900093887018,-0.286456915044672,-0.192029368943532,-0.0220772657609293,0.161500371364089,0.172798034415682,0.29300953432324,0.654797852979971
"1987-11-01",0.000101880639034127,0.000104078220208453,0.746471611013209,-0.72749718899833,-1.09845749412136,0,-0.434297727738016,-0.647460459055275,-0.194596232857904,-0.59071454944835,-0.889846326435843,-0.0420007560652961,-1.12156605796596,-1.13566129722281,-1.21909185584741,1.60996286567809,-0.811812227152579,-0.389169952946809,-0.993012323976006,-0.590607356853093,-0.484576465055315,-0.574945190832446,-1.10779397347743,-1.02345805527292,-0.69437662759345,-1.04055965099146,0.222237379233405,0.659454712374837,-0.368565008343525,1.162847603818,-0.868721880703784,-0.137555444777513,-0.332088702313594,0.125821445637319,1.64115951593539,-0.273590423399125,0.543851501744049,-0.58765539601487,-0.583693461726979,0.555650989859477,-0.290830296179214,-0.452612582656541,-0.524703256372089,-0.0117713726094742,-0.0629724299567404,0.023900093887018,-0.286456915044672,-0.192029368943532,-0.0220772657609293,0.161500371364089,0.172798034415682,0.29300953432324,0.654797852979971
"1987-12-01",0.000109330036399804,0.00010460665418805,0.251108563077977,-1.39231761918311,-1.31254709203691,0,-1.35433009305282,-0.138677277225335,-0.697519996183169,-0.526936603891647,-1.10560335647315,-0.325718542758934,-1.13257519744755,-1.31984420789715,-1.2116337061966,1.58977435568093,-1.11153517362126,-1.21482866714135,-1.04177896987772,-0.691114718483061,-0.449716387335501,-0.606444246243117,-1.13150525330534,-1.23871829121254,-0.382368481189849,-1.2642344700681,0.222237379233405,0.659454712374837,-0.368565008343525,1.162847603818,-0.868721880703784,-0.137555444777513,-0.332088702313594,0.125821445637319,1.64115951593539,-0.273590423399125,0.543851501744049,-0.58765539601487,-0.583693461726979,0.555650989859477,-0.290830296179214,-0.452612582656541,-0.524703256372089,-0.0117713726094742,-0.0629724299567404,0.023900093887018,-0.286456915044672,-0.192029368943532,-0.0220772657609293,0.161500371364089,0.172798034415682,0.29300953432324,0.654797852979971
"1988-01-01",0.000112974172025335,8.58745498373405e-05,0.508091858200851,-1.74866626165487,-1.31872154067066,0,-1.51673689192076,1.31367531716596,-0.861048294543832,-0.481565919325203,-0.959538727363125,-0.450570789486313,-1.09259815591581,-1.27513490431084,-1.11050756649875,1.24121807391104,-1.13135111389943,-1.47923903138987,-0.944995338180535,-0.772442648679464,-0.436566627459742,-0.627546750989833,-0.996317514544613,-1.59599586808283,-0.170469620062275,-1.17287084087116,0.222237379233405,0.659454712374837,-0.368565008343525,1.162847603818,-0.868721880703784,-0.137555444777513,-0.332088702313594,0.125821445637319,1.64115951593539,-0.273590423399125,0.543851501744049,-0.58765539601487,-0.583693461726979,0.555650989859477,-0.290830296179214,-0.452612582656541,-0.524703256372089,-0.0117713726094742,-0.0629724299567404,0.023900093887018,-0.286456915044672,-0.192029368943532,-0.0220772657609293,0.161500371364089,0.172798034415682,0.29300953432324,0.654797852979971
"1988-02-01",0.000114967660121148,7.12586209516442e-05,-0.869953643197615,-1.21552703975233,-1.02218387749813,0,-1.17598087745025,2.00347316254564,-0.662234144012625,-0.218461525783835,-0.39561014194264,-0.164967076475625,-1.08590146756413,-1.00636933213381,-0.826235359116277,0.942791816190885,-0.763962751984711,-0.71828552978581,-1.55015795957172,-0.840539887440589,-0.441023525871249,-0.644611672815127,-0.679091155948505,-1.81057279903984,-0.0406673596172121,-0.72903002096243,0.222237379233405,0.659454712374837,-0.368565008343525,1.162847603818,-0.868721880703784,-0.137555444777513,-0.332088702313594,0.125821445637319,1.64115951593539,-0.273590423399125,0.543851501744049,-0.58765539601487,-0.583693461726979,0.555650989859477,-0.290830296179214,-0.452612582656541,-0.524703256372089,-0.0117713726094742,-0.0629724299567404,0.023900093887018,-0.286456915044672,-0.192029368943532,-0.0220772657609293,0.161500371364089,0.172798034415682,0.29300953432324,0.654797852979971
"1988-03-01",9.49501274338484e-05,9.59052472354798e-05,-0.232864924468715,-0.789433358626043,-0.499242306463294,0,0.0101082158534385,1.62919309237073,-0.320374352987389,0.864585121384148,-0.844843123170384,0.632443202039622,-0.879017105019023,-1.09342293692939,-0.761876340656354,1.09150044938179,-0.0117814433917815,-0.71950134707958,-1.04240000441062,-0.896247222420674,-0.434842676387719,-0.634064152945342,-0.685476242569643,-1.55156098633648,0.220992567448801,-1.00396497918415,0.222237379233405,0.659454712374837,-0.368565008343525,1.162847603818,-0.868721880703784,-0.137555444777513,-0.332088702313594,0.125821445637319,1.64115951593539,-0.273590423399125,0.543851501744049,-0.58765539601487,-0.583693461726979,0.555650989859477,-0.290830296179214,-0.452612582656541,-0.524703256372089,-0.0117713726094742,-0.0629724299567404,0.023900093887018,-0.286456915044672,-0.192029368943532,-0.0220772657609293,0.161500371364089,0.172798034415682,0.29300953432324,0.654797852979971
"1988-04-01",7.98958758400619e-05,0.000122738712952666,0.260718101782124,-0.0701986177958438,0.134183613972124,0,-0.350716602180306,0.682981663693111,1.62239107248015,2.15285840363918,-0.663110870752192,1.02593455262963,-0.687711764498954,-0.927083870706005,-0.695706935067108,1.07672433381352,1.31824421821323,-0.00461776907060782,-1.04089493387839,-0.785609561403852,0.267223134702076,-0.581761348007889,-0.689500867971698,-0.677641548864507,0.877208500376877,-0.809438143513292,0.222237379233405,0.659454712374837,-0.368565008343525,1.162847603818,-0.868721880703784,-0.137555444777513,-0.332088702313594,0.125821445637319,1.64115951593539,-0.273590423399125,0.543851501744049,-0.58765539601487,-0.583693461726979,0.555650989859477,-0.290830296179214,-0.452612582656541,-0.524703256372089,-0.0117713726094742,-0.0629724299567404,0.023900093887018,-0.286456915044672,-0.192029368943532,-0.0220772657609293,0.161500371364089,0.172798034415682,0.29300953432324,0.654797852979971
"1988-05-01",7.63725848004918e-05,0.000301988531644346,-0.320632442073195,0.447610395591106,0.842692682180062,0,0.0758270927858005,-0.388909872818995,1.84307676538697,0.484280731585568,-0.896662404472409,1.64969748700638,-0.44656721027968,-0.908301214886762,0.2179651448605,0.0603196192057209,2.02862702114452,0.346734150887575,-1.64606867759857,0.00528809647600702,1.3385483680389,0.395256413897499,0.279744354532313,1.1078169872229,1.14160552240798,-0.911614348676821,0.222237379233405,0.659454712374837,-0.368565008343525,1.162847603818,-0.868721880703784,-0.137555444777513,-0.332088702313594,0.125821445637319,1.64115951593539,-0.273590423399125,0.543851501744049,-0.58765539601487,-0.583693461726979,0.555650989859477,-0.290830296179214,-0.452612582656541,-0.524703256372089,-0.0117713726094742,-0.0629724299567404,0.023900093887018,-0.286456915044672,-0.192029368943532,-0.0220772657609293,0.161500371364089,0.172798034415682,0.29300953432324,0.654797852979971
"1988-06-01",7.4786686098314e-05,0.000238965543821358,-0.617828771817904,1.22878571837052,1.39624495794917,0,0.153507502672772,-0.799918996920788,-0.518680002364369,-0.591339683880267,-0.725190417275482,-0.737009804430635,0.310054671490837,-0.745776021633618,1.31243802502701,-1.36322228637083,0.635212185127227,1.0670936445177,-0.519713795473069,0.263800200225569,-0.287984986947194,0.712457032666879,1.3950829672095,0.931488197530366,0.2077901093819,-0.724157903909492,0.222237379233405,0.659454712374837,-0.368565008343525,1.162847603818,-0.868721880703784,-0.137555444777513,-0.332088702313594,0.125821445637319,1.64115951593539,-0.273590423399125,0.543851501744049,-0.58765539601487,-0.583693461726979,0.555650989859477,-0.290830296179214,-0.452612582656541,-0.524703256372089,-0.0117713726094742,-0.0629724299567404,0.023900093887018,-0.286456915044672,-0.192029368943532,-0.0220772657609293,0.161500371364089,0.172798034415682,0.29300953432324,0.654797852979971
"1988-07-01",9.78474136799718e-05,0.000197425739565274,-1.13165725789659,1.49088357528608,1.50959733371627,0,1.71557406046635,-0.799919043249132,-0.618039656642866,-0.591339683880267,-0.957313972030094,-0.777302925761724,2.24407038798759,-0.771712517791654,1.4648875792425,-1.54375897960792,-0.0817417822295627,1.21912635285013,0.00654911234842233,-0.276128340758374,-0.568738198775016,-0.202672672022175,1.75688887705279,0.0755584463587548,-0.494151410021784,-0.852954038569534,0.222237379233405,0.659454712374837,-0.368565008343525,1.162847603818,-0.868721880703784,-0.137555444777513,-0.332088702313594,0.125821445637319,1.64115951593539,-0.273590423399125,0.543851501744049,-0.58765539601487,-0.583693461726979,0.555650989859477,-0.290830296179214,-0.452612582656541,-0.524703256372089,-0.0117713726094742,-0.0629724299567404,0.023900093887018,-0.286456915044672,-0.192029368943532,-0.0220772657609293,0.161500371364089,0.172798034415682,0.29300953432324,0.654797852979971
"1988-08-01",0.000105942210649187,0.000141608968027573,0.317708752717707,1.3103455248443,0.967258322081285,0,1.42918195429915,-0.799919043249132,-0.243659524839471,-0.591339683880267,-0.967304516317336,-0.740260298699295,1.36071120120466,-0.801950420843308,0.625281136571665,-1.17909841367319,0.294295280861082,1.08615756819548,-0.380449525305175,-0.539923230491746,-0.522424349300775,-0.479172198539575,0.883946981151238,-0.728905023131215,-0.865752302929196,-0.876542408354022,0.222237379233405,0.659454712374837,-0.368565008343525,1.162847603818,-0.868721880703784,-0.137555444777513,-0.332088702313594,0.125821445637319,1.64115951593539,-0.273590423399125,0.543851501744049,-0.58765539601487,-0.583693461726979,0.555650989859477,-0.290830296179214,-0.452612582656541,-0.524703256372089,-0.0117713726094742,-0.0629724299567404,0.023900093887018,-0.286456915044672,-0.192029368943532,-0.0220772657609293,0.161500371364089,0.172798034415682,0.29300953432324,0.654797852979971
"1988-09-01",9.77038920852874e-05,0.00011626114476347,-0.191119125481426,0.671764311570001,0.399184685291945,0,0.69350967306308,-0.799099107287861,-0.187437254289305,-0.59108293757464,-0.74532722102837,-0.531641273359683,0.308799018506394,-0.797971465183825,-0.0923445105057395,-0.575872315932426,0.136826684748288,0.858876083621939,-0.468115813186264,-0.698354828257971,-0.496092404070981,-0.565586219822051,0.126983733512923,-0.950807536207802,-1.00259966560631,-0.765852732172024,0.222237379233405,0.659454712374837,-0.368565008343525,1.162847603818,-0.868721880703784,-0.137555444777513,-0.332088702313594,0.125821445637319,1.64115951593539,-0.273590423399125,0.543851501744049,-0.58765539601487,-0.583693461726979,0.555650989859477,-0.290830296179214,-0.452612582656541,-0.524703256372089,-0.0117713726094742,-0.0629724299567404,0.023900093887018,-0.286456915044672,-0.192029368943532,-0.0220772657609293,0.161500371364089,0.172798034415682,0.29300953432324,0.654797852979971
"1988-10-01",7.02509859719162e-05,9.77316415828044e-05,-1.6332100105239,0.393265639729398,-0.248080148714144,0,0.882398147417998,-0.799919043249132,-0.771078842575234,-0.591339683880267,-0.973600869667536,-0.771200053360698,0.296652656791533,-1.00176527364324,-0.0207645579812347,-1.09144623288326,-0.88022992788355,0.0157716492291608,-0.315249222181544,-0.813173341729257,-0.483731901832035,-0.611999908792189,0.0459304197656905,-1.32931436925038,-1.00961817975991,-1.00628916196967,0.222237379233405,0.659454712374837,-0.368565008343525,1.162847603818,-0.868721880703784,-0.137555444777513,-0.332088702313594,0.125821445637319,1.64115951593539,-0.273590423399125,0.543851501744049,-0.58765539601487,-0.583693461726979,0.555650989859477,-0.290830296179214,-0.452612582656541,-0.524703256372089,-0.0117713726094742,-0.0629724299567404,0.023900093887018,-0.286456915044672,-0.192029368943532,-0.0220772657609293,0.161500371364089,0.172798034415682,0.29300953432324,0.654797852979971
"1988-11-01",8.49513568769383e-05,6.77150399569004e-05,0.336533433091498,-0.694723000099809,-0.93346615186272,0,-0.669911019372976,-0.553982699998764,-0.467222010718275,-0.534881484429162,-0.790453530287146,-0.740026681260808,-0.553254387300494,-1.07494730405556,-0.981804128993232,-0.68170014257846,-1.14847984721292,-0.554034200732998,-0.551662269350687,-0.905108000712952,-0.487051472771942,-0.641423410518005,-0.823767530880663,-1.6320042131714,-0.989723354635088,-0.962722591490696,0.222237379233405,0.659454712374837,-0.368565008343525,1.162847603818,-0.868721880703784,-0.137555444777513,-0.332088702313594,0.125821445637319,1.64115951593539,-0.273590423399125,0.543851501744049,-0.58765539601487,-0.583693461726979,0.555650989859477,-0.290830296179214,-0.452612582656541,-0.524703256372089,-0.0117713726094742,-0.0629724299567404,0.023900093887018,-0.286456915044672,-0.192029368943532,-0.0220772657609293,0.161500371364089,0.172798034415682,0.29300953432324,0.654797852979971
"1988-12-01",8.61192228261996e-05,5.47998867254681e-05,-0.221968351058306,-1.40293505453636,-1.28659311596221,0,-0.656493611387721,0.0329382174037389,-0.882140204547966,-0.562695190445025,-0.975264190891412,-0.777312239219154,-1.01768129557753,-1.24924993863711,-1.04344715845359,-0.437767643347343,-1.26025737539214,-1.33477994010993,-0.872482141578082,-0.995682408028595,-0.482754340815375,-0.679863633803969,-1.00824331118946,-1.84391255513236,-0.880074119098927,-1.16442688613771,0.222237379233405,0.659454712374837,-0.368565008343525,1.162847603818,-0.868721880703784,-0.137555444777513,-0.332088702313594,0.125821445637319,1.64115951593539,-0.273590423399125,0.543851501744049,-0.58765539601487,-0.583693461726979,0.555650989859477,-0.290830296179214,-0.452612582656541,-0.524703256372089,-0.0117713726094742,-0.0629724299567404,0.023900093887018,-0.286456915044672,-0.192029368943532,-0.0220772657609293,0.161500371364089,0.172798034415682,0.29300953432324,0.654797852979971
"1989-01-01",0.00010054030846589,3.89978906071929e-05,-0.344162128165628,-1.72760563491888,-1.309373528235,0,-0.565649217357533,1.1553801242483,-0.882788154509844,-0.531503303994392,-0.838244439701072,-0.782325027074359,-1.03536794760655,-1.20587639057388,-1.00563164789472,-0.554829924507337,-1.298118802243,-1.65153721283885,-0.893774607134111,-1.05962227780241,-0.461264038833142,-0.700055237251403,-0.924386749381887,-2.07549722791699,-0.807805801616207,-1.07963663889061,0.222237379233405,0.659454712374837,-0.368565008343525,1.162847603818,-0.868721880703784,-0.137555444777513,-0.332088702313594,0.125821445637319,1.64115951593539,-0.273590423399125,0.543851501744049,-0.58765539601487,-0.583693461726979,0.555650989859477,-0.290830296179214,-0.452612582656541,-0.524703256372089,-0.0117713726094742,-0.0629724299567404,0.023900093887018,-0.286456915044672,-0.192029368943532,-0.0220772657609293,0.161500371364089,0.172798034415682,0.29300953432324,0.654797852979971
"1989-02-01",9.85993355481728e-05,3.3766961134403e-05,1.01058758675156,-1.46731060039576,-1.0664309313268,0,0.0774383641071126,2.25137910866935,-0.64624640177788,0.0893562274963288,-0.115371355413884,-0.497240134170272,-0.539458428049426,-0.880169273244644,-0.923694516313672,-0.0542615432044241,-0.922862731708617,-0.762577961825375,0.0243283443916343,-1.09786834049711,-0.460176808091343,-0.710630322716442,-0.775961263470906,-2.14915777248153,-0.74143014087619,-0.522265720387435,0.222237379233405,0.659454712374837,-0.368565008343525,1.162847603818,-0.868721880703784,-0.137555444777513,-0.332088702313594,0.125821445637319,1.64115951593539,-0.273590423399125,0.543851501744049,-0.58765539601487,-0.583693461726979,0.555650989859477,-0.290830296179214,-0.452612582656541,-0.524703256372089,-0.0117713726094742,-0.0629724299567404,0.023900093887018,-0.286456915044672,-0.192029368943532,-0.0220772657609293,0.161500371364089,0.172798034415682,0.29300953432324,0.654797852979971
"1989-03-01",8.0717320642902e-05,7.88998777463894e-05,-0.310619303116073,-0.411428458624096,-0.30660658918569,0,0.78182302587918,1.5356999814137,0.572442565435733,2.50398903471657,-0.841807435544619,1.13055326427611,-0.511700433141348,-1.06610123758293,-0.851503599212546,1.09575559774357,0.155693147689036,-0.993924695927719,0.455631077173228,-1.08906460295008,-0.244928774481082,-0.696457288319671,-0.858274793449606,-1.33226153986034,-0.0583188894784193,-0.995145636511565,0.222237379233405,0.659454712374837,-0.368565008343525,1.162847603818,-0.868721880703784,-0.137555444777513,-0.332088702313594,0.125821445637319,1.64115951593539,-0.273590423399125,0.543851501744049,-0.58765539601487,-0.583693461726979,0.555650989859477,-0.290830296179214,-0.452612582656541,-0.524703256372089,-0.0117713726094742,-0.0629724299567404,0.023900093887018,-0.286456915044672,-0.192029368943532,-0.0220772657609293,0.161500371364089,0.172798034415682,0.29300953432324,0.654797852979971
"1989-04-01",7.67780855222716e-05,0.000143167713995621,-1.35260577958374,0.138579223562934,0.482703121852222,0,0.315027167281956,0.464275436845648,1.60075877075197,2.01275168746923,-0.632532555377202,1.33531929079906,-0.0736799604312284,-0.888236211137193,-0.121324646716824,0.116799095316442,0.577216679521426,-0.275647111064991,-0.0360127872197991,-0.546516164189226,0.918150952779726,-0.218387512092892,-0.0946067348984601,-0.0738883319171635,0.77700172547986,-0.780555751297402,0.222237379233405,0.659454712374837,-0.368565008343525,1.162847603818,-0.868721880703784,-0.137555444777513,-0.332088702313594,0.125821445637319,1.64115951593539,-0.273590423399125,0.543851501744049,-0.58765539601487,-0.583693461726979,0.555650989859477,-0.290830296179214,-0.452612582656541,-0.524703256372089,-0.0117713726094742,-0.0629724299567404,0.023900093887018,-0.286456915044672,-0.192029368943532,-0.0220772657609293,0.161500371364089,0.172798034415682,0.29300953432324,0.654797852979971
"1989-05-01",7.25025742328068e-05,0.000301666279415117,-1.08131421834704,0.54065415709135,1.04992721160118,0,-0.47417358622116,-0.570071693987636,0.824993993197738,0.0135635765459103,-0.917545174932235,0.566562498634119,0.0914489995021588,-0.90062512697498,0.939686395715917,-0.956925175064258,0.643390993598727,0.0291338766488725,-0.544548518524229,0.14330805457959,1.0485182206976,0.905724518324988,0.959569773859743,1.2818792369046,0.68434596486322,-0.926048138376829,0.222237379233405,0.659454712374837,-0.368565008343525,1.162847603818,-0.868721880703784,-0.137555444777513,-0.332088702313594,0.125821445637319,1.64115951593539,-0.273590423399125,0.543851501744049,-0.58765539601487,-0.583693461726979,0.555650989859477,-0.290830296179214,-0.452612582656541,-0.524703256372089,-0.0117713726094742,-0.0629724299567404,0.023900093887018,-0.286456915044672,-0.192029368943532,-0.0220772657609293,0.161500371364089,0.172798034415682,0.29300953432324,0.654797852979971
"1989-06-01",0.00010469706384125,0.000208318461676601,-1.31801417885836,0.942874144002554,1.39906548310702,0,0.241639640249291,-0.799918605955707,-0.719415539031475,-0.591339683880267,-0.737073052650978,-0.824230567570108,0.767360016825195,-0.73248995080708,1.37964402886859,-1.53144469687842,0.00405782120391848,0.75470222650712,-0.0411538757239065,0.00787112322122961,-0.50682464064222,0.378146899218199,1.34351846654928,0.764448433172304,-0.165735464982344,-0.731006492385841,0.222237379233405,0.659454712374837,-0.368565008343525,1.162847603818,-0.868721880703784,-0.137555444777513,-0.332088702313594,0.125821445637319,1.64115951593539,-0.273590423399125,0.543851501744049,-0.58765539601487,-0.583693461726979,0.555650989859477,-0.290830296179214,-0.452612582656541,-0.524703256372089,-0.0117713726094742,-0.0629724299567404,0.023900093887018,-0.286456915044672,-0.192029368943532,-0.0220772657609293,0.161500371364089,0.172798034415682,0.29300953432324,0.654797852979971
"1989-07-01",0.000111387974941463,0.000168973851541293,-0.140231847832258,1.51889934306003,1.49865072043485,0,0.647941037967398,-0.799919043249132,-0.306614735356666,-0.591339683880267,-0.916079025525171,-0.863873258121309,1.12917723752137,-0.728973329532742,1.49564663317684,-1.60852874681203,-0.146700183062216,0.920996799529397,-0.483124510909517,-0.435315540619712,-0.549223424991599,-0.350530350194656,1.57699751240152,-0.257718767309281,-0.750822675012463,-0.817274642858894,0.222237379233405,0.659454712374837,-0.368565008343525,1.162847603818,-0.868721880703784,-0.137555444777513,-0.332088702313594,0.125821445637319,1.64115951593539,-0.273590423399125,0.543851501744049,-0.58765539601487,-0.583693461726979,0.555650989859477,-0.290830296179214,-0.452612582656541,-0.524703256372089,-0.0117713726094742,-0.0629724299567404,0.023900093887018,-0.286456915044672,-0.192029368943532,-0.0220772657609293,0.161500371364089,0.172798034415682,0.29300953432324,0.654797852979971
"1989-08-01",0.000119011328834585,0.000134186126632638,-0.00560739158929467,1.19113559486737,0.9638189125319,0,1.27691222976203,-0.799919043249132,-0.276934572628025,-0.591339683880267,-0.864683663629292,-0.685729966392316,0.709264573812761,-0.726555202414881,0.621671217266378,-0.831775607590517,0.716619778729915,0.83782337343656,-0.706088770779135,-0.643947854372601,-0.512661478760211,-0.53099298233167,0.800097023969037,-0.630686060675424,-1.02909837857243,-0.791619495448952,0.222237379233405,0.659454712374837,-0.368565008343525,1.162847603818,-0.868721880703784,-0.137555444777513,-0.332088702313594,0.125821445637319,1.64115951593539,-0.273590423399125,0.543851501744049,-0.58765539601487,-0.583693461726979,0.555650989859477,-0.290830296179214,-0.452612582656541,-0.524703256372089,-0.0117713726094742,-0.0629724299567404,0.023900093887018,-0.286456915044672,-0.192029368943532,-0.0220772657609293,0.161500371364089,0.172798034415682,0.29300953432324,0.654797852979971
"1989-09-01",0.00011285064200413,0.000100472575821413,-0.822088616796543,0.802011342198822,0.497865064849978,0,1.10367341662987,-0.799887583388129,-0.439104205209135,-0.591339683880267,-0.715230712682666,-0.819320130121302,0.455059287739743,-0.763223101926471,0.219334462371264,-1.08320045476947,-0.547082044082224,0.570165492906718,-0.328608274228142,-0.775136421069888,-0.496018884965564,-0.593579700834695,0.370971434886681,-1.12310469278372,-1.18737314752981,-0.739712659947661,0.222237379233405,0.659454712374837,-0.368565008343525,1.162847603818,-0.868721880703784,-0.137555444777513,-0.332088702313594,0.125821445637319,1.64115951593539,-0.273590423399125,0.543851501744049,-0.58765539601487,-0.583693461726979,0.555650989859477,-0.290830296179214,-0.452612582656541,-0.524703256372089,-0.0117713726094742,-0.0629724299567404,0.023900093887018,-0.286456915044672,-0.192029368943532,-0.0220772657609293,0.161500371364089,0.172798034415682,0.29300953432324,0.654797852979971
"1989-10-01",7.52578307927145e-05,7.30307098307098e-05,-0.840536896712844,0.0905615275917153,-0.302322342461528,0,1.30023162692874,-0.777576491375578,-0.516096014588416,-0.58547435622331,-0.907105180016415,-0.781138762043623,0.0581010048001744,-0.95083469262948,-0.20382747074792,-1.02793105532587,-0.848256292365036,-0.224582893641552,-0.413599740348253,-0.87727251468431,-0.493225232129204,-0.631184575736149,-0.12719187524784,-1.42103324262495,-1.20133151943825,-0.952107129924826,0.222237379233405,0.659454712374837,-0.368565008343525,1.162847603818,-0.868721880703784,-0.137555444777513,-0.332088702313594,0.125821445637319,1.64115951593539,-0.273590423399125,0.543851501744049,-0.58765539601487,-0.583693461726979,0.555650989859477,-0.290830296179214,-0.452612582656541,-0.524703256372089,-0.0117713726094742,-0.0629724299567404,0.023900093887018,-0.286456915044672,-0.192029368943532,-0.0220772657609293,0.161500371364089,0.172798034415682,0.29300953432324,0.654797852979971
"1989-11-01",8.24867240867241e-05,5.72233428419475e-05,-1.40832230640092,-0.599699810902475,-0.873569019734379,0,-0.232063088805948,-0.74458193194805,-0.75527486957067,-0.582287248044239,-0.755333437947204,-0.800716030301815,-0.0834899629302342,-1.04165845691061,-0.672779182253601,-0.99665067859334,-1.22656191164249,-0.776497833654663,0.41127099208978,-0.966908135606017,-0.488054480520876,-0.667557986438078,-0.484461070438218,-1.64418825863771,-1.14712950584059,-0.933156470878909,0.222237379233405,0.659454712374837,-0.368565008343525,1.162847603818,-0.868721880703784,-0.137555444777513,-0.332088702313594,0.125821445637319,1.64115951593539,-0.273590423399125,0.543851501744049,-0.58765539601487,-0.583693461726979,0.555650989859477,-0.290830296179214,-0.452612582656541,-0.524703256372089,-0.0117713726094742,-0.0629724299567404,0.023900093887018,-0.286456915044672,-0.192029368943532,-0.0220772657609293,0.161500371364089,0.172798034415682,0.29300953432324,0.654797852979971
"1989-12-01",8.85340258735608e-05,4.11754802080384e-05,-1.35380158319516,-1.27575240593009,-1.22675777566039,0,0.249217622405157,-0.411684665449476,-0.911556879709891,-0.579925833528504,-0.978212920690275,-0.874391314621602,-0.383912818895866,-1.23602120961696,-0.95913285183916,-1.1143732508511,-1.42855681224217,-1.54229303927891,-0.223550386384611,-1.03739615922038,-0.474684539745382,-0.689744862348238,-0.882540279393568,-1.89681052344425,-1.08104335973261,-1.16420963150488,0.222237379233405,0.659454712374837,-0.368565008343525,1.162847603818,-0.868721880703784,-0.137555444777513,-0.332088702313594,0.125821445637319,1.64115951593539,-0.273590423399125,0.543851501744049,-0.58765539601487,-0.583693461726979,0.555650989859477,-0.290830296179214,-0.452612582656541,-0.524703256372089,-0.0117713726094742,-0.0629724299567404,0.023900093887018,-0.286456915044672,-0.192029368943532,-0.0220772657609293,0.161500371364089,0.172798034415682,0.29300953432324,0.654797852979971
"1990-01-01",9.47946705714148e-05,2.69167142097375e-05,-0.780390212521383,-1.32169522008279,-1.21033620527254,0,-0.0746412774673247,-0.0785129032924457,-0.830912954472175,-0.50534359170847,-0.854321020733914,-0.894268396156283,-0.590067147775377,-1.19351318855062,-0.960563674113171,-0.993310651282344,-1.2807871649039,-1.73004771875883,0.0136808707551474,-1.08788989939175,-0.461240736780732,-0.70477734301768,-0.873796183396027,-2.09410959984077,-1.03396215053481,-1.08352617249053,0.222237379233405,0.659454712374837,-0.368565008343525,1.162847603818,-0.868721880703784,-0.137555444777513,-0.332088702313594,0.125821445637319,1.64115951593539,-0.273590423399125,0.543851501744049,-0.58765539601487,-0.583693461726979,0.555650989859477,-0.290830296179214,-0.452612582656541,-0.524703256372089,-0.0117713726094742,-0.0629724299567404,0.023900093887018,-0.286456915044672,-0.192029368943532,-0.0220772657609293,0.161500371364089,0.172798034415682,0.29300953432324,0.654797852979971
"1990-02-01",9.02315193291938e-05,2.01061520503381e-05,0.177138532962154,-1.14464980772069,-0.970856526986487,0,0.656938036794594,0.483067707468797,-0.765251912602552,-0.461775796479839,-0.0459110105479275,-0.885873042567528,-0.707289262903065,-0.82356159626022,-0.780174804416197,-0.624122283560502,-0.965103915286649,-0.822340669633745,-0.113811132968494,-1.11428955807864,-0.443128546230551,-0.709692884021002,-0.665498131984391,-2.20069626251749,-1.0080295420724,-0.459382718260029,0.222237379233405,0.659454712374837,-0.368565008343525,1.162847603818,-0.868721880703784,-0.137555444777513,-0.332088702313594,0.125821445637319,1.64115951593539,-0.273590423399125,0.543851501744049,-0.58765539601487,-0.583693461726979,0.555650989859477,-0.290830296179214,-0.452612582656541,-0.524703256372089,-0.0117713726094742,-0.0629724299567404,0.023900093887018,-0.286456915044672,-0.192029368943532,-0.0220772657609293,0.161500371364089,0.172798034415682,0.29300953432324,0.654797852979971
"1990-03-01",8.79808262133844e-05,2.49515723748282e-05,0.284342800858779,-0.482341684134681,-0.440378164602354,0,0.953451774182965,0.652974158666696,-0.123480557132206,0.379474036848727,-0.777021073874632,-0.375323930491591,-0.547796403966551,-1.01519251331151,-0.713657442799125,0.463064923789126,-0.310935901129786,-1.0386565996846,0.253594652057864,-1.10858254535939,-0.329546004708496,-0.706620811038871,-0.706217048915242,-1.96239532131925,-0.851808332896577,-0.937186596292658,0.222237379233405,0.659454712374837,-0.368565008343525,1.162847603818,-0.868721880703784,-0.137555444777513,-0.332088702313594,0.125821445637319,1.64115951593539,-0.273590423399125,0.543851501744049,-0.58765539601487,-0.583693461726979,0.555650989859477,-0.290830296179214,-0.452612582656541,-0.524703256372089,-0.0117713726094742,-0.0629724299567404,0.023900093887018,-0.286456915044672,-0.192029368943532,-0.0220772657609293,0.161500371364089,0.172798034415682,0.29300953432324,0.654797852979971
"1990-04-01",8.31571877525366e-05,6.19338946408714e-05,0.31293146261107,0.0575220889049822,0.172912396032898,0,1.23576768362787,0.155118312545062,0.964052102116417,1.26762009655581,-0.550707768106464,0.22797954424256,-0.234711749414943,-0.828778929227191,-0.486680069321957,0.498406218736324,0.56337527886406,-0.315956524343184,-0.324305219165364,-0.892037893776968,0.0236805575299814,-0.591105374919074,-0.362606697354572,-1.02824876757115,-0.393778459634443,-0.709413954634987,0.222237379233405,0.659454712374837,-0.368565008343525,1.162847603818,-0.868721880703784,-0.137555444777513,-0.332088702313594,0.125821445637319,1.64115951593539,-0.273590423399125,0.543851501744049,-0.58765539601487,-0.583693461726979,0.555650989859477,-0.290830296179214,-0.452612582656541,-0.524703256372089,-0.0117713726094742,-0.0629724299567404,0.023900093887018,-0.286456915044672,-0.192029368943532,-0.0220772657609293,0.161500371364089,0.172798034415682,0.29300953432324,0.654797852979971
"1990-05-01",8.64683294078643e-05,0.000144419425200821,-0.710398245644924,0.393147910355926,0.87354648843901,0,0.485979434994308,-0.359805022772323,1.25312786657714,0.534233260637112,-0.818521191194729,1.13598084267567,-0.282698755369589,-0.827560608695032,0.336845506849376,-0.199032560048173,1.16223438633106,0.000963031622109617,-0.763634641695688,-0.597539795652397,0.270643842175368,-0.246048743947881,0.497766059359186,0.35617259173176,-0.131970821021474,-0.838899145107162,0.222237379233405,0.659454712374837,-0.368565008343525,1.162847603818,-0.868721880703784,-0.137555444777513,-0.332088702313594,0.125821445637319,1.64115951593539,-0.273590423399125,0.543851501744049,-0.58765539601487,-0.583693461726979,0.555650989859477,-0.290830296179214,-0.452612582656541,-0.524703256372089,-0.0117713726094742,-0.0629724299567404,0.023900093887018,-0.286456915044672,-0.192029368943532,-0.0220772657609293,0.161500371364089,0.172798034415682,0.29300953432324,0.654797852979971
"1990-06-01",0.000106654447752122,0.000184487610943425,-0.887358810957145,1.1580066391279,1.66859233272049,0,0.727376714108065,-0.793544131808279,-0.47294758358228,-0.577553847150393,-0.588008378512844,-0.663503117120426,0.326295743966655,-0.629496352387913,1.38552442598681,-1.15575295541665,0.542935259458804,0.72092934237751,-0.392920455598943,-0.344345007199123,-0.068546855376881,0.209372242853948,1.47124545935627,0.848956722917515,-0.532039791094791,-0.603145514180621,0.222237379233405,0.659454712374837,-0.368565008343525,1.162847603818,-0.868721880703784,-0.137555444777513,-0.332088702313594,0.125821445637319,1.64115951593539,-0.273590423399125,0.543851501744049,-0.58765539601487,-0.583693461726979,0.555650989859477,-0.290830296179214,-0.452612582656541,-0.524703256372089,-0.0117713726094742,-0.0629724299567404,0.023900093887018,-0.286456915044672,-0.192029368943532,-0.0220772657609293,0.161500371364089,0.172798034415682,0.29300953432324,0.654797852979971
"1990-07-01",0.000108763111181716,0.00016189265718568,0.294561167861818,1.41841288124449,1.35977409351041,0,1.26245892693852,-0.799919043249132,-0.214153587482579,-0.591339683880267,-0.772843053633259,-0.746420984826636,1.06821444456221,-0.627122710169179,1.07609601357714,-1.12276189095075,0.647668892947264,0.902616316998114,-0.498443665369539,-0.672723297654783,-0.536372402435791,-0.363085210485889,1.32580682505578,0.201881836353036,-1.07665632678802,-0.692619599794679,0.222237379233405,0.659454712374837,-0.368565008343525,1.162847603818,-0.868721880703784,-0.137555444777513,-0.332088702313594,0.125821445637319,1.64115951593539,-0.273590423399125,0.543851501744049,-0.58765539601487,-0.583693461726979,0.555650989859477,-0.290830296179214,-0.452612582656541,-0.524703256372089,-0.0117713726094742,-0.0629724299567404,0.023900093887018,-0.286456915044672,-0.192029368943532,-0.0220772657609293,0.161500371364089,0.172798034415682,0.29300953432324,0.654797852979971
"1990-08-01",0.000133838213577748,0.000116060035501896,-0.463007647708994,1.25662146252754,1.06046696495381,0,1.50661997975449,-0.799919043249132,-0.442910168446083,-0.591339683880267,-0.769779559725636,-0.775654072820195,0.583621369392544,-0.651785086817539,0.876768198037502,-1.18317039158094,-0.0498544159308003,0.782143886119407,-0.672701657694814,-0.852195794799967,-0.505711272935695,-0.5930608264984,1.06892550185109,-0.442301595924268,-1.32337966222588,-0.706382005112018,0.222237379233405,0.659454712374837,-0.368565008343525,1.162847603818,-0.868721880703784,-0.137555444777513,-0.332088702313594,0.125821445637319,1.64115951593539,-0.273590423399125,0.543851501744049,-0.58765539601487,-0.583693461726979,0.555650989859477,-0.290830296179214,-0.452612582656541,-0.524703256372089,-0.0117713726094742,-0.0629724299567404,0.023900093887018,-0.286456915044672,-0.192029368943532,-0.0220772657609293,0.161500371364089,0.172798034415682,0.29300953432324,0.654797852979971
"1990-09-01",0.000101213159185252,8.7437473149101e-05,0.621470479672103,1.0008168984243,0.31998108945463,0,1.17991834121688,-0.799919043249132,0.00230340539915056,-0.591339683880267,-0.554728809247528,-0.690551447631364,0.0916902346733289,-0.655686386757158,0.0152793644375595,-0.738180441310981,-0.0247364748017793,0.548391765926145,-0.579860172834053,-0.943672912778724,-0.48487375280582,-0.64665030992691,0.0918615610195492,-0.726694199443164,-1.4360267036075,-0.603389275957646,0.222237379233405,0.659454712374837,-0.368565008343525,1.162847603818,-0.868721880703784,-0.137555444777513,-0.332088702313594,0.125821445637319,1.64115951593539,-0.273590423399125,0.543851501744049,-0.58765539601487,-0.583693461726979,0.555650989859477,-0.290830296179214,-0.452612582656541,-0.524703256372089,-0.0117713726094742,-0.0629724299567404,0.023900093887018,-0.286456915044672,-0.192029368943532,-0.0220772657609293,0.161500371364089,0.172798034415682,0.29300953432324,0.654797852979971
"1990-10-01",6.24124988776152e-05,8.93005684447545e-05,0.158858966297835,0.100083708704887,-0.340607873837046,0,0.368833193249837,-0.75187911864908,0.127808474121333,-0.565579425022299,-0.782706447377095,-0.136390421267854,-0.579803513812851,-0.867222110493536,-0.611413342492116,0.253340238067857,-0.156762929246992,-0.259147589266792,-1.08221718556807,-1.01673366841047,-0.47503663146466,-0.680579232205929,-0.580212151331846,-0.428344434201693,-1.29671588160603,-0.84673720369654,0.222237379233405,0.659454712374837,-0.368565008343525,1.162847603818,-0.868721880703784,-0.137555444777513,-0.332088702313594,0.125821445637319,1.64115951593539,-0.273590423399125,0.543851501744049,-0.58765539601487,-0.583693461726979,0.555650989859477,-0.290830296179214,-0.452612582656541,-0.524703256372089,-0.0117713726094742,-0.0629724299567404,0.023900093887018,-0.286456915044672,-0.192029368943532,-0.0220772657609293,0.161500371364089,0.172798034415682,0.29300953432324,0.654797852979971
"1990-11-01",7.05565288262963e-05,0.000105665312437405,-0.223808491742714,-0.677184775498081,-0.988025194773999,0,-0.570496785340984,-0.62313442582259,-0.374761643099813,-0.531673645412077,-0.550064684642399,-0.159363460063076,-0.881106543294234,-0.924601201913688,-0.999101088863712,0.31622071720568,-0.854912178249832,-0.7715612647359,-1.10123409827517,-1.05593714079432,-0.423514360275385,-0.680714833356483,-0.918229266375506,-0.234502889931822,-0.948739604239851,-0.76837467904317,0.222237379233405,0.659454712374837,-0.368565008343525,1.162847603818,-0.868721880703784,-0.137555444777513,-0.332088702313594,0.125821445637319,1.64115951593539,-0.273590423399125,0.543851501744049,-0.58765539601487,-0.583693461726979,0.555650989859477,-0.290830296179214,-0.452612582656541,-0.524703256372089,-0.0117713726094742,-0.0629724299567404,0.023900093887018,-0.286456915044672,-0.192029368943532,-0.0220772657609293,0.161500371364089,0.172798034415682,0.29300953432324,0.654797852979971
"1990-12-01",8.0062969588551e-05,0.000101465291716455,-0.0362559720994954,-1.77161168281125,-1.32904285287186,0,-1.17750371283906,-0.113685192136061,-0.856916628820962,-0.579590328497937,-0.773858488489841,-0.611792341306523,-1.01035898123575,-1.12433693330633,-1.1129293165516,0.121513266642367,-1.24918919295914,-1.54193046149776,-1.05464733806067,-1.08390254805564,-0.422508013557459,-0.677329863895599,-1.02328095218985,-0.588123247374599,-0.719387885281725,-1.00272200202049,0.222237379233405,0.659454712374837,-0.368565008343525,1.162847603818,-0.868721880703784,-0.137555444777513,-0.332088702313594,0.125821445637319,1.64115951593539,-0.273590423399125,0.543851501744049,-0.58765539601487,-0.583693461726979,0.555650989859477,-0.290830296179214,-0.452612582656541,-0.524703256372089,-0.0117713726094742,-0.0629724299567404,0.023900093887018,-0.286456915044672,-0.192029368943532,-0.0220772657609293,0.161500371364089,0.172798034415682,0.29300953432324,0.654797852979971
"1991-01-01",9.29494781773852e-05,7.64352449561752e-05,-0.383017781212883,-1.72858536369735,-1.33615390457468,0,-1.08454964525406,0.994981592260393,-0.907491699378473,-0.528120342589807,-0.71163005196642,-0.753367066813831,-1.01876164644835,-1.10519796115922,-1.03986189682217,0.00575941115575963,-1.25448174141577,-1.64658942568294,-0.83272085958156,-1.11878084297004,-0.430752909283361,-0.697174238873868,-0.900156829387534,-1.08046721961036,-0.640703421333889,-0.9635602952095,0.222237379233405,0.659454712374837,-0.368565008343525,1.162847603818,-0.868721880703784,-0.137555444777513,-0.332088702313594,0.125821445637319,1.64115951593539,-0.273590423399125,0.543851501744049,-0.58765539601487,-0.583693461726979,0.555650989859477,-0.290830296179214,-0.452612582656541,-0.524703256372089,-0.0117713726094742,-0.0629724299567404,0.023900093887018,-0.286456915044672,-0.192029368943532,-0.0220772657609293,0.161500371364089,0.172798034415682,0.29300953432324,0.654797852979971
"1991-02-01",8.9760673016487e-05,5.19757039943087e-05,-1.33194660341461,-0.99454433929908,-0.956831110788916,0,0.220343712716828,1.06209682872692,-0.659160669531399,0.0415393617858757,0.0183723102048078,-0.478229395522314,-0.68222827720867,-0.76743039625893,-0.606297373098445,0.0546502925681029,-0.810233695743745,-0.768260053397175,-0.100914073716476,-1.14284881207618,-0.442497378653729,-0.704907282030738,-0.522767478009478,-1.38755664724367,-0.638861458343352,-0.396685006268038,0.222237379233405,0.659454712374837,-0.368565008343525,1.162847603818,-0.868721880703784,-0.137555444777513,-0.332088702313594,0.125821445637319,1.64115951593539,-0.273590423399125,0.543851501744049,-0.58765539601487,-0.583693461726979,0.555650989859477,-0.290830296179214,-0.452612582656541,-0.524703256372089,-0.0117713726094742,-0.0629724299567404,0.023900093887018,-0.286456915044672,-0.192029368943532,-0.0220772657609293,0.161500371364089,0.172798034415682,0.29300953432324,0.654797852979971
"1991-03-01",8.11234181280693e-05,7.52056139963117e-05,1.5444627505911,-0.728824807513192,-0.531286460807159,0,-0.743890753465219,0.976207412978699,-0.0446725505420439,0.693175147470667,-0.705435065152813,0.354097933053817,-0.846797776560668,-0.95650124593619,-0.74005061457551,1.29233899161953,-0.0453658553286489,-0.981671222431736,0.0281193183483334,-1.14040001444331,-0.340804866688619,-0.699433620472422,-0.809622387090035,-0.902764465397984,-0.24313070254835,-0.869371576163909,0.222237379233405,0.659454712374837,-0.368565008343525,1.162847603818,-0.868721880703784,-0.137555444777513,-0.332088702313594,0.125821445637319,1.64115951593539,-0.273590423399125,0.543851501744049,-0.58765539601487,-0.583693461726979,0.555650989859477,-0.290830296179214,-0.452612582656541,-0.524703256372089,-0.0117713726094742,-0.0629724299567404,0.023900093887018,-0.286456915044672,-0.192029368943532,-0.0220772657609293,0.161500371364089,0.172798034415682,0.29300953432324,0.654797852979971
"1991-04-01",7.88619832712856e-05,9.89365068620883e-05,-0.305947347011943,-0.287163137145798,0.0899264963280604,0,0.366654628948157,0.813768493905454,0.254970444207947,1.32420675907183,-0.483683759100039,0.0885881118377728,-0.0705806693595813,-0.765686485357895,-0.323131474677945,0.892457324922763,0.758526498643501,-0.264925525971489,0.870997706715402,-1.00013759509748,-0.0236825672182323,-0.607451008093593,-0.379927222500377,-0.467312430356524,0.101384619416887,-0.641862316767448,0.222237379233405,0.659454712374837,-0.368565008343525,1.162847603818,-0.868721880703784,-0.137555444777513,-0.332088702313594,0.125821445637319,1.64115951593539,-0.273590423399125,0.543851501744049,-0.58765539601487,-0.583693461726979,0.555650989859477,-0.290830296179214,-0.452612582656541,-0.524703256372089,-0.0117713726094742,-0.0629724299567404,0.023900093887018,-0.286456915044672,-0.192029368943532,-0.0220772657609293,0.161500371364089,0.172798034415682,0.29300953432324,0.654797852979971
"1991-05-01",0.000105666804345874,0.000239867850063199,-0.475209736782597,0.397051757909131,0.871678241749088,0,0.251268660403082,0.0044099369383913,2.75556811483968,1.06942599050614,-0.719364495657446,1.70026526534021,0.170208797621902,-0.746468751796901,0.321753934906379,0.0448935410133914,1.29917378255512,0.0649663419865089,-0.527160308223956,-0.56418003936951,0.913797935571513,0.0385117789837055,0.406789484808457,0.890572358731023,0.31041787653352,-0.745424689648087,0.222237379233405,0.659454712374837,-0.368565008343525,1.162847603818,-0.868721880703784,-0.137555444777513,-0.332088702313594,0.125821445637319,1.64115951593539,-0.273590423399125,0.543851501744049,-0.58765539601487,-0.583693461726979,0.555650989859477,-0.290830296179214,-0.452612582656541,-0.524703256372089,-0.0117713726094742,-0.0629724299567404,0.023900093887018,-0.286456915044672,-0.192029368943532,-0.0220772657609293,0.161500371364089,0.172798034415682,0.29300953432324,0.654797852979971
"1991-06-01",0.000113461727712891,0.00032603600748717,-0.421253148513149,0.966417432473879,1.37444125908809,0,-0.179778812383234,-0.76013791162786,-0.254879981331396,-0.47983771410879,-0.502549815772011,-0.210699471722,0.0118968839392004,-0.552930898260487,1.06048688940843,-0.784906273549344,1.19278902032211,0.807052729179994,-0.811648601007081,0.187732986414022,0.897286420902891,1.1248459294383,1.06643949400479,1.43934693700845,0.0812013136408587,-0.518472859901643,0.222237379233405,0.659454712374837,-0.368565008343525,1.162847603818,-0.868721880703784,-0.137555444777513,-0.332088702313594,0.125821445637319,1.64115951593539,-0.273590423399125,0.543851501744049,-0.58765539601487,-0.583693461726979,0.555650989859477,-0.290830296179214,-0.452612582656541,-0.524703256372089,-0.0117713726094742,-0.0629724299567404,0.023900093887018,-0.286456915044672,-0.192029368943532,-0.0220772657609293,0.161500371364089,0.172798034415682,0.29300953432324,0.654797852979971
"1991-07-01",0.000127596665308293,0.000171947523501012,-0.297703200781046,1.38454077991831,1.32940230375362,0,0.743334996224868,-0.799919043249132,-0.385611839752005,-0.591339683880267,-0.763002410483672,-0.750623911911795,0.605417411308517,-0.592515258615418,1.3824496857581,-1.35918549839562,0.301322297592578,0.932674657653386,-0.35779931846186,-0.225212958579361,-0.598384747547457,0.196852017378887,1.56497675853161,0.763960358184721,-0.766988965269031,-0.669356462274526,0.222237379233405,0.659454712374837,-0.368565008343525,1.162847603818,-0.868721880703784,-0.137555444777513,-0.332088702313594,0.125821445637319,1.64115951593539,-0.273590423399125,0.543851501744049,-0.58765539601487,-0.583693461726979,0.555650989859477,-0.290830296179214,-0.452612582656541,-0.524703256372089,-0.0117713726094742,-0.0629724299567404,0.023900093887018,-0.286456915044672,-0.192029368943532,-0.0220772657609293,0.161500371364089,0.172798034415682,0.29300953432324,0.654797852979971
"1991-08-01",0.000122104651853489,0.000162788100648566,0.142925847743842,1.32717823902771,0.906472313521998,0,0.855768676545869,-0.799919043249132,-0.182669416658362,-0.591339683880267,-0.735034852190778,-0.689501077073832,0.47047988727928,-0.602903896821362,0.732417036547492,-0.973160530302495,0.557621110851163,0.82826881175099,-0.542753283830979,-0.612370389415838,-0.542639363498738,-0.407145034811374,0.925552680234819,0.371938082426599,-1.08886837893259,-0.662721490195526,0.222237379233405,0.659454712374837,-0.368565008343525,1.162847603818,-0.868721880703784,-0.137555444777513,-0.332088702313594,0.125821445637319,1.64115951593539,-0.273590423399125,0.543851501744049,-0.58765539601487,-0.583693461726979,0.555650989859477,-0.290830296179214,-0.452612582656541,-0.524703256372089,-0.0117713726094742,-0.0629724299567404,0.023900093887018,-0.286456915044672,-0.192029368943532,-0.0220772657609293,0.161500371364089,0.172798034415682,0.29300953432324,0.654797852979971
"1991-09-01",0.000112216879286647,0.000138625747853655,0.25802793022888,0.800865870252728,0.287023945778133,0,0.819848968737489,-0.799919043249132,-0.0321835506497814,-0.591339683880267,-0.556253099062113,-0.60452575532829,0.0593186615366931,-0.626206784095825,-0.0421945264047857,-0.397112942794464,0.220712537653979,0.57241948725363,0.00107011689695344,-0.797895810972389,-0.519625493298711,-0.57701337810459,0.0208170241273731,0.053550498859245,-1.19989871743278,-0.58870379832475,0.222237379233405,0.659454712374837,-0.368565008343525,1.162847603818,-0.868721880703784,-0.137555444777513,-0.332088702313594,0.125821445637319,1.64115951593539,-0.273590423399125,0.543851501744049,-0.58765539601487,-0.583693461726979,0.555650989859477,-0.290830296179214,-0.452612582656541,-0.524703256372089,-0.0117713726094742,-0.0629724299567404,0.023900093887018,-0.286456915044672,-0.192029368943532,-0.0220772657609293,0.161500371364089,0.172798034415682,0.29300953432324,0.654797852979971
"1991-10-01",7.41514314723617e-05,0.000104756740179996,0.169269594868946,0.182208694882469,-0.202466791052193,0,0.444945946535275,-0.707320420428473,-0.650815635806467,-0.588780193082803,-0.811090088760338,-0.877752722991479,-0.0811068601288037,-0.852980257181131,0.156694410424308,-1.07714998003139,-0.961529804728726,-0.249677436647125,0.114356107004636,-0.912198792750796,-0.490010196040283,-0.63060827718451,0.235946708686502,-0.604596335368788,-1.23463087202621,-0.853904137777212,0.222237379233405,0.659454712374837,-0.368565008343525,1.162847603818,-0.868721880703784,-0.137555444777513,-0.332088702313594,0.125821445637319,1.64115951593539,-0.273590423399125,0.543851501744049,-0.58765539601487,-0.583693461726979,0.555650989859477,-0.290830296179214,-0.452612582656541,-0.524703256372089,-0.0117713726094742,-0.0629724299567404,0.023900093887018,-0.286456915044672,-0.192029368943532,-0.0220772657609293,0.161500371364089,0.172798034415682,0.29300953432324,0.654797852979971
"1991-11-01",8.18392358113288e-05,9.04890227308832e-05,0.972451983084727,-0.830952860950647,-1.11658077518197,0,0.130084286788578,-0.177651762998041,-0.194596956021653,-0.3355095654532,-0.515083118142986,-0.0176031878346695,-0.998283199601565,-0.880255928799591,-1.17803686869428,0.913473666657532,-0.952607260506249,-0.727074419557449,-0.762493415079376,-0.980397012629857,-0.411031397954402,-0.650454609966541,-1.12282655988332,-0.629495960020768,-0.971886003647811,-0.726924652053513,0.222237379233405,0.659454712374837,-0.368565008343525,1.162847603818,-0.868721880703784,-0.137555444777513,-0.332088702313594,0.125821445637319,1.64115951593539,-0.273590423399125,0.543851501744049,-0.58765539601487,-0.583693461726979,0.555650989859477,-0.290830296179214,-0.452612582656541,-0.524703256372089,-0.0117713726094742,-0.0629724299567404,0.023900093887018,-0.286456915044672,-0.192029368943532,-0.0220772657609293,0.161500371364089,0.172798034415682,0.29300953432324,0.654797852979971
"1991-12-01",9.35164033954732e-05,9.41808994274111e-05,-0.178575175964595,-1.46565747534325,-1.35874262129183,0,-0.748086332663917,0.49249770888907,-0.821853258929476,-0.496709086650749,-0.698239557761074,-0.277869610617492,-1.15262635051778,-1.06391324910506,-1.18819741375628,1.38945808688347,-1.21517899949087,-1.47825814358662,-1.2621003525258,-0.984476442132572,-0.391011295481929,-0.649922002834082,-1.11480144743241,-0.738774389683807,-0.575591432878079,-0.931799538982605,0.222237379233405,0.659454712374837,-0.368565008343525,1.162847603818,-0.868721880703784,-0.137555444777513,-0.332088702313594,0.125821445637319,1.64115951593539,-0.273590423399125,0.543851501744049,-0.58765539601487,-0.583693461726979,0.555650989859477,-0.290830296179214,-0.452612582656541,-0.524703256372089,-0.0117713726094742,-0.0629724299567404,0.023900093887018,-0.286456915044672,-0.192029368943532,-0.0220772657609293,0.161500371364089,0.172798034415682,0.29300953432324,0.654797852979971
"1992-01-01",0.000107820225029527,7.82750664797176e-05,-0.86728443039089,-1.69499594780089,-1.32697343856324,0,-0.716271596434444,1.34160231792507,-0.903131763211954,-0.547758173321113,-0.562219568795724,-0.484952618383483,-1.09270271393618,-1.01280318566592,-1.07836541225048,1.10930381317238,-1.1940348227806,-1.53085925949903,-1.45676435322052,-1.01032981749321,-0.416519996240426,-0.657900808111103,-1.01541486015172,-1.06213231497404,-0.416006093220338,-0.837309626014229,0.222237379233405,0.659454712374837,-0.368565008343525,1.162847603818,-0.868721880703784,-0.137555444777513,-0.332088702313594,0.125821445637319,1.64115951593539,-0.273590423399125,0.543851501744049,-0.58765539601487,-0.583693461726979,0.555650989859477,-0.290830296179214,-0.452612582656541,-0.524703256372089,-0.0117713726094742,-0.0629724299567404,0.023900093887018,-0.286456915044672,-0.192029368943532,-0.0220772657609293,0.161500371364089,0.172798034415682,0.29300953432324,0.654797852979971
"1992-02-01",9.3870880847625e-05,7.89786505135342e-05,0.0417319894490711,-0.9642476576808,-0.998287025800681,0,-0.184964198389873,1.45006884530446,-0.428270098950369,0.352888032382169,-0.0444246383904216,0.860645167669676,-0.981033231069367,-0.751024725454309,-0.801986687941841,1.34371044336719,-0.72166315887515,-0.829008659095288,-1.34947298065676,-1.04414441959478,-0.404402286721174,-0.639914197346955,-0.743891737077157,-1.06215772161723,-0.223126275455686,-0.422123288856096,0.222237379233405,0.659454712374837,-0.368565008343525,1.162847603818,-0.868721880703784,-0.137555444777513,-0.332088702313594,0.125821445637319,1.64115951593539,-0.273590423399125,0.543851501744049,-0.58765539601487,-0.583693461726979,0.555650989859477,-0.290830296179214,-0.452612582656541,-0.524703256372089,-0.0117713726094742,-0.0629724299567404,0.023900093887018,-0.286456915044672,-0.192029368943532,-0.0220772657609293,0.161500371364089,0.172798034415682,0.29300953432324,0.654797852979971
"1992-03-01",8.15322010484801e-05,0.00014814263197519,1.07377923215735,-0.44330757144856,-0.472418695972678,0,0.22674850113788,1.14047833777138,0.408145661047717,0.6591993844501,-0.508202832873765,1.46129541996495,-0.71324424536048,-0.845407795941883,-0.815368953284493,1.95307796125609,0.19831202166999,-0.825764137974373,-1.04412979138567,-0.980493619593045,-0.0757513374704007,-0.560838348513186,-0.968533215118092,-0.238403032526673,0.7185928870249,-0.708132126313907,0.222237379233405,0.659454712374837,-0.368565008343525,1.162847603818,-0.868721880703784,-0.137555444777513,-0.332088702313594,0.125821445637319,1.64115951593539,-0.273590423399125,0.543851501744049,-0.58765539601487,-0.583693461726979,0.555650989859477,-0.290830296179214,-0.452612582656541,-0.524703256372089,-0.0117713726094742,-0.0629724299567404,0.023900093887018,-0.286456915044672,-0.192029368943532,-0.0220772657609293,0.161500371364089,0.172798034415682,0.29300953432324,0.654797852979971
"1992-04-01",8.10309198030128e-05,0.000226412625966114,-1.11073396426131,0.214786335322867,0.378793865601794,0,-0.135414196916983,0.382102100299514,1.88286142875834,1.88640031973225,-0.330491116027877,1.87227974756786,-0.392785844855245,-0.669901497702458,-0.0929405370731523,0.930308073370682,1.62839790934103,-0.142341234721357,-0.880028679627762,-0.530028605260688,0.692528517311652,-0.113408158888536,0.0604880798972863,0.8372629810917,1.26889786824717,-0.51179059076143,0.222237379233405,0.659454712374837,-0.368565008343525,1.162847603818,-0.868721880703784,-0.137555444777513,-0.332088702313594,0.125821445637319,1.64115951593539,-0.273590423399125,0.543851501744049,-0.58765539601487,-0.583693461726979,0.555650989859477,-0.290830296179214,-0.452612582656541,-0.524703256372089,-0.0117713726094742,-0.0629724299567404,0.023900093887018,-0.286456915044672,-0.192029368943532,-0.0220772657609293,0.161500371364089,0.172798034415682,0.29300953432324,0.654797852979971
"1992-05-01",8.02948121645796e-05,0.000431557798329891,1.60487200595896,0.645029398899408,0.707634830390136,0,-0.877305949258531,-0.635102631417671,1.51966642309158,-0.125172687835615,-0.61278074223586,0.85654841790424,-0.578648660227126,-0.670028781084353,0.311829818695457,-0.187385332195685,1.94311896787424,0.188081048915279,-0.971978108306393,0.105074937615607,1.27924227883965,0.849186117630347,0.405489036589631,1.71992096662905,1.03335548450036,-0.64907433898065,0.222237379233405,0.659454712374837,-0.368565008343525,1.162847603818,-0.868721880703784,-0.137555444777513,-0.332088702313594,0.125821445637319,1.64115951593539,-0.273590423399125,0.543851501744049,-0.58765539601487,-0.583693461726979,0.555650989859477,-0.290830296179214,-0.452612582656541,-0.524703256372089,-0.0117713726094742,-0.0629724299567404,0.023900093887018,-0.286456915044672,-0.192029368943532,-0.0220772657609293,0.161500371364089,0.172798034415682,0.29300953432324,0.654797852979971
"1992-06-01",9.41128684012405e-05,0.000240338099612518,-1.06589435620781,0.961348435190092,1.32780722926878,0,0.880605721181752,-0.799364625485831,-0.660330948299619,-0.590265565830781,-0.395627584064897,-0.597292518166181,0.234521000838687,-0.470275127162991,1.48914610950301,-0.841523401707856,1.38098987436411,0.931082321468227,-0.424264994578701,0.251695942004561,-0.131573378783854,0.871477333213023,1.2941181346208,1.21446248633648,0.122076791472178,-0.418784688057125,0.222237379233405,0.659454712374837,-0.368565008343525,1.162847603818,-0.868721880703784,-0.137555444777513,-0.332088702313594,0.125821445637319,1.64115951593539,-0.273590423399125,0.543851501744049,-0.58765539601487,-0.583693461726979,0.555650989859477,-0.290830296179214,-0.452612582656541,-0.524703256372089,-0.0117713726094742,-0.0629724299567404,0.023900093887018,-0.286456915044672,-0.192029368943532,-0.0220772657609293,0.161500371364089,0.172798034415682,0.29300953432324,0.654797852979971
"1992-07-01",0.000116626363956597,0.000166729126059359,0.405073564309063,1.23533605927047,1.29481715678831,0,0.697949386108178,-0.799919043249132,-0.122710292585885,-0.591339683880267,-0.640184844144555,-0.736287435490249,0.719381143161022,-0.498387269167925,1.32184538570605,-1.02287293668532,0.854115815946874,1.06105812401834,-0.171386512104813,-0.30517438515926,-0.569799108002307,-0.128091292716976,1.26755293826219,0.677631259010945,-0.586047933287073,-0.55559754465591,0.222237379233405,0.659454712374837,-0.368565008343525,1.162847603818,-0.868721880703784,-0.137555444777513,-0.332088702313594,0.125821445637319,1.64115951593539,-0.273590423399125,0.543851501744049,-0.58765539601487,-0.583693461726979,0.555650989859477,-0.290830296179214,-0.452612582656541,-0.524703256372089,-0.0117713726094742,-0.0629724299567404,0.023900093887018,-0.286456915044672,-0.192029368943532,-0.0220772657609293,0.161500371364089,0.172798034415682,0.29300953432324,0.654797852979971
"1992-08-01",0.0001152365020272,0.000150651425256076,0.117166896221622,1.25690965773691,0.961062795792571,0,1.08327101776874,-0.799919043249132,-0.173661175167969,-0.591339683880267,-0.632828565886801,-0.680953002308282,0.723026049418681,-0.521951923074244,1.14436112227158,-1.03928926871945,0.189565701030962,0.952062058654695,-0.387783452848342,-0.591416089464205,-0.519033316131893,-0.461001526052071,1.19444653299829,0.108867892771686,-0.94182596528459,-0.566324752025747,0.222237379233405,0.659454712374837,-0.368565008343525,1.162847603818,-0.868721880703784,-0.137555444777513,-0.332088702313594,0.125821445637319,1.64115951593539,-0.273590423399125,0.543851501744049,-0.58765539601487,-0.583693461726979,0.555650989859477,-0.290830296179214,-0.452612582656541,-0.524703256372089,-0.0117713726094742,-0.0629724299567404,0.023900093887018,-0.286456915044672,-0.192029368943532,-0.0220772657609293,0.161500371364089,0.172798034415682,0.29300953432324,0.654797852979971
"1992-09-01",9.70110497924452e-05,0.000118943894571802,-0.810014813881635,0.822370765140191,0.435003011940494,0,0.876462443452001,-0.799919043249132,-0.490467224521234,-0.591339683880267,-0.410149035588727,-0.739865540874695,0.484478497741846,-0.522512741369017,0.456144531442999,-0.898351578059163,-0.0557329575518413,0.714910159116719,-0.369056325991751,-0.752170186667882,-0.49545580487696,-0.567320122665723,0.424356277720017,-0.296468355478801,-1.09498659120749,-0.457803204314661,0.222237379233405,0.659454712374837,-0.368565008343525,1.162847603818,-0.868721880703784,-0.137555444777513,-0.332088702313594,0.125821445637319,1.64115951593539,-0.273590423399125,0.543851501744049,-0.58765539601487,-0.583693461726979,0.555650989859477,-0.290830296179214,-0.452612582656541,-0.524703256372089,-0.0117713726094742,-0.0629724299567404,0.023900093887018,-0.286456915044672,-0.192029368943532,-0.0220772657609293,0.161500371364089,0.172798034415682,0.29300953432324,0.654797852979971
"1992-10-01",7.36116589884032e-05,8.61559237745284e-05,-0.132634162494003,0.300416632073332,-0.273375025391003,0,1.02191361281432,-0.793342751644435,-0.37181588314287,-0.590643110110636,-0.698519642854699,-0.861274436426861,0.366635321640902,-0.77285909678129,0.0422604962563841,-1.18890040942688,-1.00769441365923,-0.140043129830329,0.227079927694742,-0.859868636611221,-0.479827645470931,-0.6050734596574,0.0775368251284899,-0.84312571349045,-1.15222776988377,-0.752937256099166,0.222237379233405,0.659454712374837,-0.368565008343525,1.162847603818,-0.868721880703784,-0.137555444777513,-0.332088702313594,0.125821445637319,1.64115951593539,-0.273590423399125,0.543851501744049,-0.58765539601487,-0.583693461726979,0.555650989859477,-0.290830296179214,-0.452612582656541,-0.524703256372089,-0.0117713726094742,-0.0629724299567404,0.023900093887018,-0.286456915044672,-0.192029368943532,-0.0220772657609293,0.161500371364089,0.172798034415682,0.29300953432324,0.654797852979971
"1992-11-01",8.29262403215892e-05,7.29125506799926e-05,-0.238330145841108,-1.01323473753808,-1.13261376152979,0,-0.372763873191127,-0.343278986834546,-0.703957885340411,-0.57037805176548,-0.421590562220201,-0.563733436583928,-0.919053642114506,-0.812347801746191,-1.06980413045432,0.40330985907504,-1.0404453013129,-0.641349116801256,-0.809568649824148,-0.961663744980546,-0.488453669019728,-0.641913340345462,-1.07383927551917,-0.839030786631149,-0.999820472850339,-0.642505504825162,0.222237379233405,0.659454712374837,-0.368565008343525,1.162847603818,-0.868721880703784,-0.137555444777513,-0.332088702313594,0.125821445637319,1.64115951593539,-0.273590423399125,0.543851501744049,-0.58765539601487,-0.583693461726979,0.555650989859477,-0.290830296179214,-0.452612582656541,-0.524703256372089,-0.0117713726094742,-0.0629724299567404,0.023900093887018,-0.286456915044672,-0.192029368943532,-0.0220772657609293,0.161500371364089,0.172798034415682,0.29300953432324,0.654797852979971
"1992-12-01",9.32657627727395e-05,6.12338911873796e-05,0.777741874520167,-1.60290272449139,-1.3492787944686,0,0.150910466294869,0.590142047289604,-0.798989889859211,-0.47611746414561,-0.642618399375902,-0.665686273547471,-0.922092631227217,-1.01768289624819,-1.08095490618807,0.209670628619646,-1.27960119345381,-1.42485067603626,-0.868376261953017,-1.027503698975,-0.450910190292857,-0.666527191490069,-1.02389417529128,-1.14939165387301,-0.838906910962371,-0.878573193435641,0.222237379233405,0.659454712374837,-0.368565008343525,1.162847603818,-0.868721880703784,-0.137555444777513,-0.332088702313594,0.125821445637319,1.64115951593539,-0.273590423399125,0.543851501744049,-0.58765539601487,-0.583693461726979,0.555650989859477,-0.290830296179214,-0.452612582656541,-0.524703256372089,-0.0117713726094742,-0.0629724299567404,0.023900093887018,-0.286456915044672,-0.192029368943532,-0.0220772657609293,0.161500371364089,0.172798034415682,0.29300953432324,0.654797852979971
"1993-01-01",0.000107713702764866,9.28205772856936e-05,2.57857978595565,-1.41712621168583,-1.29907811224358,0,0.0882755059663294,2.11426233135387,-0.470768786358223,-0.0317480676693357,-0.499232273561957,1.41548726745478,-1.04024188213967,-0.970903039174935,-1.00425347712383,1.31145078108351,-1.10180550917195,-1.47596009315305,-1.13367543508497,-1.04385267672813,-0.281539679249773,-0.515623067845836,-0.936055477558493,-0.885221846871641,-0.374900923933504,-0.782449582800672,0.222237379233405,0.659454712374837,-0.368565008343525,1.162847603818,-0.868721880703784,-0.137555444777513,-0.332088702313594,0.125821445637319,1.64115951593539,-0.273590423399125,0.543851501744049,-0.58765539601487,-0.583693461726979,0.555650989859477,-0.290830296179214,-0.452612582656541,-0.524703256372089,-0.0117713726094742,-0.0629724299567404,0.023900093887018,-0.286456915044672,-0.192029368943532,-0.0220772657609293,0.161500371364089,0.172798034415682,0.29300953432324,0.654797852979971
"1993-02-01",9.71509908068048e-05,0.000166435518472728,2.53607749731399,-1.29441989922795,-1.11257123036283,0,0.00907726763624586,3.31927768020467,-0.376957824799795,0.888498553691374,0.331643695659105,2.60623388704527,-0.85102480447132,-0.57705688473787,-0.884075928291323,1.50387710139669,-0.810055076816731,-0.517430617735243,-1.72624664185122,-1.04709195923563,-0.205978347552747,-0.352861812775414,-0.833318305918848,-0.357097520740137,0.280747796654263,-0.133472182882403,0.222237379233405,0.659454712374837,-0.368565008343525,1.162847603818,-0.868721880703784,-0.137555444777513,-0.332088702313594,0.125821445637319,1.64115951593539,-0.273590423399125,0.543851501744049,-0.58765539601487,-0.583693461726979,0.555650989859477,-0.290830296179214,-0.452612582656541,-0.524703256372089,-0.0117713726094742,-0.0629724299567404,0.023900093887018,-0.286456915044672,-0.192029368943532,-0.0220772657609293,0.161500371364089,0.172798034415682,0.29300953432324,0.654797852979971
"1993-03-01",8.21316498711848e-05,0.000316722619680759,0.662896140792558,-0.626190696556535,-0.516190496183134,0,0.0898161371260065,3.59284751793876,0.656341169056607,2.63468295878628,-0.425740523395334,3.46991589750263,-0.606471002737804,-0.780892606714959,-0.789087219056802,1.47479924883122,0.214840260777645,-0.74060791569475,-1.31116397217771,-1.05668918612724,-0.206759041917002,-0.317546976707519,-0.763475206609943,0.173915585295051,1.13357961550414,-0.631112110551911,0.222237379233405,0.659454712374837,-0.368565008343525,1.162847603818,-0.868721880703784,-0.137555444777513,-0.332088702313594,0.125821445637319,1.64115951593539,-0.273590423399125,0.543851501744049,-0.58765539601487,-0.583693461726979,0.555650989859477,-0.290830296179214,-0.452612582656541,-0.524703256372089,-0.0117713726094742,-0.0629724299567404,0.023900093887018,-0.286456915044672,-0.192029368943532,-0.0220772657609293,0.161500371364089,0.172798034415682,0.29300953432324,0.654797852979971
"1993-04-01",8.41120091724743e-05,0.000309121942796361,-0.0872714241273774,-0.202834081683425,0.118715529710053,0,0.396027544116453,2.67930552191072,0.813522237302869,3.87391223001936,-0.199371099494688,2.03052358984429,-0.446738111389046,-0.585730154376902,-0.55859303986508,1.08841744568194,1.49107046745955,-0.0109016155961025,-0.0162537806166519,-0.608116303006887,1.43599130416899,0.167997088626561,-0.787284025089555,0.718787792324714,2.76257357475654,-0.398722288198723,0.222237379233405,0.659454712374837,-0.368565008343525,1.162847603818,-0.868721880703784,-0.137555444777513,-0.332088702313594,0.125821445637319,1.64115951593539,-0.273590423399125,0.543851501744049,-0.58765539601487,-0.583693461726979,0.555650989859477,-0.290830296179214,-0.452612582656541,-0.524703256372089,-0.0117713726094742,-0.0629724299567404,0.023900093887018,-0.286456915044672,-0.192029368943532,-0.0220772657609293,0.161500371364089,0.172798034415682,0.29300953432324,0.654797852979971
"1993-05-01",8.14611862053723e-05,0.000894841030245682,0.906366912859452,0.529641344447738,0.718007001088809,0,-0.655885176998101,0.842335825193211,5.3481735287052,3.91650622340441,-0.509708669428573,4.03289467887076,-0.434861769053315,-0.59276648258332,-0.157305630323487,0.41826539759803,2.66282481647195,0.29421319635904,-0.788247674788099,1.62223548947229,5.16821295859529,2.41056847703265,-0.258573315533984,2.35616482290969,3.17506102386129,-0.554518677899708,0.222237379233405,0.659454712374837,-0.368565008343525,1.162847603818,-0.868721880703784,-0.137555444777513,-0.332088702313594,0.125821445637319,1.64115951593539,-0.273590423399125,0.543851501744049,-0.58765539601487,-0.583693461726979,0.555650989859477,-0.290830296179214,-0.452612582656541,-0.524703256372089,-0.0117713726094742,-0.0629724299567404,0.023900093887018,-0.286456915044672,-0.192029368943532,-0.0220772657609293,0.161500371364089,0.172798034415682,0.29300953432324,0.654797852979971
"1993-06-01",8.71253658974589e-05,0.000697158682423799,-0.926718219120742,0.856290880260517,1.33987732664563,0,0.0945904709880018,-0.655510462509838,0.0555489055889583,-0.18859009548693,-0.303545312201079,0.084290390547527,0.550453241821019,-0.392183043867259,1.30955469048962,-0.94733523293001,1.61916385990088,1.03078848841101,-0.489671401268076,3.80432212944061,3.4755866514038,5.24995253841242,1.28241854849311,2.06388457100697,1.97060260604109,-0.329612446050758,0.222237379233405,0.659454712374837,-0.368565008343525,1.162847603818,-0.868721880703784,-0.137555444777513,-0.332088702313594,0.125821445637319,1.64115951593539,-0.273590423399125,0.543851501744049,-0.58765539601487,-0.583693461726979,0.555650989859477,-0.290830296179214,-0.452612582656541,-0.524703256372089,-0.0117713726094742,-0.0629724299567404,0.023900093887018,-0.286456915044672,-0.192029368943532,-0.0220772657609293,0.161500371364089,0.172798034415682,0.29300953432324,0.654797852979971
"1993-07-01",0.000123167785828251,0.000285918887146794,-1.29632655234002,1.24699126724421,1.56883697665722,0,0.2163868381463,-0.799919043249132,-0.708372114928485,-0.591339683880267,-0.54366772310875,-0.816066238490812,1.61621218666731,-0.415721212544619,2.23683111416344,-1.73967614122868,0.0533248238416647,1.16697843193542,-0.112152165720878,2.62815300835459,-0.575525842256019,2.47628842805371,2.04900717742067,1.3771017755211,0.311954815179595,-0.461684681821738,0.222237379233405,0.659454712374837,-0.368565008343525,1.162847603818,-0.868721880703784,-0.137555444777513,-0.332088702313594,0.125821445637319,1.64115951593539,-0.273590423399125,0.543851501744049,-0.58765539601487,-0.583693461726979,0.555650989859477,-0.290830296179214,-0.452612582656541,-0.524703256372089,-0.0117713726094742,-0.0629724299567404,0.023900093887018,-0.286456915044672,-0.192029368943532,-0.0220772657609293,0.161500371364089,0.172798034415682,0.29300953432324,0.654797852979971
"1993-08-01",0.00012747403043217,0.000188195600251414,0.80527645104751,1.17194559454693,0.924172310507104,0,-0.0588335656694289,-0.799919043249132,0.0935478873566128,-0.591339683880267,-0.543410641393752,-0.647954797829079,0.710566150319874,-0.444825650652043,1.0091219472252,-1.17823466078367,0.330377077998027,1.05058050835403,-0.472648638920279,1.43558434163557,-0.621333236718427,0.624652280553181,1.04630335915546,1.07134062502295,-0.312752324532719,-0.479037765681878,0.222237379233405,0.659454712374837,-0.368565008343525,1.162847603818,-0.868721880703784,-0.137555444777513,-0.332088702313594,0.125821445637319,1.64115951593539,-0.273590423399125,0.543851501744049,-0.58765539601487,-0.583693461726979,0.555650989859477,-0.290830296179214,-0.452612582656541,-0.524703256372089,-0.0117713726094742,-0.0629724299567404,0.023900093887018,-0.286456915044672,-0.192029368943532,-0.0220772657609293,0.161500371364089,0.172798034415682,0.29300953432324,0.654797852979971
"1993-09-01",9.38792355350495e-05,0.00019475313473453,-0.897041751849102,0.705083860707791,0.436023523076805,0,-0.211868990950899,-0.799744840707384,-0.434281587924168,-0.591339683880267,-0.305578456973668,-0.536651757256865,-0.228421320226309,-0.441263001649708,0.369464542103611,-0.750710159549535,0.0957220364143283,0.828639122491724,-0.461283131936174,0.819257321938864,-0.536447466231027,0.0676846607007569,0.433221245914872,0.92717263403284,-0.503735673746005,-0.360281731634261,0.222237379233405,0.659454712374837,-0.368565008343525,1.162847603818,-0.868721880703784,-0.137555444777513,-0.332088702313594,0.125821445637319,1.64115951593539,-0.273590423399125,0.543851501744049,-0.58765539601487,-0.583693461726979,0.555650989859477,-0.290830296179214,-0.452612582656541,-0.524703256372089,-0.0117713726094742,-0.0629724299567404,0.023900093887018,-0.286456915044672,-0.192029368943532,-0.0220772657609293,0.161500371364089,0.172798034415682,0.29300953432324,0.654797852979971
"1993-10-01",7.32028760679924e-05,0.000185318603960464,1.15588852162149,0.0124575223850524,-0.520552234285837,0,-0.828256823329664,-0.759823250985113,0.215134969067865,-0.575169226148273,-0.537881994207217,-0.359954499873159,-0.706230698370083,-0.665782916030108,-0.731390851463981,0.501778236895079,-0.438972579205801,-0.00514328357768032,-0.702897872953096,0.400491873337463,-0.556827697200006,-0.177811057290405,-0.691323786536158,0.643356805887403,-0.479454480378559,-0.613039305752038,0.222237379233405,0.659454712374837,-0.368565008343525,1.162847603818,-0.868721880703784,-0.137555444777513,-0.332088702313594,0.125821445637319,1.64115951593539,-0.273590423399125,0.543851501744049,-0.58765539601487,-0.583693461726979,0.555650989859477,-0.290830296179214,-0.452612582656541,-0.524703256372089,-0.0117713726094742,-0.0629724299567404,0.023900093887018,-0.286456915044672,-0.192029368943532,-0.0220772657609293,0.161500371364089,0.172798034415682,0.29300953432324,0.654797852979971
"1993-11-01",8.71593814105442e-05,0.000170990016645831,-0.151804056710466,-0.988952520148153,-1.05048859982806,0,-0.836827507876526,-0.443924097800332,-0.584156294926625,-0.501493712698923,-0.302627704899761,-0.416628665120254,-0.858854601074037,-0.730013453330248,-0.981218847833777,0.826719514665432,-0.90252591475954,-0.54754205441584,-0.371036403200094,0.083380234652025,-0.480303088802169,-0.31397425245748,-0.898287653268981,0.247798995150723,-0.18743754088417,-0.53751252577979,0.222237379233405,0.659454712374837,-0.368565008343525,1.162847603818,-0.868721880703784,-0.137555444777513,-0.332088702313594,0.125821445637319,1.64115951593539,-0.273590423399125,0.543851501744049,-0.58765539601487,-0.583693461726979,0.555650989859477,-0.290830296179214,-0.452612582656541,-0.524703256372089,-0.0117713726094742,-0.0629724299567404,0.023900093887018,-0.286456915044672,-0.192029368943532,-0.0220772657609293,0.161500371364089,0.172798034415682,0.29300953432324,0.654797852979971
"1993-12-01",0.000109349132828203,0.000136360732416546,-1.06987390984693,-1.29731144283602,-1.24547586846611,0,-0.681214410428839,-0.0354886045472411,-0.863352500731956,-0.460413711667271,-0.539545315431094,-0.542448671842504,-0.863990573040685,-0.945435562993822,-0.99543510223053,0.56281129027597,-1.14989555053655,-1.3586617154396,-0.65195162888017,-0.126108198388409,-0.433540984163487,-0.374821046813899,-0.945125113610606,-0.325032108382318,0.0182835802150761,-0.787504001438453,0.222237379233405,0.659454712374837,-0.368565008343525,1.162847603818,-0.868721880703784,-0.137555444777513,-0.332088702313594,0.125821445637319,1.64115951593539,-0.273590423399125,0.543851501744049,-0.58765539601487,-0.583693461726979,0.555650989859477,-0.290830296179214,-0.452612582656541,-0.524703256372089,-0.0117713726094742,-0.0629724299567404,0.023900093887018,-0.286456915044672,-0.192029368943532,-0.0220772657609293,0.161500371364089,0.172798034415682,0.29300953432324,0.654797852979971
"1994-01-01",0.000110006169317797,9.67821910333538e-05,-1.19187549990616,-1.16242397458063,-1.16755971640465,0,-1.05692904043176,0.255563499479365,-0.846233111897713,-0.425446596887341,-0.425549165619275,-0.663911386292074,-0.798956536787356,-0.907233577307714,-0.750908754708865,0.130952394780032,-1.13686386813249,-1.42106593689357,-0.328062750472996,-0.304144912375229,-0.44296599282998,-0.428884797639779,-0.714750703253418,-0.839499695203696,0.10458877829345,-0.711091960812223,0.222237379233405,0.659454712374837,-0.368565008343525,1.162847603818,-0.868721880703784,-0.137555444777513,-0.332088702313594,0.125821445637319,1.64115951593539,-0.273590423399125,0.543851501744049,-0.58765539601487,-0.583693461726979,0.555650989859477,-0.290830296179214,-0.452612582656541,-0.524703256372089,-0.0117713726094742,-0.0629724299567404,0.023900093887018,-0.286456915044672,-0.192029368943532,-0.0220772657609293,0.161500371364089,0.172798034415682,0.29300953432324,0.654797852979971
"1994-02-01",0.000105548943576851,8.09667677388608e-05,0.81964614026114,-1.20026770499424,-0.999448027799907,0,-0.661845010822897,0.871094145154781,-0.413960743655666,-0.188327894572951,0.337611176530237,-0.136798358513346,-0.623156904668631,-0.54313316351231,-0.733339066624932,0.396310078780291,-0.845354462616997,-0.495111989391172,0.119160196506605,-0.458043957971929,-0.456797758463474,-0.48618117825808,-0.716853600867158,-0.987072176381175,0.21102499226023,-0.112729043178675,0.222237379233405,0.659454712374837,-0.368565008343525,1.162847603818,-0.868721880703784,-0.137555444777513,-0.332088702313594,0.125821445637319,1.64115951593539,-0.273590423399125,0.543851501744049,-0.58765539601487,-0.583693461726979,0.555650989859477,-0.290830296179214,-0.452612582656541,-0.524703256372089,-0.0117713726094742,-0.0629724299567404,0.023900093887018,-0.286456915044672,-0.192029368943532,-0.0220772657609293,0.161500371364089,0.172798034415682,0.29300953432324,0.654797852979971
"1994-03-01",8.50918946546854e-05,9.00548773665053e-05,-0.78702491331956,-0.4052715609694,-0.343931630019912,0,-0.506122967062732,0.674064176738686,-0.14706302215586,0.778690188692598,-0.414401121653594,0.226294062273484,-0.400357895686975,-0.746387496143004,-0.546651196957024,0.575515495738451,-0.106869304732841,-0.709310940069184,-0.133709811811863,-0.492936965952304,-0.0479805787141741,-0.488411116741658,-0.60622493413854,-0.687131152961005,0.672163455028048,-0.607100276145183,0.222237379233405,0.659454712374837,-0.368565008343525,1.162847603818,-0.868721880703784,-0.137555444777513,-0.332088702313594,0.125821445637319,1.64115951593539,-0.273590423399125,0.543851501744049,-0.58765539601487,-0.583693461726979,0.555650989859477,-0.290830296179214,-0.452612582656541,-0.524703256372089,-0.0117713726094742,-0.0629724299567404,0.023900093887018,-0.286456915044672,-0.192029368943532,-0.0220772657609293,0.161500371364089,0.172798034415682,0.29300953432324,0.654797852979971
"1994-04-01",8.88914871426499e-05,0.000129175402849821,0.872010962964933,-0.0289515864441363,0.193546276992468,0,0.156136873061466,0.342198778581383,1.22900626394762,0.96674237409075,-0.183772028156665,0.816656556245392,-0.205854145825496,-0.541278940346965,-0.123543339431174,0.314603351345353,0.841509307025473,0.0489019353086723,0.242677972662597,-0.149994397063922,0.258239015468575,-0.238641006083529,-0.143862553931173,0.131831932370163,1.03226574256269,-0.36681509299384,0.222237379233405,0.659454712374837,-0.368565008343525,1.162847603818,-0.868721880703784,-0.137555444777513,-0.332088702313594,0.125821445637319,1.64115951593539,-0.273590423399125,0.543851501744049,-0.58765539601487,-0.583693461726979,0.555650989859477,-0.290830296179214,-0.452612582656541,-0.524703256372089,-0.0117713726094742,-0.0629724299567404,0.023900093887018,-0.286456915044672,-0.192029368943532,-0.0220772657609293,0.161500371364089,0.172798034415682,0.29300953432324,0.654797852979971
"1994-05-01",8.40096642515247e-05,0.000309873566282869,-0.900683077894389,0.638704846520884,0.995259479483636,0,0.377001210777988,-0.459341744905848,1.21383086297104,0.265894223485364,-0.425711200407193,0.973340150338821,0.134988872662497,-0.520085100139782,0.64935981320131,-0.437687666227943,1.65106228163148,0.40801785560605,-0.785074708880225,0.218423359532957,0.794148050812781,0.341773581476737,0.808111279490024,1.43363712824959,0.964234235381302,-0.47189993748503,0.222237379233405,0.659454712374837,-0.368565008343525,1.162847603818,-0.868721880703784,-0.137555444777513,-0.332088702313594,0.125821445637319,1.64115951593539,-0.273590423399125,0.543851501744049,-0.58765539601487,-0.583693461726979,0.555650989859477,-0.290830296179214,-0.452612582656541,-0.524703256372089,-0.0117713726094742,-0.0629724299567404,0.023900093887018,-0.286456915044672,-0.192029368943532,-0.0220772657609293,0.161500371364089,0.172798034415682,0.29300953432324,0.654797852979971
"1994-06-01",8.98122930495023e-05,0.000197760225443946,-1.36967691149875,1.27045843080069,1.81433046898122,0,0.243972092725462,-0.79373574706026,-0.72832238535194,-0.575455933294686,-0.236007645333421,-0.801292459121518,1.31041482977145,-0.329450336263157,2.04865103696235,-1.56930156928863,0.15098581851659,1.14489865401912,0.446219165661779,0.441411649167482,0.0351434649051924,0.799538242484221,2.16425621179552,0.956768921830183,-0.0200217166992133,-0.260473498018969,0.222237379233405,0.659454712374837,-0.368565008343525,1.162847603818,-0.868721880703784,-0.137555444777513,-0.332088702313594,0.125821445637319,1.64115951593539,-0.273590423399125,0.543851501744049,-0.58765539601487,-0.583693461726979,0.555650989859477,-0.290830296179214,-0.452612582656541,-0.524703256372089,-0.0117713726094742,-0.0629724299567404,0.023900093887018,-0.286456915044672,-0.192029368943532,-0.0220772657609293,0.161500371364089,0.172798034415682,0.29300953432324,0.654797852979971
"1994-07-01",0.000117471380913241,0.000170218401585843,-1.46182018688655,1.50268810953295,1.68117934791128,0,2.28768456714307,-0.799919043249132,-0.833184506962416,-0.591339683880267,-0.510500642892768,-0.91024356857899,2.5376471674757,-0.373969434763438,1.76641936163774,-1.84928263540971,-0.592199814172273,1.27493871637425,1.03527828897916,-0.0776908783124005,-0.525578166893202,-0.0530938871550612,2.08131445354364,0.0935570472707596,-0.66876344535133,-0.420962042053713,0.222237379233405,0.659454712374837,-0.368565008343525,1.162847603818,-0.868721880703784,-0.137555444777513,-0.332088702313594,0.125821445637319,1.64115951593539,-0.273590423399125,0.543851501744049,-0.58765539601487,-0.583693461726979,0.555650989859477,-0.290830296179214,-0.452612582656541,-0.524703256372089,-0.0117713726094742,-0.0629724299567404,0.023900093887018,-0.286456915044672,-0.192029368943532,-0.0220772657609293,0.161500371364089,0.172798034415682,0.29300953432324,0.654797852979971
"1994-08-01",0.000120033286135612,0.000118694745857537,-0.148861076099205,1.49743526551982,1.15934906362762,0,1.66325968204478,-0.799919043249132,-0.364123333426218,-0.591339683880267,-0.456046337208115,-0.836966359392855,1.56924267376183,-0.370450499245793,0.921888654024738,-1.36670087975384,-0.0395499058775137,1.18725131126678,-0.320454169499707,-0.371572065975725,-0.51202637547633,-0.39130431781828,1.16603002741748,-0.604465959173475,-0.974223908157252,-0.39328637458368,0.222237379233405,0.659454712374837,-0.368565008343525,1.162847603818,-0.868721880703784,-0.137555444777513,-0.332088702313594,0.125821445637319,1.64115951593539,-0.273590423399125,0.543851501744049,-0.58765539601487,-0.583693461726979,0.555650989859477,-0.290830296179214,-0.452612582656541,-0.524703256372089,-0.0117713726094742,-0.0629724299567404,0.023900093887018,-0.286456915044672,-0.192029368943532,-0.0220772657609293,0.161500371364089,0.172798034415682,0.29300953432324,0.654797852979971
"1994-09-01",9.00742721765978e-05,9.57518790449023e-05,0.135204086626192,0.903168872687607,0.47849403170143,0,1.7872056576742,-0.799919043249132,-0.195687886598993,-0.591339683880267,-0.238804704503967,-0.708674459538139,0.963998390427941,-0.37861977812015,0.421523504194663,-0.963306160960905,-0.0951761587382044,0.948407418388416,-0.340156429526383,-0.555800373916087,-0.502191920757595,-0.519955081917016,0.619709766924566,-0.872374554298912,-1.1191459225487,-0.291445926579976,0.222237379233405,0.659454712374837,-0.368565008343525,1.162847603818,-0.868721880703784,-0.137555444777513,-0.332088702313594,0.125821445637319,1.64115951593539,-0.273590423399125,0.543851501744049,-0.58765539601487,-0.583693461726979,0.555650989859477,-0.290830296179214,-0.452612582656541,-0.524703256372089,-0.0117713726094742,-0.0629724299567404,0.023900093887018,-0.286456915044672,-0.192029368943532,-0.0220772657609293,0.161500371364089,0.172798034415682,0.29300953432324,0.654797852979971
"1994-10-01",6.90437336390825e-05,0.000100304885309536,1.14502238962602,0.0583024873488301,-0.486241104886101,0,-0.26299551674843,-0.771754696592283,0.559634003288701,-0.564613427228535,-0.47293789508378,-0.0323572468852951,-0.769845028054859,-0.607145647665284,-1.00876777338261,0.827079823013632,-0.313162004458353,0.0979762770752819,-0.875861604494631,-0.701292095262678,-0.514785272791772,-0.578118009015728,-0.975284703192728,-0.423176188100287,-0.812792543441432,-0.54756575002733,0.222237379233405,0.659454712374837,-0.368565008343525,1.162847603818,-0.868721880703784,-0.137555444777513,-0.332088702313594,0.125821445637319,1.64115951593539,-0.273590423399125,0.543851501744049,-0.58765539601487,-0.583693461726979,0.555650989859477,-0.290830296179214,-0.452612582656541,-0.524703256372089,-0.0117713726094742,-0.0629724299567404,0.023900093887018,-0.286456915044672,-0.192029368943532,-0.0220772657609293,0.161500371364089,0.172798034415682,0.29300953432324,0.654797852979971
"1994-11-01",7.13902072785794e-05,0.000121810745885165,0.657373278209738,-0.896334023681789,-1.03298440443528,0,-0.419737951912564,-0.529302076473565,-0.186313543460427,-0.564074581052974,-0.221367637935123,0.190566116613953,-0.997094053718704,-0.66697192281371,-1.06463078914662,1.14043227907926,-0.847301213608814,-0.432726392389164,-0.783990168310703,-0.757696820733026,-0.242444799433561,-0.492355598347547,-1.02768973684374,0.0153825890995855,-0.0757230024984757,-0.461147262466849,0.222237379233405,0.659454712374837,-0.368565008343525,1.162847603818,-0.868721880703784,-0.137555444777513,-0.332088702313594,0.125821445637319,1.64115951593539,-0.273590423399125,0.543851501744049,-0.58765539601487,-0.583693461726979,0.555650989859477,-0.290830296179214,-0.452612582656541,-0.524703256372089,-0.0117713726094742,-0.0629724299567404,0.023900093887018,-0.286456915044672,-0.192029368943532,-0.0220772657609293,0.161500371364089,0.172798034415682,0.29300953432324,0.654797852979971
"1994-12-01",9.35274435181412e-05,0.000129282521877871,-0.434870465301726,-1.11763932735614,-1.29207272657688,0,-0.889057612766235,-0.0825490374457956,-0.609551959837724,-0.38601217913628,-0.440904047245707,-0.0189272217451344,-1.07783819905241,-0.87997924815531,-1.1502141891887,1.2479759119943,-1.10945920305701,-1.23532645579024,-0.887789190101791,-0.746398467386729,-0.313653650498838,-0.509522509072353,-1.08110505998123,-0.0999635709798765,0.388819472868936,-0.700780941593671,0.222237379233405,0.659454712374837,-0.368565008343525,1.162847603818,-0.868721880703784,-0.137555444777513,-0.332088702313594,0.125821445637319,1.64115951593539,-0.273590423399125,0.543851501744049,-0.58765539601487,-0.583693461726979,0.555650989859477,-0.290830296179214,-0.452612582656541,-0.524703256372089,-0.0117713726094742,-0.0629724299567404,0.023900093887018,-0.286456915044672,-0.192029368943532,-0.0220772657609293,0.161500371364089,0.172798034415682,0.29300953432324,0.654797852979971
"1995-01-01",0.000103941561392724,0.000133283820390797,0.513815552150319,-1.21008971932075,-1.26435711584702,0,-1.01985043582991,0.322963380405648,-0.43627866171023,-0.211100136472496,-0.326776955124775,0.454852633745287,-1.09837463801428,-0.534767945371278,-1.16423858975385,1.7761987359422,-1.00880607418167,-1.28827980256605,-0.864710796291053,-0.730520793761812,-0.183543914893507,-0.553938745234282,-1.10458712993606,-0.258662824682527,0.823166015249927,-0.468938283868975,0.222237379233405,0.659454712374837,-0.368565008343525,1.162847603818,-0.868721880703784,-0.137555444777513,-0.332088702313594,0.125821445637319,1.64115951593539,-0.273590423399125,0.543851501744049,-0.58765539601487,-0.583693461726979,0.555650989859477,-0.290830296179214,-0.452612582656541,-0.524703256372089,-0.0117713726094742,-0.0629724299567404,0.023900093887018,-0.286456915044672,-0.192029368943532,-0.0220772657609293,0.161500371364089,0.172798034415682,0.29300953432324,0.654797852979971
"1995-02-01",9.9534762158018e-05,0.000137702256511559,-0.0516847766372392,-0.635311147266074,-0.855795275110059,0,-0.913228552649967,0.565341575981471,-0.439412396665475,0.000287172270326902,0.53415735200053,0.494689356612135,-1.07434339164176,-0.0728501240204397,-0.839274249420593,1.61488132141757,-0.421000187463266,-0.292116136684541,-1.21318383513253,-0.53995868765523,0.0259164066129605,-0.442694328443317,-0.934559643204983,-0.256998912418919,1.36175111920209,0.230787043613867,0.222237379233405,0.659454712374837,-0.368565008343525,1.162847603818,-0.868721880703784,-0.137555444777513,-0.332088702313594,0.125821445637319,1.64115951593539,-0.273590423399125,0.543851501744049,-0.58765539601487,-0.583693461726979,0.555650989859477,-0.290830296179214,-0.452612582656541,-0.524703256372089,-0.0117713726094742,-0.0629724299567404,0.023900093887018,-0.286456915044672,-0.192029368943532,-0.0220772657609293,0.161500371364089,0.172798034415682,0.29300953432324,0.654797852979971
"1995-03-01",8.30721489698234e-05,0.000181642243112011,1.66281409083653,-0.501170895087671,-0.455118796032415,0,-0.9264062908127,0.933862091103339,0.571684575642529,0.723338284923337,-0.246366749247472,1.55169043198258,-1.05963650651601,-0.312623987452919,-0.665914768675459,1.58124943456982,0.3355099307418,-0.527210088738348,-0.910300572120426,-0.104758876916363,0.951691941002977,0.0495229180519891,-0.819190164632682,0.527532599758456,2.07482270366889,-0.29719238958046,0.222237379233405,0.659454712374837,-0.368565008343525,1.162847603818,-0.868721880703784,-0.137555444777513,-0.332088702313594,0.125821445637319,1.64115951593539,-0.273590423399125,0.543851501744049,-0.58765539601487,-0.583693461726979,0.555650989859477,-0.290830296179214,-0.452612582656541,-0.524703256372089,-0.0117713726094742,-0.0629724299567404,0.023900093887018,-0.286456915044672,-0.192029368943532,-0.0220772657609293,0.161500371364089,0.172798034415682,0.29300953432324,0.654797852979971
"1995-04-01",8.99447745215187e-05,0.000217052690615481,0.839418901177485,-0.222326107884618,0.0802376586947064,0,-0.353525257419878,0.811382238613358,0.2004252474847,1.00174199366896,-0.0418664604594738,0.140159888692663,-0.658146104929763,-0.0925350775913388,-0.358038017075617,0.461714635806385,1.25553062281466,0.19632645321743,0.1736764055364,0.538579078547368,0.631929522734251,0.331638355360094,-0.485526790103349,0.813275989806917,2.0502757033727,-0.0635959724183984,0.222237379233405,0.659454712374837,-0.368565008343525,1.162847603818,-0.868721880703784,-0.137555444777513,-0.332088702313594,0.125821445637319,1.64115951593539,-0.273590423399125,0.543851501744049,-0.58765539601487,-0.583693461726979,0.555650989859477,-0.290830296179214,-0.452612582656541,-0.524703256372089,-0.0117713726094742,-0.0629724299567404,0.023900093887018,-0.286456915044672,-0.192029368943532,-0.0220772657609293,0.161500371364089,0.172798034415682,0.29300953432324,0.654797852979971
"1995-05-01",8.58793239444402e-05,0.000583942224463155,3.28465983579718,0.222823866952083,0.425014232353107,0,-0.898503185668506,0.360568991445958,3.5739358010195,2.57568808755264,-0.338004373385941,2.99731045532668,-0.619316126386154,-0.0958027891410815,-0.473734093434917,0.884841035290466,2.28521032751565,0.522954140910774,-0.917569339461384,1.20531005778466,2.33960395423993,1.42072289614551,-0.510995131904646,1.88074278936446,2.3788463024018,-0.209675024968648,0.222237379233405,0.659454712374837,-0.368565008343525,1.162847603818,-0.868721880703784,-0.137555444777513,-0.332088702313594,0.125821445637319,1.64115951593539,-0.273590423399125,0.543851501744049,-0.58765539601487,-0.583693461726979,0.555650989859477,-0.290830296179214,-0.452612582656541,-0.524703256372089,-0.0117713726094742,-0.0629724299567404,0.023900093887018,-0.286456915044672,-0.192029368943532,-0.0220772657609293,0.161500371364089,0.172798034415682,0.29300953432324,0.654797852979971
"1995-06-01",0.000139383935737424,0.000691749917461545,-0.0237327018792304,0.806113092041723,1.18954103313093,0,0.0277638525628187,-0.550779734630142,0.801721061289487,0.122096551800071,-0.136776883972642,1.23039860445106,-0.0479581407126927,0.126860587830668,0.679314106786234,-0.232796889005643,2.48988045836219,1.29580409289078,-0.567246997788596,3.01447106540504,4.03704180761736,3.77891654069818,0.570528050613667,2.10856460457357,2.24060601983689,0.0247164765823343,0.222237379233405,0.659454712374837,-0.368565008343525,1.162847603818,-0.868721880703784,-0.137555444777513,-0.332088702313594,0.125821445637319,1.64115951593539,-0.273590423399125,0.543851501744049,-0.58765539601487,-0.583693461726979,0.555650989859477,-0.290830296179214,-0.452612582656541,-0.524703256372089,-0.0117713726094742,-0.0629724299567404,0.023900093887018,-0.286456915044672,-0.192029368943532,-0.0220772657609293,0.161500371364089,0.172798034415682,0.29300953432324,0.654797852979971
"1995-07-01",0.000147588835551626,0.000368934045213115,-0.448478634761822,1.29460644570042,1.4353262553356,0,0.438122686038,-0.799919043249132,-0.44625023343743,-0.591339683880267,-0.43329827080437,-0.461566858701111,0.834454966832362,0.0627588767412938,1.90463687696008,-0.975020021179156,1.28661002130349,1.42291815581949,-0.147972269355886,2.79179345121604,-0.0958880765442934,2.76611831642542,1.6353647771987,1.54414488285852,0.609666699511088,-0.157060422729909,0.222237379233405,0.659454712374837,-0.368565008343525,1.162847603818,-0.868721880703784,-0.137555444777513,-0.332088702313594,0.125821445637319,1.64115951593539,-0.273590423399125,0.543851501744049,-0.58765539601487,-0.583693461726979,0.555650989859477,-0.290830296179214,-0.452612582656541,-0.524703256372089,-0.0117713726094742,-0.0629724299567404,0.023900093887018,-0.286456915044672,-0.192029368943532,-0.0220772657609293,0.161500371364089,0.172798034415682,0.29300953432324,0.654797852979971
"1995-08-01",0.000154320923325574,0.000195391074795726,-0.0373149011236393,1.4460115924318,1.18079501397904,0,0.144128347206845,-0.799919043249132,-0.2547006176909,-0.591339683880267,-0.42695338285311,-0.743169377629101,0.720058378443259,0.0353240366109289,1.46444153028754,-1.25726741035798,0.29927040944401,1.30552148238735,-0.287304181442934,1.57853922996207,-0.62386456057386,0.664256256198384,1.42710692420581,0.930397271930263,-0.330657622831595,-0.170463942104742,0.222237379233405,0.659454712374837,-0.368565008343525,1.162847603818,-0.868721880703784,-0.137555444777513,-0.332088702313594,0.125821445637319,1.64115951593539,-0.273590423399125,0.543851501744049,-0.58765539601487,-0.583693461726979,0.555650989859477,-0.290830296179214,-0.452612582656541,-0.524703256372089,-0.0117713726094742,-0.0629724299567404,0.023900093887018,-0.286456915044672,-0.192029368943532,-0.0220772657609293,0.161500371364089,0.172798034415682,0.29300953432324,0.654797852979971
"1995-09-01",0.000154085500169221,0.000193690895904849,0.0988219382681634,0.877488801709987,0.393573745911894,0,-0.346747421381791,-0.79728777824347,-0.124444648594012,-0.590602514181405,-0.135557452120974,-0.689959720920892,0.201731332297739,0.0704827923480901,0.583946768811646,-0.907079960962021,-0.130435726558144,1.10462082606881,-0.693198294129988,0.952403720536135,-0.569822619807335,0.018211677995625,0.549803206145405,0.535053189007783,-0.621319235026892,-0.00770617862759129,0.222237379233405,0.659454712374837,-0.368565008343525,1.162847603818,-0.868721880703784,-0.137555444777513,-0.332088702313594,0.125821445637319,1.64115951593539,-0.273590423399125,0.543851501744049,-0.58765539601487,-0.583693461726979,0.555650989859477,-0.290830296179214,-0.452612582656541,-0.524703256372089,-0.0117713726094742,-0.0629724299567404,0.023900093887018,-0.286456915044672,-0.192029368943532,-0.0220772657609293,0.161500371364089,0.172798034415682,0.29300953432324,0.654797852979971
"1995-10-01",0.000124557647757648,0.000175247923415365,-1.13750884677482,0.083262497592063,-0.274583609109416,0,-0.931062629665167,-0.787016654834723,-0.499022394407265,-0.588796157442167,-0.433208532349283,-0.484564928633495,-0.440498198075349,-0.224917251768423,-0.225887175846331,-0.462244206578264,-0.647924902593569,0.196864492940733,-0.265597178362676,0.539730497463757,-0.541131542987147,-0.227813280832321,-0.181604589130749,0.120568320556236,-0.550315771520753,-0.331636734283309,0.222237379233405,0.659454712374837,-0.368565008343525,1.162847603818,-0.868721880703784,-0.137555444777513,-0.332088702313594,0.125821445637319,1.64115951593539,-0.273590423399125,0.543851501744049,-0.58765539601487,-0.583693461726979,0.555650989859477,-0.290830296179214,-0.452612582656541,-0.524703256372089,-0.0117713726094742,-0.0629724299567404,0.023900093887018,-0.286456915044672,-0.192029368943532,-0.0220772657609293,0.161500371364089,0.172798034415682,0.29300953432324,0.654797852979971
"1995-11-01",0.000121527880039508,0.000145115549692294,-0.920348716328523,-0.419128341960416,-0.890874434645478,0,-0.749871700916464,-0.736860381945541,-0.40504488633427,-0.550208657226485,-0.238978114589009,-0.468232716912529,-0.4283879191283,-0.324090548763721,-0.682890720686724,-0.463520732806314,-1.06437951892963,-0.368289056053639,0.0517289206445258,0.263258511970967,-0.464153023421148,-0.327730190143681,-0.612400804354829,-0.330404053359818,-0.367897180934599,-0.29539705030906,0.222237379233405,0.659454712374837,-0.368565008343525,1.162847603818,-0.868721880703784,-0.137555444777513,-0.332088702313594,0.125821445637319,1.64115951593539,-0.273590423399125,0.543851501744049,-0.58765539601487,-0.583693461726979,0.555650989859477,-0.290830296179214,-0.452612582656541,-0.524703256372089,-0.0117713726094742,-0.0629724299567404,0.023900093887018,-0.286456915044672,-0.192029368943532,-0.0220772657609293,0.161500371364089,0.172798034415682,0.29300953432324,0.654797852979971
"1995-12-01",0.000124421585705307,0.000120707032000055,-0.790446871151277,-0.969957307405233,-1.17522729709881,0,-1.02521335727266,-0.701869550727559,-0.485982048763212,-0.565410939588466,-0.448762355283192,-0.545360679532508,-0.592904702103233,-0.557109135982533,-0.970948617949497,-0.393452915603446,-1.23361540613323,-1.18506908012191,-0.224142820642973,0.0811612568769325,-0.325298717453391,-0.322660562941922,-0.892957854865271,-0.599652068884976,-0.0948280139817267,-0.540468592105646,0.222237379233405,0.659454712374837,-0.368565008343525,1.162847603818,-0.868721880703784,-0.137555444777513,-0.332088702313594,0.125821445637319,1.64115951593539,-0.273590423399125,0.543851501744049,-0.58765539601487,-0.583693461726979,0.555650989859477,-0.290830296179214,-0.452612582656541,-0.524703256372089,-0.0117713726094742,-0.0629724299567404,0.023900093887018,-0.286456915044672,-0.192029368943532,-0.0220772657609293,0.161500371364089,0.172798034415682,0.29300953432324,0.654797852979971
"1996-01-01",0.000133960848453872,9.93861680745402e-05,0.665076595630451,-1.26617252955281,-1.17516345225395,0,-1.12360303750004,-0.0744208771898857,-0.839300474067389,-0.567159036715899,-0.337326152892983,-0.720840177950813,-0.520762948302603,-0.515133648014992,-1.01499568834706,-0.493871821112628,-1.18886539498318,-1.28594357745171,-0.187964986589889,-0.021118985018945,-0.300241165713762,-0.324169607093943,-0.937404944350152,-0.922657421284632,0.0394502756149616,-0.464384382483379,0.222237379233405,0.659454712374837,-0.368565008343525,1.162847603818,-0.868721880703784,-0.137555444777513,-0.332088702313594,0.125821445637319,1.64115951593539,-0.273590423399125,0.543851501744049,-0.58765539601487,-0.583693461726979,0.555650989859477,-0.290830296179214,-0.452612582656541,-0.524703256372089,-0.0117713726094742,-0.0629724299567404,0.023900093887018,-0.286456915044672,-0.192029368943532,-0.0220772657609293,0.161500371364089,0.172798034415682,0.29300953432324,0.654797852979971
"1996-02-01",0.000120823699242304,8.87924244203314e-05,0.364418626160614,-0.897025557250895,-0.882292536195048,0,-0.620474367911794,0.757531228053937,-0.389933742262957,0.117633663060806,0.175190639646888,-0.15285932798981,-0.497333682773089,-0.203841180831762,-0.888743608028651,0.153080921187786,-0.871713118009415,-0.567369743996392,0.070141444481159,-0.1270060046962,-0.329427096112251,-0.423953047711507,-0.921471356964624,-1.06394287259921,0.195027831724927,-0.0264898686524655,0.222237379233405,0.659454712374837,-0.368565008343525,1.162847603818,-0.868721880703784,-0.137555444777513,-0.332088702313594,0.125821445637319,1.64115951593539,-0.273590423399125,0.543851501744049,-0.58765539601487,-0.583693461726979,0.555650989859477,-0.290830296179214,-0.452612582656541,-0.524703256372089,-0.0117713726094742,-0.0629724299567404,0.023900093887018,-0.286456915044672,-0.192029368943532,-0.0220772657609293,0.161500371364089,0.172798034415682,0.29300953432324,0.654797852979971
"1996-03-01",0.000155634399541376,0.000105372301614162,-0.226863811235318,-0.585978694179934,-0.409283631879159,0,-0.343596484095154,1.03991463784214,-0.252143948377115,0.274553697935454,-0.349243672512991,-0.043405623757235,0.0256657401112638,-0.337542987970231,-0.577924915101956,0.506598983445256,-0.424486886406814,-0.57989877224945,0.73390478754961,-0.0521604613772926,0.155813844927594,-0.366861560411973,-0.581511835864638,-0.856684837803059,0.662446989469301,-0.363922695788847,0.222237379233405,0.659454712374837,-0.368565008343525,1.162847603818,-0.868721880703784,-0.137555444777513,-0.332088702313594,0.125821445637319,1.64115951593539,-0.273590423399125,0.543851501744049,-0.58765539601487,-0.583693461726979,0.555650989859477,-0.290830296179214,-0.452612582656541,-0.524703256372089,-0.0117713726094742,-0.0629724299567404,0.023900093887018,-0.286456915044672,-0.192029368943532,-0.0220772657609293,0.161500371364089,0.172798034415682,0.29300953432324,0.654797852979971
"1996-04-01",0.000157879125023311,0.000134730673223696,-0.655572158159873,-0.0740318614583107,0.277337281928904,0,-0.192409586971638,0.644464719712524,0.553197655612083,2.10508047457495,-0.174915474600475,0.184290955012994,0.376468969286997,-0.137326999663722,-0.161951002633731,0.166807736949523,0.366803804608222,0.179263841263467,0.621411736270488,0.562630302151994,0.958889951659152,0.0867742896528019,-0.125323362109472,-0.256519752042979,0.936614391773789,-0.155027428719608,0.222237379233405,0.659454712374837,-0.368565008343525,1.162847603818,-0.868721880703784,-0.137555444777513,-0.332088702313594,0.125821445637319,1.64115951593539,-0.273590423399125,0.543851501744049,-0.58765539601487,-0.583693461726979,0.555650989859477,-0.290830296179214,-0.452612582656541,-0.524703256372089,-0.0117713726094742,-0.0629724299567404,0.023900093887018,-0.286456915044672,-0.192029368943532,-0.0220772657609293,0.161500371364089,0.172798034415682,0.29300953432324,0.654797852979971
"1996-05-01",0.000143827435920459,0.000374736674011093,-0.383424846645282,0.63807077208248,1.05539802241567,0,-0.0187516985167869,-0.436189902244315,2.20428345135515,0.415885140507017,-0.438468216954936,1.42115051342496,0.63972993666373,-0.125750897503047,0.633628396530555,-0.581372091076916,1.0234920334319,0.539496139529235,0.452620936108776,1.29892028313698,1.73565909648625,1.37278656403392,0.631527850269928,1.29355514950713,0.898257395818066,-0.276054631264354,0.222237379233405,0.659454712374837,-0.368565008343525,1.162847603818,-0.868721880703784,-0.137555444777513,-0.332088702313594,0.125821445637319,1.64115951593539,-0.273590423399125,0.543851501744049,-0.58765539601487,-0.583693461726979,0.555650989859477,-0.290830296179214,-0.452612582656541,-0.524703256372089,-0.0117713726094742,-0.0629724299567404,0.023900093887018,-0.286456915044672,-0.192029368943532,-0.0220772657609293,0.161500371364089,0.172798034415682,0.29300953432324,0.654797852979971
"1996-06-01",0.00014836820853565,0.000253952957915749,-0.723057887442542,1.13696681462122,1.53350614122641,0,0.755566904247321,-0.798339288560077,-0.553996874453641,-0.5879691480925,-0.130959557023544,-0.72905818144201,0.663084508130329,0.162029629093638,1.41503814788682,-1.19230469264066,0.868629571117002,1.35596924134239,-0.0666093306595612,1.31770418494125,-0.261349997964835,1.28320901357233,1.47768190596127,0.999649318170877,0.0307157225646028,0.046914910477253,0.222237379233405,0.659454712374837,-0.368565008343525,1.162847603818,-0.868721880703784,-0.137555444777513,-0.332088702313594,0.125821445637319,1.64115951593539,-0.273590423399125,0.543851501744049,-0.58765539601487,-0.583693461726979,0.555650989859477,-0.290830296179214,-0.452612582656541,-0.524703256372089,-0.0117713726094742,-0.0629724299567404,0.023900093887018,-0.286456915044672,-0.192029368943532,-0.0220772657609293,0.161500371364089,0.172798034415682,0.29300953432324,0.654797852979971
"1996-07-01",0.00013570518783542,0.00019068678901237,-0.678778595175988,1.52893906114965,1.51675713454087,0,1.73397307780068,-0.799919043249132,-0.584054271746073,-0.591339683880267,-0.307558011457586,-0.817392713034775,2.3443017564673,0.177193579794883,1.62698499608529,-1.30896324930193,0.283895251876742,1.54786807921337,-0.19139505232023,0.585425171309671,-0.591678143372304,0.0560323338583441,1.94037325861429,0.34030681165591,-0.703218936217312,-0.0316197806764138,0.222237379233405,0.659454712374837,-0.368565008343525,1.162847603818,-0.868721880703784,-0.137555444777513,-0.332088702313594,0.125821445637319,1.64115951593539,-0.273590423399125,0.543851501744049,-0.58765539601487,-0.583693461726979,0.555650989859477,-0.290830296179214,-0.452612582656541,-0.524703256372089,-0.0117713726094742,-0.0629724299567404,0.023900093887018,-0.286456915044672,-0.192029368943532,-0.0220772657609293,0.161500371364089,0.172798034415682,0.29300953432324,0.654797852979971
"1996-08-01",0.000125138298533647,0.000146809164185908,-1.1645728668403,1.38618685470174,1.14812529287023,0,1.06090704236118,-0.799919043249132,-0.73482999320382,-0.591339683880267,-0.32471297065776,-0.870339855203873,2.0535473601433,0.13178169765432,1.08050192959977,-1.45913989679533,-0.484943515396274,1.39912078955572,0.00225649865571574,0.215443764848976,-0.503466558146152,-0.29097556547119,1.36065457410597,-0.600227061336099,-1.07033131834738,-0.0669353528392558,0.222237379233405,0.659454712374837,-0.368565008343525,1.162847603818,-0.868721880703784,-0.137555444777513,-0.332088702313594,0.125821445637319,1.64115951593539,-0.273590423399125,0.543851501744049,-0.58765539601487,-0.583693461726979,0.555650989859477,-0.290830296179214,-0.452612582656541,-0.524703256372089,-0.0117713726094742,-0.0629724299567404,0.023900093887018,-0.286456915044672,-0.192029368943532,-0.0220772657609293,0.161500371364089,0.172798034415682,0.29300953432324,0.654797852979971
"1996-09-01",0.000116785103017661,0.00010610960277937,0.641041477721954,0.694829598545022,0.260814429302917,0,0.943916619179902,-0.795821600591587,-0.0369269910194929,-0.590532693573727,-0.0597893786076947,-0.687423316963791,0.837852487447065,0.150776492443388,-0.117390174264804,-0.518295462341112,0.00202153963995764,1.17500273894236,-0.179909091269801,-0.0157582153671598,-0.497018770815075,-0.402517026164413,0.0788095372775998,-0.974249844721055,-1.21167686690816,0.0734933900767125,0.222237379233405,0.659454712374837,-0.368565008343525,1.162847603818,-0.868721880703784,-0.137555444777513,-0.332088702313594,0.125821445637319,1.64115951593539,-0.273590423399125,0.543851501744049,-0.58765539601487,-0.583693461726979,0.555650989859477,-0.290830296179214,-0.452612582656541,-0.524703256372089,-0.0117713726094742,-0.0629724299567404,0.023900093887018,-0.286456915044672,-0.192029368943532,-0.0220772657609293,0.161500371364089,0.172798034415682,0.29300953432324,0.654797852979971
"1996-10-01",9.15596162479883e-05,0.000102996288186986,1.28830774513067,0.0470070230088503,-0.362476262903487,0,-0.0466144464721388,-0.674933392883581,-0.204055462099221,-0.554428456669279,-0.321504125731334,-0.362573397242513,-0.00961473282594816,-0.129780509377144,-0.356493227750019,0.0427326049484091,-0.377522122171538,0.294918965064911,-0.491622666347992,-0.210961829861525,-0.495383944280611,-0.486462947065528,-0.263239143479659,-0.950595814181225,-1.13318479725024,-0.223804372321338,0.222237379233405,0.659454712374837,-0.368565008343525,1.162847603818,-0.868721880703784,-0.137555444777513,-0.332088702313594,0.125821445637319,1.64115951593539,-0.273590423399125,0.543851501744049,-0.58765539601487,-0.583693461726979,0.555650989859477,-0.290830296179214,-0.452612582656541,-0.524703256372089,-0.0117713726094742,-0.0629724299567404,0.023900093887018,-0.286456915044672,-0.192029368943532,-0.0220772657609293,0.161500371364089,0.172798034415682,0.29300953432324,0.654797852979971
"1996-11-01",8.98883803814036e-05,0.000114199327259792,0.936692076623363,-0.609592384141929,-1.07084194186968,0,-1.59630715234888,-0.335492760286336,0.343763248809674,-0.0496889773805161,-0.0444822732291813,0.797731688846449,-1.00761762028663,-0.187049545671132,-1.05957555769839,1.61958095975836,-0.835242575037714,-0.247885786151511,-0.814644214947956,-0.371548427866736,-0.421068104927244,-0.54333351240831,-1.06622573697031,-0.543945775039502,-0.562723836888126,-0.123299416612014,0.222237379233405,0.659454712374837,-0.368565008343525,1.162847603818,-0.868721880703784,-0.137555444777513,-0.332088702313594,0.125821445637319,1.64115951593539,-0.273590423399125,0.543851501744049,-0.58765539601487,-0.583693461726979,0.555650989859477,-0.290830296179214,-0.452612582656541,-0.524703256372089,-0.0117713726094742,-0.0629724299567404,0.023900093887018,-0.286456915044672,-0.192029368943532,-0.0220772657609293,0.161500371364089,0.172798034415682,0.29300953432324,0.654797852979971
"1996-12-01",0.000124585098873471,0.000157461390652088,0.457330519330769,-1.12916354875189,-1.23476837143848,0,-2.01425271505374,0.26066371338682,-0.383629295848119,-0.213791212735102,-0.286191664477808,0.652915821578048,-1.03890215903977,-0.442909714331841,-1.16935044621565,1.88355727895234,-1.00820734884493,-1.0893417931734,-0.762168688470176,-0.28202971617192,0.0270018601484743,-0.422413918172198,-1.13975520919148,-0.0440823278808654,0.440389562122941,-0.396912395985411,0.222237379233405,0.659454712374837,-0.368565008343525,1.162847603818,-0.868721880703784,-0.137555444777513,-0.332088702313594,0.125821445637319,1.64115951593539,-0.273590423399125,0.543851501744049,-0.58765539601487,-0.583693461726979,0.555650989859477,-0.290830296179214,-0.452612582656541,-0.524703256372089,-0.0117713726094742,-0.0629724299567404,0.023900093887018,-0.286456915044672,-0.192029368943532,-0.0220772657609293,0.161500371364089,0.172798034415682,0.29300953432324,0.654797852979971
"1997-01-01",0.000147370718533509,0.000161343038105829,1.88442647383344,-1.41744034783737,-1.2938959437312,0,-2.11479697450315,1.41742438017693,-0.578741577806459,-0.0355071316611894,-0.162363718969721,0.475011797842218,-1.07000069385838,-0.393468220317182,-1.17405077048244,1.66450954616957,-1.0694793896351,-1.36605997946486,-0.562513728014063,0.0292630374728384,0.263992667974862,-0.25589227138908,-1.15602493508315,-0.0542605857269678,1.16306210171877,-0.314880450978538,0.222237379233405,0.659454712374837,-0.368565008343525,1.162847603818,-0.868721880703784,-0.137555444777513,-0.332088702313594,0.125821445637319,1.64115951593539,-0.273590423399125,0.543851501744049,-0.58765539601487,-0.583693461726979,0.555650989859477,-0.290830296179214,-0.452612582656541,-0.524703256372089,-0.0117713726094742,-0.0629724299567404,0.023900093887018,-0.286456915044672,-0.192029368943532,-0.0220772657609293,0.161500371364089,0.172798034415682,0.29300953432324,0.654797852979971
"1997-02-01",0.00018841759623155,0.000153478890185867,-0.265628307707712,-1.19514332880268,-1.03281162885258,0,-1.82861027979145,2.12819178176963,-0.643161280554163,0.171162243834596,0.631834247774201,0.295462982379002,-0.983956755325079,0.0468978245282966,-0.933376835948875,1.43143611170455,-0.675321552480972,-0.430770280358696,-0.306254360176109,0.151682661035856,-0.0910923349741836,-0.19239538541106,-1.0024886180173,-0.310047537667614,1.35556274394238,0.338197760071337,0.222237379233405,0.659454712374837,-0.368565008343525,1.162847603818,-0.868721880703784,-0.137555444777513,-0.332088702313594,0.125821445637319,1.64115951593539,-0.273590423399125,0.543851501744049,-0.58765539601487,-0.583693461726979,0.555650989859477,-0.290830296179214,-0.452612582656541,-0.524703256372089,-0.0117713726094742,-0.0629724299567404,0.023900093887018,-0.286456915044672,-0.192029368943532,-0.0220772657609293,0.161500371364089,0.172798034415682,0.29300953432324,0.654797852979971
"1997-03-01",0.000210494559368978,0.00015370386998294,-1.32316093906364,-0.671772080408225,-0.461404936914944,0,-0.385088138248135,2.09948648561778,-0.309486932432724,0.751447021030619,-0.156368179032349,0.319179691963787,-0.66337453898893,-0.199449775587309,-0.631682926360364,0.990857242328596,0.0872601167592539,-0.661572439842313,0.0548499823504544,0.115365644768229,-0.140323192961717,-0.159725838007339,-0.615179782305153,-0.375275751076798,1.53676522536245,-0.196948087455737,0.222237379233405,0.659454712374837,-0.368565008343525,1.162847603818,-0.868721880703784,-0.137555444777513,-0.332088702313594,0.125821445637319,1.64115951593539,-0.273590423399125,0.543851501744049,-0.58765539601487,-0.583693461726979,0.555650989859477,-0.290830296179214,-0.452612582656541,-0.524703256372089,-0.0117713726094742,-0.0629724299567404,0.023900093887018,-0.286456915044672,-0.192029368943532,-0.0220772657609293,0.161500371364089,0.172798034415682,0.29300953432324,0.654797852979971
"1997-04-01",0.000184896990627223,0.000164945101912544,1.7470783120428,-0.454600584498815,-0.11691747654521,0,-0.947348776238403,1.9538923704479,0.60317807147299,1.21612852772915,0.0869711659019244,0.661413521668187,-0.693172836736506,0.0442698726839175,-0.573497338965969,0.862013645962789,1.05248822004863,0.110836406696526,0.583070874046517,0.291929329006257,0.625778567876679,-0.189416608116345,-0.691420741093928,-0.0703915754992668,1.92086000404602,0.0697200201381245,0.222237379233405,0.659454712374837,-0.368565008343525,1.162847603818,-0.868721880703784,-0.137555444777513,-0.332088702313594,0.125821445637319,1.64115951593539,-0.273590423399125,0.543851501744049,-0.58765539601487,-0.583693461726979,0.555650989859477,-0.290830296179214,-0.452612582656541,-0.524703256372089,-0.0117713726094742,-0.0629724299567404,0.023900093887018,-0.286456915044672,-0.192029368943532,-0.0220772657609293,0.161500371364089,0.172798034415682,0.29300953432324,0.654797852979971
"1997-05-01",0.000177242605037954,0.000534033112079624,0.222288703064081,0.509064791210117,0.702798442498144,0,0.370732333786622,0.595854351582948,3.89145226360351,2.95854601016184,-0.164529069973327,2.9256343212407,-0.145803946202254,0.070015572338184,0.0984936360538851,0.126799982740775,2.13089879422053,0.465810837018483,-0.52123717623397,1.49127263357832,2.84702439720932,1.09899911686726,0.0594351163065784,1.66494455661204,2.21353315208776,-0.0380768690279362,0.222237379233405,0.659454712374837,-0.368565008343525,1.162847603818,-0.868721880703784,-0.137555444777513,-0.332088702313594,0.125821445637319,1.64115951593539,-0.273590423399125,0.543851501744049,-0.58765539601487,-0.583693461726979,0.555650989859477,-0.290830296179214,-0.452612582656541,-0.524703256372089,-0.0117713726094742,-0.0629724299567404,0.023900093887018,-0.286456915044672,-0.192029368943532,-0.0220772657609293,0.161500371364089,0.172798034415682,0.29300953432324,0.654797852979971
"1997-06-01",0.000210920648427625,0.000640203883106209,-0.363755202761813,0.980109347364241,1.38811581042573,0,-0.474736475502297,-0.699591144834826,0.178988199968877,-0.31135716268454,0.0582990975404975,0.0556655279468908,0.0312947885671543,0.315062053438863,1.19340768542568,-0.701206150689265,2.01194161064761,1.22785152739137,-0.802729764281697,3.57791543787084,3.70555868950259,4.72453336273964,1.06741852271676,1.92003839749726,1.53021170715867,0.218471226709968,0.222237379233405,0.659454712374837,-0.368565008343525,1.162847603818,-0.868721880703784,-0.137555444777513,-0.332088702313594,0.125821445637319,1.64115951593539,-0.273590423399125,0.543851501744049,-0.58765539601487,-0.583693461726979,0.555650989859477,-0.290830296179214,-0.452612582656541,-0.524703256372089,-0.0117713726094742,-0.0629724299567404,0.023900093887018,-0.286456915044672,-0.192029368943532,-0.0220772657609293,0.161500371364089,0.172798034415682,0.29300953432324,0.654797852979971
"1997-07-01",0.000181685210075908,0.000268687045952162,-0.159433971943368,1.28294966350392,1.36601506798945,0,0.212660283078009,-0.799919043249132,-0.380507036359741,-0.591339683880267,-0.237668185929112,-0.855971943422864,0.985201253509422,0.254281538633442,2.26367282456299,-1.5158624119466,0.231116804553856,1.35157996991545,-0.443522361445841,2.43547193355647,-0.625957265690335,2.18699897802951,2.12823834468163,1.21414378897016,-0.00727642587013931,0.038575684950784,0.222237379233405,0.659454712374837,-0.368565008343525,1.162847603818,-0.868721880703784,-0.137555444777513,-0.332088702313594,0.125821445637319,1.64115951593539,-0.273590423399125,0.543851501744049,-0.58765539601487,-0.583693461726979,0.555650989859477,-0.290830296179214,-0.452612582656541,-0.524703256372089,-0.0117713726094742,-0.0629724299567404,0.023900093887018,-0.286456915044672,-0.192029368943532,-0.0220772657609293,0.161500371364089,0.172798034415682,0.29300953432324,0.654797852979971
"1997-08-01",0.000173249661212452,0.000261827847576685,1.52250189653813,1.25989236008717,0.869049975720538,0,0.02499392574662,-0.799919043249132,0.333836874816818,-0.591339683880267,-0.177824264467214,-0.407784668424263,0.116055533670128,0.259892035824489,0.563497231725803,0.177314902390264,2.02705899239592,1.26057447165608,-0.74020299666331,1.33457384175117,-0.64435396046328,0.451004664713159,0.499680141895001,1.2111261929282,-0.494194541793496,0.0700006840178543,0.222237379233405,0.659454712374837,-0.368565008343525,1.162847603818,-0.868721880703784,-0.137555444777513,-0.332088702313594,0.125821445637319,1.64115951593539,-0.273590423399125,0.543851501744049,-0.58765539601487,-0.583693461726979,0.555650989859477,-0.290830296179214,-0.452612582656541,-0.524703256372089,-0.0117713726094742,-0.0629724299567404,0.023900093887018,-0.286456915044672,-0.192029368943532,-0.0220772657609293,0.161500371364089,0.172798034415682,0.29300953432324,0.654797852979971
"1997-09-01",0.000161326627112674,0.00023069858061486,2.49458029700541,0.874401694657464,0.189087724985665,0,-0.817723476392728,-0.799919043249132,0.9350685554154,-0.591339683880267,0.0652645711459561,0.251624596827825,-0.312627484122178,0.261476006799184,-0.18260643527983,0.396105611561894,0.671560049656999,1.02336266891004,-0.747470281027069,0.770311193063899,-0.575991143479106,-0.0680521417091136,-0.195007362958565,1.04253528614385,-0.609137906884096,0.190094289351554,0.222237379233405,0.659454712374837,-0.368565008343525,1.162847603818,-0.868721880703784,-0.137555444777513,-0.332088702313594,0.125821445637319,1.64115951593539,-0.273590423399125,0.543851501744049,-0.58765539601487,-0.583693461726979,0.555650989859477,-0.290830296179214,-0.452612582656541,-0.524703256372089,-0.0117713726094742,-0.0629724299567404,0.023900093887018,-0.286456915044672,-0.192029368943532,-0.0220772657609293,0.161500371364089,0.172798034415682,0.29300953432324,0.654797852979971
"1997-10-01",0.000164459933278538,0.000227269578190508,0.29492985550059,0.0126112002596697,-0.404642844303183,0,-1.17027380389637,-0.720727645152208,-0.063655694119008,-0.570741382062669,-0.177097256588814,0.12811212121571,-0.775545148629168,-0.0128716230900302,-0.645027946266723,1.18947653375601,0.0534747354973468,0.170515250013613,-0.87327999844327,0.43744066777414,-0.381257184145631,-0.184782979586646,-0.710569287233963,1.15698240763887,-0.0816454969736644,-0.0934675748733531,0.222237379233405,0.659454712374837,-0.368565008343525,1.162847603818,-0.868721880703784,-0.137555444777513,-0.332088702313594,0.125821445637319,1.64115951593539,-0.273590423399125,0.543851501744049,-0.58765539601487,-0.583693461726979,0.555650989859477,-0.290830296179214,-0.452612582656541,-0.524703256372089,-0.0117713726094742,-0.0629724299567404,0.023900093887018,-0.286456915044672,-0.192029368943532,-0.0220772657609293,0.161500371364089,0.172798034415682,0.29300953432324,0.654797852979971
"1997-11-01",0.000170477098514308,0.000198410399154585,-0.530010431581865,-0.797693465113366,-1.03681288108783,0,-0.55433358039833,-0.473580292509146,-0.618378753834185,-0.526437810182034,0.0642736563742844,-0.256841444319578,-0.757099842739177,-0.0953363405456112,-0.882685597980939,0.852440704679064,-0.880680547285143,-0.389408204342502,-0.647807766879921,0.223655754370408,-0.370322027363889,-0.229376580092879,-0.862375300710171,0.595117613621385,0.240559177516289,-0.0244285483802273,0.222237379233405,0.659454712374837,-0.368565008343525,1.162847603818,-0.868721880703784,-0.137555444777513,-0.332088702313594,0.125821445637319,1.64115951593539,-0.273590423399125,0.543851501744049,-0.58765539601487,-0.583693461726979,0.555650989859477,-0.290830296179214,-0.452612582656541,-0.524703256372089,-0.0117713726094742,-0.0629724299567404,0.023900093887018,-0.286456915044672,-0.192029368943532,-0.0220772657609293,0.161500371364089,0.172798034415682,0.29300953432324,0.654797852979971
"1997-12-01",0.000170101734343595,0.000163054555501067,-0.585829516532009,-1.47462305626666,-1.32044350779106,0,-1.87323321142861,0.139170500884473,-0.869437231920608,-0.546999926445387,-0.166333697665918,-0.461721633915059,-1.07833329836348,-0.352998276190035,-1.04985330378524,0.662544312009177,-1.20424042357041,-1.19586930179036,-0.905603892538402,0.0519680597246634,-0.355156441583925,-0.312798894124867,-1.0223716958481,-0.0980948455137156,0.453870899590494,-0.292410318855603,0.222237379233405,0.659454712374837,-0.368565008343525,1.162847603818,-0.868721880703784,-0.137555444777513,-0.332088702313594,0.125821445637319,1.64115951593539,-0.273590423399125,0.543851501744049,-0.58765539601487,-0.583693461726979,0.555650989859477,-0.290830296179214,-0.452612582656541,-0.524703256372089,-0.0117713726094742,-0.0629724299567404,0.023900093887018,-0.286456915044672,-0.192029368943532,-0.0220772657609293,0.161500371364089,0.172798034415682,0.29300953432324,0.654797852979971
"1998-01-01",0.000163015467499188,0.000117461832699042,-0.358192565135598,-1.20391515663781,-1.2426544576925,0,-1.43533252092532,0.719062233482409,-0.800046917378137,-0.247085779520093,-0.0511578031501735,-0.552535458641057,-0.943030969351031,-0.306091650011177,-0.790273794921585,0.539028562831754,-1.09070902483344,-1.45740420313708,-0.557057279868978,-0.112537383283969,-0.405679178950369,-0.3903633325402,-0.734561818361732,-0.672239294207413,0.543804779531383,-0.215744771178747,0.222237379233405,0.659454712374837,-0.368565008343525,1.162847603818,-0.868721880703784,-0.137555444777513,-0.332088702313594,0.125821445637319,1.64115951593539,-0.273590423399125,0.543851501744049,-0.58765539601487,-0.583693461726979,0.555650989859477,-0.290830296179214,-0.452612582656541,-0.524703256372089,-0.0117713726094742,-0.0629724299567404,0.023900093887018,-0.286456915044672,-0.192029368943532,-0.0220772657609293,0.161500371364089,0.172798034415682,0.29300953432324,0.654797852979971
"1998-02-01",0.000164457844606682,9.83522755057639e-05,0.919871797616701,-1.08874115150356,-1.0535756953281,0,-1.58363113427522,1.27258870404943,-0.496829990286343,-0.228461343839852,0.783534199079343,0.050662893127041,-0.740234278693617,0.155867570581046,-0.759975329604501,0.726485790463569,-0.838855287478461,-0.533539679531815,-0.536942358738203,-0.261473265477103,-0.432416848342937,-0.461871509252753,-0.777772063764664,-0.891445137261275,0.649534784592168,0.468786635263153,0.222237379233405,0.659454712374837,-0.368565008343525,1.162847603818,-0.868721880703784,-0.137555444777513,-0.332088702313594,0.125821445637319,1.64115951593539,-0.273590423399125,0.543851501744049,-0.58765539601487,-0.583693461726979,0.555650989859477,-0.290830296179214,-0.452612582656541,-0.524703256372089,-0.0117713726094742,-0.0629724299567404,0.023900093887018,-0.286456915044672,-0.192029368943532,-0.0220772657609293,0.161500371364089,0.172798034415682,0.29300953432324,0.654797852979971
"1998-03-01",0.00016241572029479,0.000106599545520476,1.07485027067948,-0.818307449994859,-0.573261427161736,0,-0.418918682881687,1.85686431432945,0.193070339116555,0.859597262317368,0.0193225266912145,0.685325091431501,-0.36339192012604,-0.0829672243450081,-0.580399744880865,0.921012721243093,-0.112511812884205,-0.740634872138377,-0.860189698182842,-0.388530177914991,-0.399378913561939,-0.504062898629374,-0.553866116080847,-0.738135212028833,0.940104815628352,-0.0496641292773706,0.222237379233405,0.659454712374837,-0.368565008343525,1.162847603818,-0.868721880703784,-0.137555444777513,-0.332088702313594,0.125821445637319,1.64115951593539,-0.273590423399125,0.543851501744049,-0.58765539601487,-0.583693461726979,0.555650989859477,-0.290830296179214,-0.452612582656541,-0.524703256372089,-0.0117713726094742,-0.0629724299567404,0.023900093887018,-0.286456915044672,-0.192029368943532,-0.0220772657609293,0.161500371364089,0.172798034415682,0.29300953432324,0.654797852979971
"1998-04-01",0.000113132314323012,0.000162652933741306,-0.0715298219415793,-0.338600146149468,-0.00732558629385682,0,-0.941992068234291,1.56165921785042,0.288244445312127,2.08698569098329,0.216864419836409,1.21375465549459,-0.32089298014623,0.152544831468221,-0.340940967603036,0.838594517353971,1.02742334499241,-0.00935992485048458,0.329126615204393,-0.109241634415175,0.841348975000098,-0.198835672434263,-0.625626503728481,0.119803892607645,1.94308726835304,0.188333643254176,0.222237379233405,0.659454712374837,-0.368565008343525,1.162847603818,-0.868721880703784,-0.137555444777513,-0.332088702313594,0.125821445637319,1.64115951593539,-0.273590423399125,0.543851501744049,-0.58765539601487,-0.583693461726979,0.555650989859477,-0.290830296179214,-0.452612582656541,-0.524703256372089,-0.0117713726094742,-0.0629724299567404,0.023900093887018,-0.286456915044672,-0.192029368943532,-0.0220772657609293,0.161500371364089,0.172798034415682,0.29300953432324,0.654797852979971
"1998-05-01",0.000123429466573653,0.000491026761798855,-1.08746204280607,0.446588612576071,0.871547170617384,0,-0.335514067241093,0.031916939116002,3.2314711406097,1.72531273721246,-0.0463920592240729,2.35391924345161,0.277234933976712,0.176715559982877,0.53818208628062,-0.22360070850611,1.71439737655636,0.329690599045267,-0.746538335784784,1.05730545081065,2.26833456759365,0.902070819874798,0.425170820209171,1.69014393508059,2.09276670239307,0.0733179751518824,0.222237379233405,0.659454712374837,-0.368565008343525,1.162847603818,-0.868721880703784,-0.137555444777513,-0.332088702313594,0.125821445637319,1.64115951593539,-0.273590423399125,0.543851501744049,-0.58765539601487,-0.583693461726979,0.555650989859477,-0.290830296179214,-0.452612582656541,-0.524703256372089,-0.0117713726094742,-0.0629724299567404,0.023900093887018,-0.286456915044672,-0.192029368943532,-0.0220772657609293,0.161500371364089,0.172798034415682,0.29300953432324,0.654797852979971
"1998-06-01",0.000152395764637625,0.000409813829162666,0.311224954894469,0.724629185593823,1.23483609243957,0,0.109684662861208,-0.77876801837916,0.0575521262668916,-0.541930677191828,0.189663303785277,-0.32047313324371,0.877629091937147,0.437859917528321,0.851183072972561,-0.746179798494598,1.38461052829006,1.07273434841847,-0.156654344231811,1.82693797865151,0.79490429842817,1.90959649551571,0.707531478937199,1.55274079713757,1.15493205817432,0.34434637802912,0.222237379233405,0.659454712374837,-0.368565008343525,1.162847603818,-0.868721880703784,-0.137555444777513,-0.332088702313594,0.125821445637319,1.64115951593539,-0.273590423399125,0.543851501744049,-0.58765539601487,-0.583693461726979,0.555650989859477,-0.290830296179214,-0.452612582656541,-0.524703256372089,-0.0117713726094742,-0.0629724299567404,0.023900093887018,-0.286456915044672,-0.192029368943532,-0.0220772657609293,0.161500371364089,0.172798034415682,0.29300953432324,0.654797852979971
"1998-07-01",0.000169856464591348,0.000206555622630041,0.534421073928367,1.45555981568719,1.39003530206364,0,0.509004327234376,-0.799919043249132,-0.115897804606413,-0.591339683880267,-0.0540446007758075,-0.637712454813858,1.57201940675758,0.412299871614919,1.56083252023981,-1.12650271788297,1.10142324649409,1.23370134794574,-0.0807181941366014,1.13182226977276,-0.62262803637409,0.513196625187374,1.7079244336148,0.899459335080293,0.0224704640135355,0.210000245084404,0.222237379233405,0.659454712374837,-0.368565008343525,1.162847603818,-0.868721880703784,-0.137555444777513,-0.332088702313594,0.125821445637319,1.64115951593539,-0.273590423399125,0.543851501744049,-0.58765539601487,-0.583693461726979,0.555650989859477,-0.290830296179214,-0.452612582656541,-0.524703256372089,-0.0117713726094742,-0.0629724299567404,0.023900093887018,-0.286456915044672,-0.192029368943532,-0.0220772657609293,0.161500371364089,0.172798034415682,0.29300953432324,0.654797852979971
"1998-08-01",0.000178142225844551,0.000201131938583101,-0.598796925878516,1.34321911916338,1.01531787122366,0,0.447513785784032,-0.799919043249132,-0.425722012448452,-0.591339683880267,-0.0546217075165531,-0.676364845631701,1.7570183541978,0.374355538350346,1.22036561353687,-0.98491159130657,0.438350321528524,1.11458327414381,0.135301041393934,0.553082052538551,-0.587033017189452,-0.13851610477119,1.34711995953527,0.382704704641296,-0.544386630025951,0.18768733670891,0.222237379233405,0.659454712374837,-0.368565008343525,1.162847603818,-0.868721880703784,-0.137555444777513,-0.332088702313594,0.125821445637319,1.64115951593539,-0.273590423399125,0.543851501744049,-0.58765539601487,-0.583693461726979,0.555650989859477,-0.290830296179214,-0.452612582656541,-0.524703256372089,-0.0117713726094742,-0.0629724299567404,0.023900093887018,-0.286456915044672,-0.192029368943532,-0.0220772657609293,0.161500371364089,0.172798034415682,0.29300953432324,0.654797852979971
"1998-09-01",0.000146960145322936,0.000167694987601964,-0.239869989605387,0.991439028560331,0.439721170129225,0,0.516857148481964,-0.799919043249132,-0.395722021036291,-0.591339683880267,0.143758418634473,-0.703918875403553,1.12581251942286,0.347310262510023,0.565200065188825,-0.821118999189526,-0.0235695739715997,0.839270308198519,0.79974292219278,0.216652334969063,-0.526444266344532,-0.340618060178203,0.652214342593379,-0.36156418690505,-0.793785021579172,0.269423415209234,0.222237379233405,0.659454712374837,-0.368565008343525,1.162847603818,-0.868721880703784,-0.137555444777513,-0.332088702313594,0.125821445637319,1.64115951593539,-0.273590423399125,0.543851501744049,-0.58765539601487,-0.583693461726979,0.555650989859477,-0.290830296179214,-0.452612582656541,-0.524703256372089,-0.0117713726094742,-0.0629724299567404,0.023900093887018,-0.286456915044672,-0.192029368943532,-0.0220772657609293,0.161500371364089,0.172798034415682,0.29300953432324,0.654797852979971
"1998-10-01",0.000127337669998135,0.000134029774625123,2.13944039198337,0.0183898459187379,-0.487838473920852,0,-0.701354216101589,-0.777019151934173,0.667433739748625,-0.582303786922569,-0.0905264425736564,-0.118374055282435,-0.754278867349714,0.070873128052568,-0.705988667218478,0.518933740317319,-0.407551438893239,0.0281144329626144,-0.640953234414784,-0.0283460606963746,-0.525527118959672,-0.433339758970154,-0.681921829568858,-0.536538847088656,-0.740447859088935,-0.0100482927165394,0.222237379233405,0.659454712374837,-0.368565008343525,1.162847603818,-0.868721880703784,-0.137555444777513,-0.332088702313594,0.125821445637319,1.64115951593539,-0.273590423399125,0.543851501744049,-0.58765539601487,-0.583693461726979,0.555650989859477,-0.290830296179214,-0.452612582656541,-0.524703256372089,-0.0117713726094742,-0.0629724299567404,0.023900093887018,-0.286456915044672,-0.192029368943532,-0.0220772657609293,0.161500371364089,0.172798034415682,0.29300953432324,0.654797852979971
"1998-11-01",0.000116430327183816,0.000162049904338276,-0.0299232635511662,-0.558634770946149,-1.01801934992191,0,-1.95788515979518,-0.599400295686244,-0.148940450402634,-0.464508045486934,0.192317539780824,0.695364100388685,-1.09135190631935,0.00868375334936312,-1.17412513189228,2.31764200623301,-0.564109804451622,-0.496215079738866,-0.893289143955504,-0.206380499239057,-0.388834664928627,-0.447623134623488,-1.14637254532395,0.067539753183742,-0.0263356467738345,0.0914045532717797,0.222237379233405,0.659454712374837,-0.368565008343525,1.162847603818,-0.868721880703784,-0.137555444777513,-0.332088702313594,0.125821445637319,1.64115951593539,-0.273590423399125,0.543851501744049,-0.58765539601487,-0.583693461726979,0.555650989859477,-0.290830296179214,-0.452612582656541,-0.524703256372089,-0.0117713726094742,-0.0629724299567404,0.023900093887018,-0.286456915044672,-0.192029368943532,-0.0220772657609293,0.161500371364089,0.172798034415682,0.29300953432324,0.654797852979971
"1998-12-01",0.000126547555273137,0.00015755508250392,-0.92008836212176,-1.33626555127264,-1.25089462922738,0,-1.43838730072464,-0.372956141024313,-0.854459689497418,-0.483042390707743,-0.0518178231677333,-0.258308753178946,-1.07781721910976,-0.261657921375117,-1.09051237394231,1.47287659888084,-0.998414078811131,-1.2959147387206,-0.920040917684072,-0.298431382607232,-0.357551088032232,-0.474655545263355,-1.06716761361553,-0.291541918218276,0.348268960440921,-0.18977777501355,0.222237379233405,0.659454712374837,-0.368565008343525,1.162847603818,-0.868721880703784,-0.137555444777513,-0.332088702313594,0.125821445637319,1.64115951593539,-0.273590423399125,0.543851501744049,-0.58765539601487,-0.583693461726979,0.555650989859477,-0.290830296179214,-0.452612582656541,-0.524703256372089,-0.0117713726094742,-0.0629724299567404,0.023900093887018,-0.286456915044672,-0.192029368943532,-0.0220772657609293,0.161500371364089,0.172798034415682,0.29300953432324,0.654797852979971
"1999-01-01",0.00012488497247567,0.000120519648296392,-0.410577694536018,-1.10965892876863,-1.16081973770306,0,-0.894635048653712,0.151973691752631,-0.777399331806935,-0.456593662163966,0.0727368774343733,-0.465745652802236,-0.912563855633707,-0.208226157622583,-0.853977333537446,0.914305885711405,-0.950134713176361,-1.50662340175227,-0.369749996142538,-0.392985983551216,-0.413617949674016,-0.529509981195144,-0.847526844042498,-0.919195208986859,0.427777950243864,-0.10378093295757,0.222237379233405,0.659454712374837,-0.368565008343525,1.162847603818,-0.868721880703784,-0.137555444777513,-0.332088702313594,0.125821445637319,1.64115951593539,-0.273590423399125,0.543851501744049,-0.58765539601487,-0.583693461726979,0.555650989859477,-0.290830296179214,-0.452612582656541,-0.524703256372089,-0.0117713726094742,-0.0629724299567404,0.023900093887018,-0.286456915044672,-0.192029368943532,-0.0220772657609293,0.161500371364089,0.172798034415682,0.29300953432324,0.654797852979971
"1999-02-01",0.000122875670150089,9.81845849938873e-05,-0.473373452507548,-0.906888939902619,-0.85290104256825,0,-0.115158628246644,0.656167133349397,-0.638039159293161,0.0966047529247483,0.87604670995882,-0.208955141198005,-0.463523377608508,0.247831485398178,-0.510734944723597,0.745447954162453,-0.636961341397161,-0.610391683450466,0.360814660127057,-0.453981008870434,-0.349556791400571,-0.550903698687593,-0.575765358611464,-1.18478823373741,0.610756072169886,0.560978222905297,0.222237379233405,0.659454712374837,-0.368565008343525,1.162847603818,-0.868721880703784,-0.137555444777513,-0.332088702313594,0.125821445637319,1.64115951593539,-0.273590423399125,0.543851501744049,-0.58765539601487,-0.583693461726979,0.555650989859477,-0.290830296179214,-0.452612582656541,-0.524703256372089,-0.0117713726094742,-0.0629724299567404,0.023900093887018,-0.286456915044672,-0.192029368943532,-0.0220772657609293,0.161500371364089,0.172798034415682,0.29300953432324,0.654797852979971
"1999-03-01",0.000112565389104924,7.97138630068863e-05,-1.24016080040744,-0.508343346333056,-0.286887750577092,0,0.771434397770392,0.758580636171375,-0.49964417250213,0.16730428321368,0.0479589524549861,-0.35632777706942,0.341853020656998,-0.0270332493011191,-0.0939067275087474,0.0210084428563427,-0.371754503383242,-0.833552371884102,1.03969725838215,-0.47070159095189,-0.341180714111318,-0.547944407878513,-0.17086086936937,-1.44026205994401,0.683546549971095,-0.0088964013768153,0.222237379233405,0.659454712374837,-0.368565008343525,1.162847603818,-0.868721880703784,-0.137555444777513,-0.332088702313594,0.125821445637319,1.64115951593539,-0.273590423399125,0.543851501744049,-0.58765539601487,-0.583693461726979,0.555650989859477,-0.290830296179214,-0.452612582656541,-0.524703256372089,-0.0117713726094742,-0.0629724299567404,0.023900093887018,-0.286456915044672,-0.192029368943532,-0.0220772657609293,0.161500371364089,0.172798034415682,0.29300953432324,0.654797852979971
"1999-04-01",0.000103221267984059,7.48923132178946e-05,2.72108417198999,-0.43433915692419,-0.109062708884697,0,0.177811036130606,0.786380593059088,0.686395664178729,0.835406156990536,0.326129204397879,0.521960917225391,-0.153419556041945,0.251361734994213,-0.366404198512838,0.287657277472199,0.509206979502324,-0.0601006649504004,0.940881645274678,-0.327377329557809,0.173168435039302,-0.491395556173868,-0.475157863949693,-1.08484317960179,0.958430944124505,0.293221763155593,0.222237379233405,0.659454712374837,-0.368565008343525,1.162847603818,-0.868721880703784,-0.137555444777513,-0.332088702313594,0.125821445637319,1.64115951593539,-0.273590423399125,0.543851501744049,-0.58765539601487,-0.583693461726979,0.555650989859477,-0.290830296179214,-0.452612582656541,-0.524703256372089,-0.0117713726094742,-0.0629724299567404,0.023900093887018,-0.286456915044672,-0.192029368943532,-0.0220772657609293,0.161500371364089,0.172798034415682,0.29300953432324,0.654797852979971
"1999-05-01",0.000145026631947562,0.000349655007217798,0.496415880239876,0.311987113129298,0.701445785198537,0,0.615289538559419,0.181221764919154,3.16217416462207,1.96657302569216,0.0560113988967166,3.19807696692278,-0.188261062973918,0.2707635794672,-0.0510042671287659,0.613696115527988,2.08219703738678,0.277823134059205,-0.563952064572359,0.675775104956675,2.09248504616029,0.280522493601249,-0.14154338211088,1.30902422936476,1.81044266846569,0.172242247483006,0.222237379233405,0.659454712374837,-0.368565008343525,1.162847603818,-0.868721880703784,-0.137555444777513,-0.332088702313594,0.125821445637319,1.64115951593539,-0.273590423399125,0.543851501744049,-0.58765539601487,-0.583693461726979,0.555650989859477,-0.290830296179214,-0.452612582656541,-0.524703256372089,-0.0117713726094742,-0.0629724299567404,0.023900093887018,-0.286456915044672,-0.192029368943532,-0.0220772657609293,0.161500371364089,0.172798034415682,0.29300953432324,0.654797852979971
"1999-06-01",0.000140651162790698,0.000387169344043763,-0.692327521245923,0.892631025539264,1.34490017690926,0,0.0293801308298311,-0.761074590831684,-0.40658037231129,-0.490646206066068,0.269960262260103,-0.11929157727737,0.531709337359665,0.517881565465952,1.30828376466617,-0.902447046389407,1.52257623710281,1.01564168996572,-0.113557362278514,2.03787430109678,1.4038154965475,1.68191518606726,1.23760973198463,1.51780220544645,1.13731671764212,0.42469485950554,0.222237379233405,0.659454712374837,-0.368565008343525,1.162847603818,-0.868721880703784,-0.137555444777513,-0.332088702313594,0.125821445637319,1.64115951593539,-0.273590423399125,0.543851501744049,-0.58765539601487,-0.583693461726979,0.555650989859477,-0.290830296179214,-0.452612582656541,-0.524703256372089,-0.0117713726094742,-0.0629724299567404,0.023900093887018,-0.286456915044672,-0.192029368943532,-0.0220772657609293,0.161500371364089,0.172798034415682,0.29300953432324,0.654797852979971
"1999-07-01",0.00015347590636893,0.000200197407118337,0.835155798985457,1.38409988510132,1.32867420683742,0,0.109199109777522,-0.799919043249132,-0.0441821313361468,-0.591339683880267,0.0377725002728357,-0.644666229677841,1.18068620863653,0.504698349897512,1.75581795608931,-1.08684887385287,1.13638531264335,1.18334398837741,-0.0323407540873841,1.42944174705187,-0.63787435252194,0.569702362954524,1.74033258343156,0.971326259781786,-0.182367785169557,0.302684163948908,0.222237379233405,0.659454712374837,-0.368565008343525,1.162847603818,-0.868721880703784,-0.137555444777513,-0.332088702313594,0.125821445637319,1.64115951593539,-0.273590423399125,0.543851501744049,-0.58765539601487,-0.583693461726979,0.555650989859477,-0.290830296179214,-0.452612582656541,-0.524703256372089,-0.0117713726094742,-0.0629724299567404,0.023900093887018,-0.286456915044672,-0.192029368943532,-0.0220772657609293,0.161500371364089,0.172798034415682,0.29300953432324,0.654797852979971
"1999-08-01",0.000161598154453968,0.000203671166796748,1.43203742606153,1.26246104185183,0.848621235573978,0,0.487400442378988,-0.799919043249132,0.332772777420708,-0.591339683880267,0.063623747731947,-0.331634169757946,0.486382547129706,0.484725144465795,0.619288405624193,-0.336607555596771,1.5157246332231,1.0756429214571,-0.484461248397298,0.836599961845486,-0.552723602691083,-0.0551583137537943,0.694671425723164,0.873821803449369,-0.632118795503691,0.303310460199045,0.222237379233405,0.659454712374837,-0.368565008343525,1.162847603818,-0.868721880703784,-0.137555444777513,-0.332088702313594,0.125821445637319,1.64115951593539,-0.273590423399125,0.543851501744049,-0.58765539601487,-0.583693461726979,0.555650989859477,-0.290830296179214,-0.452612582656541,-0.524703256372089,-0.0117713726094742,-0.0629724299567404,0.023900093887018,-0.286456915044672,-0.192029368943532,-0.0220772657609293,0.161500371364089,0.172798034415682,0.29300953432324,0.654797852979971
"1999-09-01",0.000161689757633944,0.0001909994930274,-0.249565896975191,0.615639896879311,0.221603268442631,0,0.262314284242324,-0.798541958283565,-0.187962404385802,-0.591335566627778,0.315464989736529,-0.544487088940548,0.049925387670491,0.486858105380582,0.343146359133453,-0.324456243386007,0.362639223435994,0.843854537338966,-0.206689994907625,0.473885771664123,-0.533674280534763,-0.260375374387902,0.250561225662977,0.547281807532321,-0.827185556576796,0.428309836263855,0.222237379233405,0.659454712374837,-0.368565008343525,1.162847603818,-0.868721880703784,-0.137555444777513,-0.332088702313594,0.125821445637319,1.64115951593539,-0.273590423399125,0.543851501744049,-0.58765539601487,-0.583693461726979,0.555650989859477,-0.290830296179214,-0.452612582656541,-0.524703256372089,-0.0117713726094742,-0.0629724299567404,0.023900093887018,-0.286456915044672,-0.192029368943532,-0.0220772657609293,0.161500371364089,0.172798034415682,0.29300953432324,0.654797852979971
"1999-10-01",0.000146198675240536,0.00014546793847259,-1.70489747478879,0.140658209605079,-0.263203044108167,0,0.317004729859839,-0.792766728480455,-0.804252228765111,-0.588918226559113,0.0442258327233436,-0.808432307883435,0.0849114580248694,0.186687634393529,0.383759021875252,-1.12119890953161,-0.967446782401113,-0.0163070632615894,-0.0940436522099276,0.199828407958772,-0.526068483961404,-0.377447419431665,0.352989230340945,-0.245269512146522,-0.873432564813158,0.116680674507105,0.222237379233405,0.659454712374837,-0.368565008343525,1.162847603818,-0.868721880703784,-0.137555444777513,-0.332088702313594,0.125821445637319,1.64115951593539,-0.273590423399125,0.543851501744049,-0.58765539601487,-0.583693461726979,0.555650989859477,-0.290830296179214,-0.452612582656541,-0.524703256372089,-0.0117713726094742,-0.0629724299567404,0.023900093887018,-0.286456915044672,-0.192029368943532,-0.0220772657609293,0.161500371364089,0.172798034415682,0.29300953432324,0.654797852979971
"1999-11-01",0.000149804618009269,9.87947755575663e-05,-1.6744830174497,-0.371243544123397,-0.842205944161184,0,0.273514158203939,-0.764125147679855,-0.84881055313867,-0.587426136598705,0.199274418717345,-0.865369054054872,0.0561053817212752,0.043796224220381,-0.303698120565181,-1.39656890625898,-1.31972798884196,-0.59334731474623,0.532351843265782,-0.0238733770084967,-0.516281573169295,-0.462072050331505,-0.282942201210162,-0.93533399904435,-0.883533080393989,0.110405238055518,0.222237379233405,0.659454712374837,-0.368565008343525,1.162847603818,-0.868721880703784,-0.137555444777513,-0.332088702313594,0.125821445637319,1.64115951593539,-0.273590423399125,0.543851501744049,-0.58765539601487,-0.583693461726979,0.555650989859477,-0.290830296179214,-0.452612582656541,-0.524703256372089,-0.0117713726094742,-0.0629724299567404,0.023900093887018,-0.286456915044672,-0.192029368943532,-0.0220772657609293,0.161500371364089,0.172798034415682,0.29300953432324,0.654797852979971
"1999-12-01",0.00013952119131654,6.69443200419945e-05,-0.845854717549715,-1.17596089599593,-1.21543376930166,0,0.145101323438273,-0.363157620449446,-0.873899292129991,-0.57405546472958,-0.0808574400184478,-0.865661453663047,-0.360360284244042,-0.249187492745288,-0.833275842029622,-1.24912043826255,-1.37282883098288,-1.38414835217065,0.451863104495525,-0.208896367244721,-0.506087530920688,-0.523434352728543,-0.827599178696296,-1.34706202384457,-0.855026967504742,-0.200507970933958,0.222237379233405,0.659454712374837,-0.368565008343525,1.162847603818,-0.868721880703784,-0.137555444777513,-0.332088702313594,0.125821445637319,1.64115951593539,-0.273590423399125,0.543851501744049,-0.58765539601487,-0.583693461726979,0.555650989859477,-0.290830296179214,-0.452612582656541,-0.524703256372089,-0.0117713726094742,-0.0629724299567404,0.023900093887018,-0.286456915044672,-0.192029368943532,-0.0220772657609293,0.161500371364089,0.172798034415682,0.29300953432324,0.654797852979971
"2000-01-01",0.000111148076059704,4.56795518749007e-05,0.107336592054138,-1.08756113661235,-1.17741396290783,0,-0.257797884838452,-0.0274724488158665,-0.435347207770276,-0.0824903540780113,0.0965514411395679,-0.772169141060192,-0.455814922980275,-0.171841624347051,-0.927112253151156,-0.711906358045632,-1.22787660517059,-1.56254881896724,0.401628008518939,-0.357435438490499,-0.491597657506941,-0.567598151927139,-0.912955871640347,-1.51981828292022,-0.807380392360974,-0.0744878099436125,0.222237379233405,0.659454712374837,-0.368565008343525,1.162847603818,-0.868721880703784,-0.137555444777513,-0.332088702313594,0.125821445637319,1.64115951593539,-0.273590423399125,0.543851501744049,-0.58765539601487,-0.583693461726979,0.555650989859477,-0.290830296179214,-0.452612582656541,-0.524703256372089,-0.0117713726094742,-0.0629724299567404,0.023900093887018,-0.286456915044672,-0.192029368943532,-0.0220772657609293,0.161500371364089,0.172798034415682,0.29300953432324,0.654797852979971
"2000-02-01",9.58548207292393e-05,5.00314488779605e-05,0.289036255979338,-0.816866527921367,-0.914434108271936,0,-0.10196001775605,0.364715585741036,-0.591921389385724,-0.225309883258386,0.673363688082439,-0.537997834969089,-0.333257806618937,0.192965919347771,-0.801342760158234,0.292315601918176,-0.851008689526106,-0.86913596662098,0.464127023278326,-0.460654245863407,-0.410764702818274,-0.598377460927163,-0.857827634295994,-1.37724021291706,-0.605336107088549,0.422895492187716,0.222237379233405,0.659454712374837,-0.368565008343525,1.162847603818,-0.868721880703784,-0.137555444777513,-0.332088702313594,0.125821445637319,1.64115951593539,-0.273590423399125,0.543851501744049,-0.58765539601487,-0.583693461726979,0.555650989859477,-0.290830296179214,-0.452612582656541,-0.524703256372089,-0.0117713726094742,-0.0629724299567404,0.023900093887018,-0.286456915044672,-0.192029368943532,-0.0220772657609293,0.161500371364089,0.172798034415682,0.29300953432324,0.654797852979971
"2000-03-01",9.03195419288443e-05,6.67479848875198e-05,1.73621907314619,-0.655289192255193,-0.523474524744967,0,0.983632195075973,1.00946091649753,-0.257791914352426,0.0755319234110409,0.198541596798193,-0.151403148419196,-0.0575874560183346,0.0858750817223096,-0.528629086367535,0.983281809579011,-0.189778225978716,-0.847796810186151,-0.0875140128106154,-0.466935046063771,-0.358033987337326,-0.591766746382334,-0.548927878809003,-1.27464194749048,-0.365583279551538,0.125220652669769,0.222237379233405,0.659454712374837,-0.368565008343525,1.162847603818,-0.868721880703784,-0.137555444777513,-0.332088702313594,0.125821445637319,1.64115951593539,-0.273590423399125,0.543851501744049,-0.58765539601487,-0.583693461726979,0.555650989859477,-0.290830296179214,-0.452612582656541,-0.524703256372089,-0.0117713726094742,-0.0629724299567404,0.023900093887018,-0.286456915044672,-0.192029368943532,-0.0220772657609293,0.161500371364089,0.172798034415682,0.29300953432324,0.654797852979971
"2000-04-01",0.000130427710818408,0.000104301111333669,-0.955467844046302,0.0516649232635878,0.35711294528853,0,0.556639262463673,0.525784784348442,1.3259965102622,2.11294583317129,0.526809668411713,0.667609801994471,-0.480648245544575,0.386974592828125,-0.098174217979385,0.951755834538102,1.2250097078907,-0.0509240380502268,-0.886237511714756,-0.351248262875086,0.152792561721601,-0.493053773704528,-0.188864641751467,-0.365639055888151,0.229724240123994,0.465123192010792,0.222237379233405,0.659454712374837,-0.368565008343525,1.162847603818,-0.868721880703784,-0.137555444777513,-0.332088702313594,0.125821445637319,1.64115951593539,-0.273590423399125,0.543851501744049,-0.58765539601487,-0.583693461726979,0.555650989859477,-0.290830296179214,-0.452612582656541,-0.524703256372089,-0.0117713726094742,-0.0629724299567404,0.023900093887018,-0.286456915044672,-0.192029368943532,-0.0220772657609293,0.161500371364089,0.172798034415682,0.29300953432324,0.654797852979971
"2000-05-01",0.000158572564079541,0.000317483492999772,-0.680298076353649,0.660674586900166,1.10233646252305,0,0.722451206680694,-0.597112752195237,1.51977052061025,-0.0536093837764564,0.207134496245492,1.22137118926638,0.436767647970402,0.392922198127585,0.807893319807171,-0.445877323254522,1.23395392075957,0.266865203581175,-0.912900079825111,0.351393090880144,1.24862555104189,0.495362159719804,0.779280369333544,1.33652134898491,0.531401736356607,0.311390461447708,0.222237379233405,0.659454712374837,-0.368565008343525,1.162847603818,-0.868721880703784,-0.137555444777513,-0.332088702313594,0.125821445637319,1.64115951593539,-0.273590423399125,0.543851501744049,-0.58765539601487,-0.583693461726979,0.555650989859477,-0.290830296179214,-0.452612582656541,-0.524703256372089,-0.0117713726094742,-0.0629724299567404,0.023900093887018,-0.286456915044672,-0.192029368943532,-0.0220772657609293,0.161500371364089,0.172798034415682,0.29300953432324,0.654797852979971
"2000-06-01",7.00298851368619e-05,0.000193739233739234,-1.2034415422554,1.05948458242654,1.52888544102596,0,1.05971424311609,-0.799919043249132,-0.676690881982534,-0.591339683880267,0.36995165182189,-0.874949145814045,1.94268305603959,0.616071051917552,1.85313012327609,-1.53078522840246,0.0608713537408046,0.971280096949582,0.6508840921993,0.395310488213711,-0.53114767204825,0.308702332179069,1.88774354181819,0.654794252628413,-0.357871628963847,0.524651221279577,0.222237379233405,0.659454712374837,-0.368565008343525,1.162847603818,-0.868721880703784,-0.137555444777513,-0.332088702313594,0.125821445637319,1.64115951593539,-0.273590423399125,0.543851501744049,-0.58765539601487,-0.583693461726979,0.555650989859477,-0.290830296179214,-0.452612582656541,-0.524703256372089,-0.0117713726094742,-0.0629724299567404,0.023900093887018,-0.286456915044672,-0.192029368943532,-0.0220772657609293,0.161500371364089,0.172798034415682,0.29300953432324,0.654797852979971
"2000-07-01",7.0629930722954e-05,0.00016470967875619,-1.11220927371631,1.51123715111434,1.5868302734782,0,2.13987313564231,-0.799919043249132,-0.670716312421208,-0.591339683880267,0.161734674286984,-0.836725029552512,2.66845745158209,0.618326924865765,1.82809103224108,-1.54884844927928,-0.275199125594691,1.13669463738799,0.0944519804899263,-0.0355386733363989,-0.539341857233397,-0.294457667351465,2.0399646312424,-0.262501456457023,-0.900982983993602,0.422710072115321,0.222237379233405,0.659454712374837,-0.368565008343525,1.162847603818,-0.868721880703784,-0.137555444777513,-0.332088702313594,0.125821445637319,1.64115951593539,-0.273590423399125,0.543851501744049,-0.58765539601487,-0.583693461726979,0.555650989859477,-0.290830296179214,-0.452612582656541,-0.524703256372089,-0.0117713726094742,-0.0629724299567404,0.023900093887018,-0.286456915044672,-0.192029368943532,-0.0220772657609293,0.161500371364089,0.172798034415682,0.29300953432324,0.654797852979971
"2000-08-01",7.10634793239444e-05,0.000109821471049378,-0.00363168041740002,1.43646764206677,1.06484138346391,0,2.15921575110499,-0.799919043249132,-0.270798433060566,-0.591339683880267,0.149727416211889,-0.814978321227537,2.40425505199062,0.572192227398925,0.946285211490336,-1.4193148560285,-0.234281129801544,1.01145990146852,0.0111101751788898,-0.257675482938414,-0.4995527206432,-0.472685135499899,1.27204752430089,-1.02809944782609,-1.19615541140983,0.390236741482668,0.222237379233405,0.659454712374837,-0.368565008343525,1.162847603818,-0.868721880703784,-0.137555444777513,-0.332088702313594,0.125821445637319,1.64115951593539,-0.273590423399125,0.543851501744049,-0.58765539601487,-0.583693461726979,0.555650989859477,-0.290830296179214,-0.452612582656541,-0.524703256372089,-0.0117713726094742,-0.0629724299567404,0.023900093887018,-0.286456915044672,-0.192029368943532,-0.0220772657609293,0.161500371364089,0.172798034415682,0.29300953432324,0.654797852979971
"2000-09-01",9.5369055331846e-05,8.55349914698752e-05,-0.16802854841607,0.805581904305063,0.45624651858143,0,1.56776697234018,-0.76870962781873,-0.287419628678605,-0.580897491794342,0.409674694946874,-0.764159938646068,0.954504522178747,0.57872225059736,0.30592950423162,-0.82004081621759,-0.290536141922128,0.764618930314145,0.0773965321140819,-0.410419265664553,-0.494015983237172,-0.537652782819711,0.316138525841688,-1.22871386829353,-1.32209161753642,0.521266622789206,0.222237379233405,0.659454712374837,-0.368565008343525,1.162847603818,-0.868721880703784,-0.137555444777513,-0.332088702313594,0.125821445637319,1.64115951593539,-0.273590423399125,0.543851501744049,-0.58765539601487,-0.583693461726979,0.555650989859477,-0.290830296179214,-0.452612582656541,-0.524703256372089,-0.0117713726094742,-0.0629724299567404,0.023900093887018,-0.286456915044672,-0.192029368943532,-0.0220772657609293,0.161500371364089,0.172798034415682,0.29300953432324,0.654797852979971
"2000-10-01",8.48138029161285e-05,7.8648938741962e-05,1.13944903975158,0.0614966527934087,-0.51173677480772,0,-0.458016474067853,-0.794785750500499,0.164438906554347,-0.589878136948782,0.177316303502751,-0.440200615850969,-0.462976942359591,0.293181397245737,-0.580513871271217,0.414564970536411,-0.492652210054712,-0.0290680803022262,-0.284882388883338,-0.545231245186272,-0.503938265767013,-0.595228847677427,-0.575824237965512,-1.1570136468298,-1.23918334190339,0.238600284239806,0.222237379233405,0.659454712374837,-0.368565008343525,1.162847603818,-0.868721880703784,-0.137555444777513,-0.332088702313594,0.125821445637319,1.64115951593539,-0.273590423399125,0.543851501744049,-0.58765539601487,-0.583693461726979,0.555650989859477,-0.290830296179214,-0.452612582656541,-0.524703256372089,-0.0117713726094742,-0.0629724299567404,0.023900093887018,-0.286456915044672,-0.192029368943532,-0.0220772657609293,0.161500371364089,0.172798034415682,0.29300953432324,0.654797852979971
"2000-11-01",0.000115472521946941,0.000105637264558195,-0.334451335428296,-1.22939381705787,-1.16776626615181,0,-1.11986707178682,-0.3163325588449,-0.757546108055598,-0.574333547960634,0.448148477663287,-0.0123456142020883,-1.09092504990967,0.215182912234874,-1.01204816020476,1.75315161519162,-0.923578368237013,-0.563511977397327,-0.843332772030125,-0.672380677624578,-0.495415712046222,-0.63947648031476,-1.03498414694386,-0.850362149493579,-0.735354026392168,0.325648836222885,0.222237379233405,0.659454712374837,-0.368565008343525,1.162847603818,-0.868721880703784,-0.137555444777513,-0.332088702313594,0.125821445637319,1.64115951593539,-0.273590423399125,0.543851501744049,-0.58765539601487,-0.583693461726979,0.555650989859477,-0.290830296179214,-0.452612582656541,-0.524703256372089,-0.0117713726094742,-0.0629724299567404,0.023900093887018,-0.286456915044672,-0.192029368943532,-0.0220772657609293,0.161500371364089,0.172798034415682,0.29300953432324,0.654797852979971
"2000-12-01",0.000115154745443118,8.96198368570462e-05,-0.697081896456366,-1.31882867288324,-1.27727343920517,0,-0.866306232475655,0.193019194869685,-0.899031696890342,-0.545608431255664,0.200800478022594,-0.54089793236762,-0.955866375253958,-0.0688354261587672,-0.926399620483863,1.05724702606328,-1.14066402542,-1.35183601716847,-0.655452151159858,-0.752972689422233,-0.451911811885927,-0.664421079164642,-0.924773266829063,-1.26782672688759,-0.525081100117707,0.0361774380858889,0.222237379233405,0.659454712374837,-0.368565008343525,1.162847603818,-0.868721880703784,-0.137555444777513,-0.332088702313594,0.125821445637319,1.64115951593539,-0.273590423399125,0.543851501744049,-0.58765539601487,-0.583693461726979,0.555650989859477,-0.290830296179214,-0.452612582656541,-0.524703256372089,-0.0117713726094742,-0.0629724299567404,0.023900093887018,-0.286456915044672,-0.192029368943532,-0.0220772657609293,0.161500371364089,0.172798034415682,0.29300953432324,0.654797852979971
"2001-01-01",0.000117553137497324,6.28353057376313e-05,-0.246083577953498,-1.49448610428323,-1.28543341823346,0,-0.380104055588528,0.832259131857965,-0.870070419826684,-0.562220984898666,0.254100823010135,-0.682953892225651,-0.897533196005415,-0.0535588489499067,-0.821438465599296,0.564977710486282,-1.17816069672318,-1.57213823342841,-0.39980237774499,-0.806439043303343,-0.44821207896076,-0.67850422783292,-0.816957969098785,-1.66827331065059,-0.450092748353572,0.0660369564015793,0.222237379233405,0.659454712374837,-0.368565008343525,1.162847603818,-0.868721880703784,-0.137555444777513,-0.332088702313594,0.125821445637319,1.64115951593539,-0.273590423399125,0.543851501744049,-0.58765539601487,-0.583693461726979,0.555650989859477,-0.290830296179214,-0.452612582656541,-0.524703256372089,-0.0117713726094742,-0.0629724299567404,0.023900093887018,-0.286456915044672,-0.192029368943532,-0.0220772657609293,0.161500371364089,0.172798034415682,0.29300953432324,0.654797852979971
"2001-02-01",9.9338725385237e-05,5.03486286183961e-05,0.419529883008307,-1.29051668136385,-1.05243457942809,0,0.106537345053391,1.58274077858799,-0.644611785275306,-0.212449732130059,1.08974203058854,-0.0666221792004155,-0.625349124161248,0.4315777755019,-0.634957835912471,0.604623511103231,-0.864501014923283,-0.681229949854511,-0.0612191625157954,-0.847199979877629,-0.448184727382041,-0.686254305291001,-0.60618233556369,-1.82680296386669,-0.386612972491621,0.761982547033746,0.222237379233405,0.659454712374837,-0.368565008343525,1.162847603818,-0.868721880703784,-0.137555444777513,-0.332088702313594,0.125821445637319,1.64115951593539,-0.273590423399125,0.543851501744049,-0.58765539601487,-0.583693461726979,0.555650989859477,-0.290830296179214,-0.452612582656541,-0.524703256372089,-0.0117713726094742,-0.0629724299567404,0.023900093887018,-0.286456915044672,-0.192029368943532,-0.0220772657609293,0.161500371364089,0.172798034415682,0.29300953432324,0.654797852979971
"2001-03-01",9.00495064960181e-05,0.000102731623624647,0.0976031638705645,-0.596403365956358,-0.513998315403278,0,0.0651546372128877,1.71739183843884,0.191992492093894,1.20669990681768,0.265127783257542,1.43133888915226,-0.633370924825416,0.161621293718993,-0.740719140280947,1.27635910615126,0.019852034914891,-0.894940090354754,0.669683249376958,-0.877688479127455,-0.419091695442236,-0.687394093568811,-0.874615089805378,-1.25328476664108,0.112834479979158,0.196598414890329,0.222237379233405,0.659454712374837,-0.368565008343525,1.162847603818,-0.868721880703784,-0.137555444777513,-0.332088702313594,0.125821445637319,1.64115951593539,-0.273590423399125,0.543851501744049,-0.58765539601487,-0.583693461726979,0.555650989859477,-0.290830296179214,-0.452612582656541,-0.524703256372089,-0.0117713726094742,-0.0629724299567404,0.023900093887018,-0.286456915044672,-0.192029368943532,-0.0220772657609293,0.161500371364089,0.172798034415682,0.29300953432324,0.654797852979971
"2001-04-01",8.74634323564556e-05,0.000151909700858538,0.0607502354907176,-0.0849889691051529,0.21090704288824,0,0.926001043566608,0.823012654594605,1.5214374130528,2.27654740991477,0.519282002343959,1.21672090382346,-0.521927300950308,0.435065854442115,-0.418625686144076,0.980520268197939,1.26557006046399,-0.165097918888733,0.243217292125381,-0.527756916711718,0.764641141999938,-0.390387136053551,-0.600358952609191,-0.110438239663189,1.17198904905903,0.482830614019091,0.222237379233405,0.659454712374837,-0.368565008343525,1.162847603818,-0.868721880703784,-0.137555444777513,-0.332088702313594,0.125821445637319,1.64115951593539,-0.273590423399125,0.543851501744049,-0.58765539601487,-0.583693461726979,0.555650989859477,-0.290830296179214,-0.452612582656541,-0.524703256372089,-0.0117713726094742,-0.0629724299567404,0.023900093887018,-0.286456915044672,-0.192029368943532,-0.0220772657609293,0.161500371364089,0.172798034415682,0.29300953432324,0.654797852979971
"2001-05-01",8.42006285355123e-05,0.000457909079230009,-0.0729995423975036,0.648703185040842,0.954148189766256,0,-0.434662691852353,-0.334472143876945,2.08300546505493,0.677337975948905,0.248978400323109,2.05813847925306,-0.256627192489859,0.459141698981177,0.571184231677684,-0.0477439106866311,1.91191280043371,0.175987135782585,-0.512887711958271,0.549867711549782,1.88542092066992,0.95870909673108,0.54327553682397,1.68399731035111,1.40044711315808,0.364192952561488,0.222237379233405,0.659454712374837,-0.368565008343525,1.162847603818,-0.868721880703784,-0.137555444777513,-0.332088702313594,0.125821445637319,1.64115951593539,-0.273590423399125,0.543851501744049,-0.58765539601487,-0.583693461726979,0.555650989859477,-0.290830296179214,-0.452612582656541,-0.524703256372089,-0.0117713726094742,-0.0629724299567404,0.023900093887018,-0.286456915044672,-0.192029368943532,-0.0220772657609293,0.161500371364089,0.172798034415682,0.29300953432324,0.654797852979971
"2001-06-01",8.34358762544809e-05,0.000240658561551585,-1.33542998434612,1.12529237864092,1.58931845119645,0,2.13224665247026,-0.786680086386436,-0.696769057236522,-0.556111884185181,0.443364280477407,-0.740449848059332,1.64965886227218,0.703644075766522,2.35023689495092,-1.55334288918231,0.346635933083303,0.873295874951218,1.00862888607455,0.913223444427461,0.149149402654541,1.39328026223561,2.15676982277534,1.06987060556263,0.229923207577743,0.604302201040076,0.222237379233405,0.659454712374837,-0.368565008343525,1.162847603818,-0.868721880703784,-0.137555444777513,-0.332088702313594,0.125821445637319,1.64115951593539,-0.273590423399125,0.543851501744049,-0.58765539601487,-0.583693461726979,0.555650989859477,-0.290830296179214,-0.452612582656541,-0.524703256372089,-0.0117713726094742,-0.0629724299567404,0.023900093887018,-0.286456915044672,-0.192029368943532,-0.0220772657609293,0.161500371364089,0.172798034415682,0.29300953432324,0.654797852979971
"2001-07-01",0.000111000973884695,0.000181804861135094,-0.249177275239729,1.51680011701098,1.53087344711908,0,1.97466817802339,-0.799919043249132,-0.401501050925883,-0.591339683880267,0.224065235700139,-0.785118361401126,2.30022829571022,0.699350897293552,1.99358704535222,-1.45695126579643,0.27443438182678,1.06405709644367,0.418067567384814,0.222863745169113,-0.580364729451746,0.157540585504275,1.90277271513496,0.432568584879681,-0.524074076646337,0.493958936850374,0.222237379233405,0.659454712374837,-0.368565008343525,1.162847603818,-0.868721880703784,-0.137555444777513,-0.332088702313594,0.125821445637319,1.64115951593539,-0.273590423399125,0.543851501744049,-0.58765539601487,-0.583693461726979,0.555650989859477,-0.290830296179214,-0.452612582656541,-0.524703256372089,-0.0117713726094742,-0.0629724299567404,0.023900093887018,-0.286456915044672,-0.192029368943532,-0.0220772657609293,0.161500371364089,0.172798034415682,0.29300953432324,0.654797852979971
"2001-08-01",0.000113363858517347,0.000172825660825661,0.674787854117705,1.41695447630281,0.97766954038369,0,2.17965597351979,-0.799919043249132,-0.0106059239071844,-0.591339683880267,0.239510866919181,-0.561757909729877,2.02683558782148,0.673903992164057,0.921125720101104,-0.754100001180615,0.877601606822661,0.942658888713131,-0.00715057048120755,-0.161041567887592,-0.544144639337101,-0.341166231146314,1.05403823986227,-0.0333424495011033,-0.87097390611408,0.48614322742179,0.222237379233405,0.659454712374837,-0.368565008343525,1.162847603818,-0.868721880703784,-0.137555444777513,-0.332088702313594,0.125821445637319,1.64115951593539,-0.273590423399125,0.543851501744049,-0.58765539601487,-0.583693461726979,0.555650989859477,-0.290830296179214,-0.452612582656541,-0.524703256372089,-0.0117713726094742,-0.0629724299567404,0.023900093887018,-0.286456915044672,-0.192029368943532,-0.0220772657609293,0.161500371364089,0.172798034415682,0.29300953432324,0.654797852979971
"2001-09-01",6.52757696106533e-05,0.000129966412719901,-1.18490681915345,1.0025905976957,0.497902019180108,0,2.52894454736026,-0.799890813402259,-0.596593483942362,-0.591339683880267,0.461279109525451,-0.794297505889146,1.89232695669147,0.653256056239225,0.603216501930216,-1.18382145103407,-0.548426255613317,0.685761258074721,0.558413805610764,-0.367764032892577,-0.505356071511914,-0.498396493403543,0.688779546005875,-0.679348696994597,-1.0470401616234,0.583573744215241,0.222237379233405,0.659454712374837,-0.368565008343525,1.162847603818,-0.868721880703784,-0.137555444777513,-0.332088702313594,0.125821445637319,1.64115951593539,-0.273590423399125,0.543851501744049,-0.58765539601487,-0.583693461726979,0.555650989859477,-0.290830296179214,-0.452612582656541,-0.524703256372089,-0.0117713726094742,-0.0629724299567404,0.023900093887018,-0.286456915044672,-0.192029368943532,-0.0220772657609293,0.161500371364089,0.172798034415682,0.29300953432324,0.654797852979971
"2001-10-01",8.33911190004213e-05,9.0327598234575e-05,-1.06006119239652,0.19378946460861,-0.241995525671083,0,1.875065007197,-0.793891994107408,-0.541686724375,-0.589232852495899,0.121334169022184,-0.803717433515606,1.46320279972723,0.297010441366544,-0.115827957261796,-1.14022679157204,-1.01829555937437,-0.163120023873515,0.912962329650736,-0.504776786636298,-0.49091424608147,-0.555900612494278,-0.0282819455428597,-1.20564508200821,-1.08505077400152,0.208561452889845,0.222237379233405,0.659454712374837,-0.368565008343525,1.162847603818,-0.868721880703784,-0.137555444777513,-0.332088702313594,0.125821445637319,1.64115951593539,-0.273590423399125,0.543851501744049,-0.58765539601487,-0.583693461726979,0.555650989859477,-0.290830296179214,-0.452612582656541,-0.524703256372089,-0.0117713726094742,-0.0629724299567404,0.023900093887018,-0.286456915044672,-0.192029368943532,-0.0220772657609293,0.161500371364089,0.172798034415682,0.29300953432324,0.654797852979971
"2001-11-01",8.65593358244521e-05,6.47133201179713e-05,-0.0443956040477495,-0.500419810920484,-0.971191491018093,0,-0.185537463510293,-0.678102922364429,-0.713483816922306,-0.588930083564903,0.374344538786712,-0.796181577324737,-0.157434488349978,0.207512995638579,-0.658258640609274,-0.947397843589198,-1.19972964155027,-0.686753025637643,0.668133235556166,-0.622270117827434,-0.492667225127163,-0.606555108641688,-0.604879713776919,-1.49084713226451,-1.03801498610441,0.280895811167149,0.222237379233405,0.659454712374837,-0.368565008343525,1.162847603818,-0.868721880703784,-0.137555444777513,-0.332088702313594,0.125821445637319,1.64115951593539,-0.273590423399125,0.543851501744049,-0.58765539601487,-0.583693461726979,0.555650989859477,-0.290830296179214,-0.452612582656541,-0.524703256372089,-0.0117713726094742,-0.0629724299567404,0.023900093887018,-0.286456915044672,-0.192029368943532,-0.0220772657609293,0.161500371364089,0.172798034415682,0.29300953432324,0.654797852979971
"2001-12-01",0.000110166698669024,5.0123947203017e-05,-0.322029226091231,-1.37627408535765,-1.30265253794031,0,-0.472960517894681,0.212171269915873,-0.802257039010922,-0.465984432151893,0.19237795524777,-0.787580003872897,-0.708042627358301,-0.0406111719225076,-0.974010182854092,-0.303242381016924,-1.25309450582912,-1.44650323516417,-0.249293205983518,-0.731692691675429,-0.490844100903814,-0.650106946273376,-0.987784884049253,-1.69069043882463,-0.948732218662503,0.0438504767089447,0.222237379233405,0.659454712374837,-0.368565008343525,1.162847603818,-0.868721880703784,-0.137555444777513,-0.332088702313594,0.125821445637319,1.64115951593539,-0.273590423399125,0.543851501744049,-0.58765539601487,-0.583693461726979,0.555650989859477,-0.290830296179214,-0.452612582656541,-0.524703256372089,-0.0117713726094742,-0.0629724299567404,0.023900093887018,-0.286456915044672,-0.192029368943532,-0.0220772657609293,0.161500371364089,0.172798034415682,0.29300953432324,0.654797852979971
"2002-01-01",0.00011068468928934,3.58735358921405e-05,-1.2562524974951,-1.42096626948395,-1.22596897380973,0,0.100321312452794,0.487054016891108,-0.900204187017186,-0.355651304160735,0.244607505599393,-0.82310642154318,-0.36621737852605,-0.0300152803714972,-0.843793096792843,-0.297881903163824,-1.20465820833945,-1.63245913022097,0.352679773572521,-0.815254820821779,-0.478192001876853,-0.677747247938519,-0.770512984633836,-1.90052479638629,-0.876276012092055,0.0716156707591327,0.222237379233405,0.659454712374837,-0.368565008343525,1.162847603818,-0.868721880703784,-0.137555444777513,-0.332088702313594,0.125821445637319,1.64115951593539,-0.273590423399125,0.543851501744049,-0.58765539601487,-0.583693461726979,0.555650989859477,-0.290830296179214,-0.452612582656541,-0.524703256372089,-0.0117713726094742,-0.0629724299567404,0.023900093887018,-0.286456915044672,-0.192029368943532,-0.0220772657609293,0.161500371364089,0.172798034415682,0.29300953432324,0.654797852979971
"2002-02-01",9.19334885102327e-05,2.29548020803835e-05,-1.51230250429296,-1.26905039991177,-0.944530391018474,0,1.19175059845297,0.744659496005958,-0.861453687771885,-0.385173776052229,1.03606882863971,-0.841955469198109,0.507447776320327,0.433695822404263,-0.676521751080658,-0.600406371286893,-1.12831953023309,-0.767002630602534,1.35988550338236,-0.866589304464008,-0.464217063009047,-0.689033404912506,-0.601469645828818,-2.08215867146899,-0.857434961143214,0.733417460926328,0.222237379233405,0.659454712374837,-0.368565008343525,1.162847603818,-0.868721880703784,-0.137555444777513,-0.332088702313594,0.125821445637319,1.64115951593539,-0.273590423399125,0.543851501744049,-0.58765539601487,-0.583693461726979,0.555650989859477,-0.290830296179214,-0.452612582656541,-0.524703256372089,-0.0117713726094742,-0.0629724299567404,0.023900093887018,-0.286456915044672,-0.192029368943532,-0.0220772657609293,0.161500371364089,0.172798034415682,0.29300953432324,0.654797852979971
"2002-03-01",8.3990567823126e-05,1.93691492668237e-05,-0.396991676142243,-0.930694426418893,-0.488912967362942,0,1.44623699882302,1.10114007630556,-0.653452424051444,0.1077156866471,0.138892572093683,-0.692809853670439,0.940726235283278,0.114390930615275,-0.753639422792149,-0.457802414470411,-0.855240911515444,-1.04270638329422,2.28581227942906,-0.89987589306748,-0.451944339801528,-0.698336117938862,-0.54739261811494,-2.10745611066564,-0.828191472211564,0.104318080289917,0.222237379233405,0.659454712374837,-0.368565008343525,1.162847603818,-0.868721880703784,-0.137555444777513,-0.332088702313594,0.125821445637319,1.64115951593539,-0.273590423399125,0.543851501744049,-0.58765539601487,-0.583693461726979,0.555650989859477,-0.290830296179214,-0.452612582656541,-0.524703256372089,-0.0117713726094742,-0.0629724299567404,0.023900093887018,-0.286456915044672,-0.192029368943532,-0.0220772657609293,0.161500371364089,0.172798034415682,0.29300953432324,0.654797852979971
"2002-04-01",8.73956997119788e-05,3.81125921218944e-05,-1.06447456414359,-0.000945668806871987,0.358753628984741,0,2.47977392759234,0.309144095963463,0.640722164211597,1.35768569806655,0.487259529803011,-0.16580440901633,0.859906029115154,0.447120233552942,-0.231805266541125,0.0443166089246439,0.165924397080696,-0.262232604481881,1.51234100705471,-0.792715199057809,-0.0156217985187042,-0.644648047118813,-0.106920878480108,-1.42235572526254,-0.520986166757228,0.470143956970401,0.222237379233405,0.659454712374837,-0.368565008343525,1.162847603818,-0.868721880703784,-0.137555444777513,-0.332088702313594,0.125821445637319,1.64115951593539,-0.273590423399125,0.543851501744049,-0.58765539601487,-0.583693461726979,0.555650989859477,-0.290830296179214,-0.452612582656541,-0.524703256372089,-0.0117713726094742,-0.0629724299567404,0.023900093887018,-0.286456915044672,-0.192029368943532,-0.0220772657609293,0.161500371364089,0.172798034415682,0.29300953432324,0.654797852979971
"2002-05-01",8.31374945607504e-05,9.01637866847169e-05,-1.51938220119724,0.460138172751232,0.946359158947903,0,0.689307035880683,-0.458860007783084,0.946785996678843,0.273836273786842,0.152571998845973,0.752210164334355,1.27563869552071,0.43220313547113,0.712540123147968,-0.689038843054621,0.337690430414048,0.0803053752722001,1.2588063828326,-0.458145491382131,0.0564056162012216,-0.338823838668302,0.755091747130137,-0.272131465686936,-0.319114703994741,0.298742395682482,0.222237379233405,0.659454712374837,-0.368565008343525,1.162847603818,-0.868721880703784,-0.137555444777513,-0.332088702313594,0.125821445637319,1.64115951593539,-0.273590423399125,0.543851501744049,-0.58765539601487,-0.583693461726979,0.555650989859477,-0.290830296179214,-0.452612582656541,-0.524703256372089,-0.0117713726094742,-0.0629724299567404,0.023900093887018,-0.286456915044672,-0.192029368943532,-0.0220772657609293,0.161500371364089,0.172798034415682,0.29300953432324,0.654797852979971
"2002-06-01",0.00010817798468031,0.000128788103411359,-1.78786443342049,1.20069303857034,1.72634132332514,0,2.00473639507298,-0.799816388120266,-0.858616862918488,-0.591338949064602,0.368840917253849,-0.855186229304402,2.08015320767324,0.68978638684311,1.97696860969467,-1.73929892343237,-0.409151417839833,0.814642465641196,1.66474142871682,-0.483531340293662,-0.454948509470321,-0.305444988821479,2.00811019576146,-0.0668814471639029,-0.687759150289834,0.557592454982094,0.222237379233405,0.659454712374837,-0.368565008343525,1.162847603818,-0.868721880703784,-0.137555444777513,-0.332088702313594,0.125821445637319,1.64115951593539,-0.273590423399125,0.543851501744049,-0.58765539601487,-0.583693461726979,0.555650989859477,-0.290830296179214,-0.452612582656541,-0.524703256372089,-0.0117713726094742,-0.0629724299567404,0.023900093887018,-0.286456915044672,-0.192029368943532,-0.0220772657609293,0.161500371364089,0.172798034415682,0.29300953432324,0.654797852979971
"2002-07-01",0.00012605671738695,9.59461255275209e-05,-0.793340854870674,1.60150870633609,1.56308852530362,0,2.85907238454875,-0.799919043249132,-0.616325444551287,-0.591339683880267,0.249987262785798,-0.916499228542043,2.28125586705272,0.755367413682064,1.63564346456935,-1.83184744057562,-0.441314543459999,1.00743440588689,0.765858557774364,-0.653955699518212,-0.483452898331014,-0.567416357875765,1.82451789109662,-0.908556734314565,-1.13481996407504,0.534238881322917,0.222237379233405,0.659454712374837,-0.368565008343525,1.162847603818,-0.868721880703784,-0.137555444777513,-0.332088702313594,0.125821445637319,1.64115951593539,-0.273590423399125,0.543851501744049,-0.58765539601487,-0.583693461726979,0.555650989859477,-0.290830296179214,-0.452612582656541,-0.524703256372089,-0.0117713726094742,-0.0629724299567404,0.023900093887018,-0.286456915044672,-0.192029368943532,-0.0220772657609293,0.161500371364089,0.172798034415682,0.29300953432324,0.654797852979971
"2002-08-01",0.000124803215891588,7.08528218481707e-05,-0.760518153721529,1.25505556066033,1.15378977174818,0,3.92859459401773,-0.799919043249132,-0.566554422657104,-0.591339683880267,0.251901093330777,-0.855111752885065,2.14037097348336,0.717559877910759,1.00470119278009,-1.45083361027806,-0.347726922644663,0.882816128435808,1.05098407678021,-0.731773768180095,-0.465977424046083,-0.622581049363968,1.26054834281611,-1.33076388510392,-1.3534589030902,0.513143612399714,0.222237379233405,0.659454712374837,-0.368565008343525,1.162847603818,-0.868721880703784,-0.137555444777513,-0.332088702313594,0.125821445637319,1.64115951593539,-0.273590423399125,0.543851501744049,-0.58765539601487,-0.583693461726979,0.555650989859477,-0.290830296179214,-0.452612582656541,-0.524703256372089,-0.0117713726094742,-0.0629724299567404,0.023900093887018,-0.286456915044672,-0.192029368943532,-0.0220772657609293,0.161500371364089,0.172798034415682,0.29300953432324,0.654797852979971
"2002-09-01",6.98720412208784e-05,6.49526222363432e-05,1.68755044182858,0.814648078062763,0.294700141098278,0,1.18478635925566,-0.799919043249132,0.368633991991776,-0.591339683880267,0.549521081080281,-0.471249105616002,-0.0361373439710484,0.744800321603321,-0.228142466683241,0.164476700976879,0.39832302502688,0.685805368618838,-0.238521192527201,-0.788517092992951,-0.466953724921048,-0.64681742185857,-0.199069081682298,-1.22098489999699,-1.41192387193301,0.67519191995866,0.222237379233405,0.659454712374837,-0.368565008343525,1.162847603818,-0.868721880703784,-0.137555444777513,-0.332088702313594,0.125821445637319,1.64115951593539,-0.273590423399125,0.543851501744049,-0.58765539601487,-0.583693461726979,0.555650989859477,-0.290830296179214,-0.452612582656541,-0.524703256372089,-0.0117713726094742,-0.0629724299567404,0.023900093887018,-0.286456915044672,-0.192029368943532,-0.0220772657609293,0.161500371364089,0.172798034415682,0.29300953432324,0.654797852979971
"2002-10-01",6.91392157810763e-05,8.84352615329359e-05,0.586543147772473,-0.163204969016666,-0.546856632412596,0,0.429869067835758,-0.726578006237203,-0.124646373218867,-0.576988666068818,0.249358335247043,-0.290130611361952,-0.500988771478484,0.408962475627816,-0.525188912640219,0.711822465484261,-0.354054757015476,-0.157248964909017,-0.071024970930058,-0.85007366699666,-0.473879081564351,-0.67779274222735,-0.641271577243882,-0.768782309673875,-1.19828053743588,0.331080331980562,0.222237379233405,0.659454712374837,-0.368565008343525,1.162847603818,-0.868721880703784,-0.137555444777513,-0.332088702313594,0.125821445637319,1.64115951593539,-0.273590423399125,0.543851501744049,-0.58765539601487,-0.583693461726979,0.555650989859477,-0.290830296179214,-0.452612582656541,-0.524703256372089,-0.0117713726094742,-0.0629724299567404,0.023900093887018,-0.286456915044672,-0.192029368943532,-0.0220772657609293,0.161500371364089,0.172798034415682,0.29300953432324,0.654797852979971
"2002-11-01",6.80865251655949e-05,0.000104007802128732,-0.313116169821419,-0.745897129644964,-1.04277307511735,0,-0.726643273317426,-0.417513350018642,-0.0679869121208911,-0.350459487517088,0.541239106421032,0.185578828497543,-1.08145768336001,0.338398368672207,-0.994057150550444,1.15836954741834,-0.868960333908231,-0.673426413397997,-0.744227917839276,-0.899221581373972,-0.432998068780973,-0.692250606084499,-1.08412099040611,-0.529747027341338,-0.780932270599688,0.433140893230684,0.222237379233405,0.659454712374837,-0.368565008343525,1.162847603818,-0.868721880703784,-0.137555444777513,-0.332088702313594,0.125821445637319,1.64115951593539,-0.273590423399125,0.543851501744049,-0.58765539601487,-0.583693461726979,0.555650989859477,-0.290830296179214,-0.452612582656541,-0.524703256372089,-0.0117713726094742,-0.0629724299567404,0.023900093887018,-0.286456915044672,-0.192029368943532,-0.0220772657609293,0.161500371364089,0.172798034415682,0.29300953432324,0.654797852979971
"2002-12-01",8.35737285969844e-05,9.8323332481472e-05,-0.643888038890251,-1.13793669218746,-1.27421937314726,0,-0.591259081046105,-0.164983705625506,-0.798231281570694,-0.562714927412047,0.300355056174829,-0.54186725436793,-1.06336786107155,0.0505219295473456,-0.924551828579483,0.793218424683816,-1.15324846032917,-1.44063408221083,-0.847662399623111,-0.89532394439357,-0.361124023061155,-0.684360675238775,-1.00673660899623,-0.803950452614865,-0.449631592903976,0.145544745608624,0.222237379233405,0.659454712374837,-0.368565008343525,1.162847603818,-0.868721880703784,-0.137555444777513,-0.332088702313594,0.125821445637319,1.64115951593539,-0.273590423399125,0.543851501744049,-0.58765539601487,-0.583693461726979,0.555650989859477,-0.290830296179214,-0.452612582656541,-0.524703256372089,-0.0117713726094742,-0.0629724299567404,0.023900093887018,-0.286456915044672,-0.192029368943532,-0.0220772657609293,0.161500371364089,0.172798034415682,0.29300953432324,0.654797852979971
"2003-01-01",0.000109185619660038,7.78343567180777e-05,-1.35696862677921,-0.943417553378955,-1.18867054170341,0,-0.477992015726828,0.243351770455315,-0.763875475073855,-0.455348943527879,0.394915878889727,-0.640936844066616,-0.899919579058465,0.0801612149968749,-0.779574993553118,0.595037225065869,-1.07383268702875,-1.63655542050304,-0.349184431532477,-0.872124488013431,-0.383025954799237,-0.676875532292783,-0.862536119561599,-1.22989728298945,-0.352166639741551,0.204454274846152,0.222237379233405,0.659454712374837,-0.368565008343525,1.162847603818,-0.868721880703784,-0.137555444777513,-0.332088702313594,0.125821445637319,1.64115951593539,-0.273590423399125,0.543851501744049,-0.58765539601487,-0.583693461726979,0.555650989859477,-0.290830296179214,-0.452612582656541,-0.524703256372089,-0.0117713726094742,-0.0629724299567404,0.023900093887018,-0.286456915044672,-0.192029368943532,-0.0220772657609293,0.161500371364089,0.172798034415682,0.29300953432324,0.654797852979971
"2003-02-01",0.00011011119967399,5.80212154909829e-05,1.16946662226658,-1.2505296129306,-1.02703564290005,0,-0.417669238793068,0.47045421828878,-0.646031698266785,-0.386545777280623,1.23231545461908,-0.481621368433621,-0.714034280295276,0.577414445990656,-0.711838789971374,0.735439206129814,-0.880482139135145,-0.769346479761536,0.0397820260689452,-0.847074653716603,-0.32802729006871,-0.666395690459478,-0.860650595526615,-1.42197150550063,-0.240255940421498,0.906861111813246,0.222237379233405,0.659454712374837,-0.368565008343525,1.162847603818,-0.868721880703784,-0.137555444777513,-0.332088702313594,0.125821445637319,1.64115951593539,-0.273590423399125,0.543851501744049,-0.58765539601487,-0.583693461726979,0.555650989859477,-0.290830296179214,-0.452612582656541,-0.524703256372089,-0.0117713726094742,-0.0629724299567404,0.023900093887018,-0.286456915044672,-0.192029368943532,-0.0220772657609293,0.161500371364089,0.172798034415682,0.29300953432324,0.654797852979971
"2003-03-01",0.000109185619660038,7.59996076833286e-05,0.656383093874177,-0.59664804515089,-0.501544263341478,0,-0.278283652361734,1.04373551444899,0.144665459182952,0.242157806334757,0.411215668530574,0.555390254730857,-0.916296699970194,0.307530477164708,-0.488070997152709,1.38230758399456,0.0077208911366735,-0.964569401105224,0.128881717339282,-0.788787031360936,-0.143701933651621,-0.628349436446852,-0.7402974613438,-1.04502160938191,0.159331120729876,0.343760752054146,0.222237379233405,0.659454712374837,-0.368565008343525,1.162847603818,-0.868721880703784,-0.137555444777513,-0.332088702313594,0.125821445637319,1.64115951593539,-0.273590423399125,0.543851501744049,-0.58765539601487,-0.583693461726979,0.555650989859477,-0.290830296179214,-0.452612582656541,-0.524703256372089,-0.0117713726094742,-0.0629724299567404,0.023900093887018,-0.286456915044672,-0.192029368943532,-0.0220772657609293,0.161500371364089,0.172798034415682,0.29300953432324,0.654797852979971
"2003-04-01",8.60046442558071e-05,0.00011742811556765,-0.84810224037647,-0.0963815067671179,0.293026729874402,0,1.24191760041536,0.594597959398337,0.815107107751728,2.29065232984091,0.668081252882539,0.545528826267032,-0.344896631402,0.591212221726227,-0.0485615042762905,0.500579676933143,0.880168862351935,-0.246670840177131,-8.52202861562041e-06,-0.374018499797693,0.448931014221587,-0.321192998876776,-0.089370785955457,-0.226409759749573,0.670647195998547,0.63627449467262,0.222237379233405,0.659454712374837,-0.368565008343525,1.162847603818,-0.868721880703784,-0.137555444777513,-0.332088702313594,0.125821445637319,1.64115951593539,-0.273590423399125,0.543851501744049,-0.58765539601487,-0.583693461726979,0.555650989859477,-0.290830296179214,-0.452612582656541,-0.524703256372089,-0.0117713726094742,-0.0629724299567404,0.023900093887018,-0.286456915044672,-0.192029368943532,-0.0220772657609293,0.161500371364089,0.172798034415682,0.29300953432324,0.654797852979971
"2003-05-01",9.0894523452663e-05,0.000333554927787486,-0.186674753419501,0.548821899431626,0.860305969331725,0,0.534714631460198,-0.234216474775687,2.1410631442319,0.934181283206609,0.350768350752356,1.57714311536226,0.0397959706700545,0.59173472643736,0.7373492684279,-0.18028592326077,1.31957492369176,0.0642039375202898,0.155990843175417,0.352003263375745,1.82656254761966,1.17633842193502,0.684336319951038,1.39849127183771,0.822687429837791,0.48085037442322,0.222237379233405,0.659454712374837,-0.368565008343525,1.162847603818,-0.868721880703784,-0.137555444777513,-0.332088702313594,0.125821445637319,1.64115951593539,-0.273590423399125,0.543851501744049,-0.58765539601487,-0.583693461726979,0.555650989859477,-0.290830296179214,-0.452612582656541,-0.524703256372089,-0.0117713726094742,-0.0629724299567404,0.023900093887018,-0.286456915044672,-0.192029368943532,-0.0220772657609293,0.161500371364089,0.172798034415682,0.29300953432324,0.654797852979971
"2003-06-01",0.000122260108715923,0.000314192342917924,-0.79831849196404,0.977661543418572,1.40415109132346,0,0.614724055318461,-0.798726115269719,-0.498222232749091,-0.589957270526725,0.505934734267683,-0.770768178381851,1.10641721166077,0.811261275175295,1.53575717963578,-1.32182868863712,0.370819874479468,0.769058302606009,2.35039835760896,0.731401981999432,0.220534478438278,1.51678796036418,1.50485150526721,1.2211061006652,0.0573303890950824,0.688357784594592,0.222237379233405,0.659454712374837,-0.368565008343525,1.162847603818,-0.868721880703784,-0.137555444777513,-0.332088702313594,0.125821445637319,1.64115951593539,-0.273590423399125,0.543851501744049,-0.58765539601487,-0.583693461726979,0.555650989859477,-0.290830296179214,-0.452612582656541,-0.524703256372089,-0.0117713726094742,-0.0629724299567404,0.023900093887018,-0.286456915044672,-0.192029368943532,-0.0220772657609293,0.161500371364089,0.172798034415682,0.29300953432324,0.654797852979971
"2003-07-01",0.000126383743723279,0.000158032791595582,-1.28902415245272,1.69942536194215,1.73209339765229,0,1.6231786594372,-0.799919043249132,-0.719202966950378,-0.591339683880267,0.282043608433737,-0.888445345314634,2.50957532082623,0.807664683937787,2.3087981602999,-1.68473149459106,-0.190748708636628,0.92367828495201,1.67627505689148,0.0354129885895159,-0.569695930852372,0.0792658164467421,2.2968616477755,0.524703324887508,-0.688090024155015,0.575144732234654,0.222237379233405,0.659454712374837,-0.368565008343525,1.162847603818,-0.868721880703784,-0.137555444777513,-0.332088702313594,0.125821445637319,1.64115951593539,-0.273590423399125,0.543851501744049,-0.58765539601487,-0.583693461726979,0.555650989859477,-0.290830296179214,-0.452612582656541,-0.524703256372089,-0.0117713726094742,-0.0629724299567404,0.023900093887018,-0.286456915044672,-0.192029368943532,-0.0220772657609293,0.161500371364089,0.172798034415682,0.29300953432324,0.654797852979971
"2003-08-01",0.000126928887077724,0.000144389885413141,0.081480764548006,1.47996724000869,1.06103657690517,0,1.3048156968541,-0.799919043249132,-0.170562228195199,-0.591339683880267,0.369450127610922,-0.773516185263282,1.60437526202187,0.828750783262113,1.1267508028026,-1.2338818264381,0.132361653790225,0.842796428854777,0.309487457370753,-0.31522882168044,-0.529392274343499,-0.375848865618493,1.26189889219566,-0.118646368335662,-1.0563563288899,0.628799220135188,0.222237379233405,0.659454712374837,-0.368565008343525,1.162847603818,-0.868721880703784,-0.137555444777513,-0.332088702313594,0.125821445637319,1.64115951593539,-0.273590423399125,0.543851501744049,-0.58765539601487,-0.583693461726979,0.555650989859477,-0.290830296179214,-0.452612582656541,-0.524703256372089,-0.0117713726094742,-0.0629724299567404,0.023900093887018,-0.286456915044672,-0.192029368943532,-0.0220772657609293,0.161500371364089,0.172798034415682,0.29300953432324,0.654797852979971
"2003-09-01",6.88441162859768e-05,0.000123661309149681,0.000399292013177658,0.771897247931682,0.38494233348972,0,0.443723286589924,-0.799880222488283,-0.0645257742933818,-0.591339683880267,0.597989958202784,-0.242906012794524,0.260261545326883,0.808571095899767,0.516093949171349,-0.541827747148578,0.213730111164218,0.602439163110972,0.100401594215599,-0.520368991434706,-0.523219319850932,-0.532143720225622,0.45387047707356,-0.14848691649209,-1.11035922732227,0.730341852577624,0.222237379233405,0.659454712374837,-0.368565008343525,1.162847603818,-0.868721880703784,-0.137555444777513,-0.332088702313594,0.125821445637319,1.64115951593539,-0.273590423399125,0.543851501744049,-0.58765539601487,-0.583693461726979,0.555650989859477,-0.290830296179214,-0.452612582656541,-0.524703256372089,-0.0117713726094742,-0.0629724299567404,0.023900093887018,-0.286456915044672,-0.192029368943532,-0.0220772657609293,0.161500371364089,0.172798034415682,0.29300953432324,0.654797852979971
"2003-10-01",6.86922400038679e-05,0.000102419814754698,-0.968987446501106,0.374513385780424,-0.176585677000946,0,1.3050165779286,-0.791820564559935,-0.683419330722067,-0.591339683880267,0.313406819310268,-0.788772800038875,0.48732753295037,0.478642798778228,0.394255064665397,-1.05411044568185,-0.667787533645525,-0.215108928999554,0.513702043077397,-0.662414475315833,-0.502264317930408,-0.599587721689411,0.270466744114177,-0.586061743431606,-1.10792242993214,0.397833117286723,0.222237379233405,0.659454712374837,-0.368565008343525,1.162847603818,-0.868721880703784,-0.137555444777513,-0.332088702313594,0.125821445637319,1.64115951593539,-0.273590423399125,0.543851501744049,-0.58765539601487,-0.583693461726979,0.555650989859477,-0.290830296179214,-0.452612582656541,-0.524703256372089,-0.0117713726094742,-0.0629724299567404,0.023900093887018,-0.286456915044672,-0.192029368943532,-0.0220772657609293,0.161500371364089,0.172798034415682,0.29300953432324,0.654797852979971
"2003-11-01",6.85090336439174e-05,8.15238463610557e-05,0.737726317865537,-0.871929784912486,-1.08759360540248,0,-0.174162286124503,-0.354124378326525,-0.177857713436824,-0.291482785975209,0.613673965092665,-0.487788341632855,-0.658025528347323,0.409651605857066,-0.904475014740733,-0.23030169428278,-1.04563462888763,-0.736380110642261,-0.410832323306895,-0.76019486074434,-0.444192378986573,-0.633624928826799,-1.03076833148423,-0.742992338183815,-0.991674919593467,0.50487676177186,0.222237379233405,0.659454712374837,-0.368565008343525,1.162847603818,-0.868721880703784,-0.137555444777513,-0.332088702313594,0.125821445637319,1.64115951593539,-0.273590423399125,0.543851501744049,-0.58765539601487,-0.583693461726979,0.555650989859477,-0.290830296179214,-0.452612582656541,-0.524703256372089,-0.0117713726094742,-0.0629724299567404,0.023900093887018,-0.286456915044672,-0.192029368943532,-0.0220772657609293,0.161500371364089,0.172798034415682,0.29300953432324,0.654797852979971
"2003-12-01",8.43041669832368e-05,7.46297373274118e-05,0.107923064356742,-1.13935721458289,-1.24816069313718,0,-0.568366661730844,-0.0150652450536583,-0.694038914260675,-0.276376415062257,0.349696292194535,-0.621002413502238,-0.845299220943816,0.106097711154912,-0.975537375204842,0.245063291728104,-1.154583551129,-1.50313164375445,-0.305165582528877,-0.78479022478123,-0.37921522452868,-0.630510415166307,-1.02033816778119,-0.894217581482986,-0.741005470178693,0.197500177540941,0.222237379233405,0.659454712374837,-0.368565008343525,1.162847603818,-0.868721880703784,-0.137555444777513,-0.332088702313594,0.125821445637319,1.64115951593539,-0.273590423399125,0.543851501744049,-0.58765539601487,-0.583693461726979,0.555650989859477,-0.290830296179214,-0.452612582656541,-0.524703256372089,-0.0117713726094742,-0.0629724299567404,0.023900093887018,-0.286456915044672,-0.192029368943532,-0.0220772657609293,0.161500371364089,0.172798034415682,0.29300953432324,0.654797852979971
"2004-01-01",0.000110330211837189,6.74781248920784e-05,-0.516308832687285,-1.51265203896564,-1.28839099645489,0,-0.724967514948473,0.873776407151575,-0.843075945485454,-0.538813412416153,0.476408254700071,-0.508334609727734,-0.832151056716702,0.148910440923363,-0.917226786549393,0.469164755835173,-1.19187542055744,-1.71677594518329,0.282139239292419,-0.805835211122958,-0.400636395950569,-0.628541019517029,-0.967288104764231,-1.08660270107529,-0.551158465896136,0.279169338495867,0.222237379233405,0.659454712374837,-0.368565008343525,1.162847603818,-0.868721880703784,-0.137555444777513,-0.332088702313594,0.125821445637319,1.64115951593539,-0.273590423399125,0.543851501744049,-0.58765539601487,-0.583693461726979,0.555650989859477,-0.290830296179214,-0.452612582656541,-0.524703256372089,-0.0117713726094742,-0.0629724299567404,0.023900093887018,-0.286456915044672,-0.192029368943532,-0.0220772657609293,0.161500371364089,0.172798034415682,0.29300953432324,0.654797852979971
"2004-02-01",0.000111424675889792,5.34052506889716e-05,0.860856811217299,-1.34039383801348,-1.08766791661536,0,-0.108829064660398,1.46298749717296,-0.55017048184077,-0.299943452785609,1.0304049418096,-0.194116675278464,-0.76044054666229,0.513187508624549,-0.679004249037627,0.376358758068666,-0.959591805953778,-1.04150526951516,0.828308089519068,-0.844877767632155,-0.422666057276755,-0.64196445451703,-0.807305455974921,-1.30601915182928,-0.487566429258499,0.764125077919331,0.222237379233405,0.659454712374837,-0.368565008343525,1.162847603818,-0.868721880703784,-0.137555444777513,-0.332088702313594,0.125821445637319,1.64115951593539,-0.273590423399125,0.543851501744049,-0.58765539601487,-0.583693461726979,0.555650989859477,-0.290830296179214,-0.452612582656541,-0.524703256372089,-0.0117713726094742,-0.0629724299567404,0.023900093887018,-0.286456915044672,-0.192029368943532,-0.0220772657609293,0.161500371364089,0.172798034415682,0.29300953432324,0.654797852979971
"2004-03-01",0.000111995778451592,7.8703244210221e-05,-1.3196048452542,-0.327964326123278,-0.321181368938041,0,0.164634021863637,1.24737430137796,0.55327844061515,1.3431132708565,0.574958773292848,0.466320721478717,-0.27653413749827,0.417498433497288,-0.520450127979059,1.01170467238719,0.0927217027686395,-1.01423188346006,0.694090027579421,-0.851187198663594,-0.184159091678729,-0.638225457796513,-0.570447334400132,-0.799821873096601,-0.00639458793481462,0.48231216546348,0.222237379233405,0.659454712374837,-0.368565008343525,1.162847603818,-0.868721880703784,-0.137555444777513,-0.332088702313594,0.125821445637319,1.64115951593539,-0.273590423399125,0.543851501744049,-0.58765539601487,-0.583693461726979,0.555650989859477,-0.290830296179214,-0.452612582656541,-0.524703256372089,-0.0117713726094742,-0.0629724299567404,0.023900093887018,-0.286456915044672,-0.192029368943532,-0.0220772657609293,0.161500371364089,0.172798034415682,0.29300953432324,0.654797852979971
"2004-04-01",9.27074906237697e-05,0.000154281536942002,1.58978860156385,-0.0787368309735405,0.123994967010993,0,-0.0118220253422067,0.333231761064072,0.909680274386795,1.35034692612,0.797278085848668,0.800218206254838,-0.631584199103806,0.690903909222334,-0.664327854163893,1.06409142224033,1.2564321932808,-0.300180742213273,1.1339381894808,-0.213828337181097,1.03345196660292,-0.023506120059745,-0.673246884922138,0.667361626395476,0.876918985744844,0.751783923304068,0.222237379233405,0.659454712374837,-0.368565008343525,1.162847603818,-0.868721880703784,-0.137555444777513,-0.332088702313594,0.125821445637319,1.64115951593539,-0.273590423399125,0.543851501744049,-0.58765539601487,-0.583693461726979,0.555650989859477,-0.290830296179214,-0.452612582656541,-0.524703256372089,-0.0117713726094742,-0.0629724299567404,0.023900093887018,-0.286456915044672,-0.192029368943532,-0.0220772657609293,0.161500371364089,0.172798034415682,0.29300953432324,0.654797852979971
"2004-05-01",8.25759402131495e-05,0.000400752872269151,-1.28468820697279,0.575289419122165,1.03124824690971,0,0.24420500618752,-0.478282552061124,1.66038133822156,0.258300462766287,0.429158809429237,1.31899047643992,0.272054186575461,0.658975837142,0.889116454382753,-0.417271107187464,1.40961644104316,0.00231793327350256,1.11976092746358,0.355271508089686,0.935615215868553,0.75438114661785,0.752043381029166,1.65543400317818,0.79275885475136,0.553645359299433,0.222237379233405,0.659454712374837,-0.368565008343525,1.162847603818,-0.868721880703784,-0.137555444777513,-0.332088702313594,0.125821445637319,1.64115951593539,-0.273590423399125,0.543851501744049,-0.58765539601487,-0.583693461726979,0.555650989859477,-0.290830296179214,-0.452612582656541,-0.524703256372089,-0.0117713726094742,-0.0629724299567404,0.023900093887018,-0.286456915044672,-0.192029368943532,-0.0220772657609293,0.161500371364089,0.172798034415682,0.29300953432324,0.654797852979971
"2004-06-01",0.000114909475690871,0.000182954525801037,-0.632321232711146,0.987145111096357,1.39271135108769,0,-0.0168778340070939,-0.799919043249132,-0.396268961198398,-0.591339683880267,0.644637018294819,-0.805788535577463,1.32451635812857,0.93041960595699,1.61634106700398,-1.36500381098138,0.360100343515097,0.703604245457321,2.36869693432004,0.334402901806064,-0.367139394802388,0.519689913761311,1.48298104782559,1.09461667602902,-0.0741476588501931,0.818305810594358,0.222237379233405,0.659454712374837,-0.368565008343525,1.162847603818,-0.868721880703784,-0.137555444777513,-0.332088702313594,0.125821445637319,1.64115951593539,-0.273590423399125,0.543851501744049,-0.58765539601487,-0.583693461726979,0.555650989859477,-0.290830296179214,-0.452612582656541,-0.524703256372089,-0.0117713726094742,-0.0629724299567404,0.023900093887018,-0.286456915044672,-0.192029368943532,-0.0220772657609293,0.161500371364089,0.172798034415682,0.29300953432324,0.654797852979971
"2004-07-01",0.000124830368625717,0.000153478293422479,-0.661636166262826,1.37689950264641,1.4358904730819,0,0.426901155528112,-0.799919043249132,-0.505789408708333,-0.591339683880267,0.484004425334948,-0.749722751923835,1.59881414210993,0.970962577317385,1.83793886501831,-1.30469466478409,0.270815570472805,0.878484037343833,0.526230476568656,-0.162553854570659,-0.554792023657622,-0.26426189655152,1.79692784486396,0.593051652372572,-0.705613783528105,0.760397185924218,0.222237379233405,0.659454712374837,-0.368565008343525,1.162847603818,-0.868721880703784,-0.137555444777513,-0.332088702313594,0.125821445637319,1.64115951593539,-0.273590423399125,0.543851501744049,-0.58765539601487,-0.583693461726979,0.555650989859477,-0.290830296179214,-0.452612582656541,-0.524703256372089,-0.0117713726094742,-0.0629724299567404,0.023900093887018,-0.286456915044672,-0.192029368943532,-0.0220772657609293,0.161500371364089,0.172798034415682,0.29300953432324,0.654797852979971
"2004-08-01",0.000124258072537142,0.000126703310517264,-0.741582121856229,1.16641883577374,1.00046714165318,0,1.66965071644632,-0.799919043249132,-0.546033100269685,-0.591339683880267,0.504039104198102,-0.820975699686219,1.63308252074543,0.944797485348228,1.26257833623834,-1.31054615644909,-0.190565925496956,0.76848050893554,0.671412885027807,-0.413071085934442,-0.518769206692702,-0.481490041003522,1.324145010676,-0.103302093041068,-1.05754503756403,0.754849396568226,0.222237379233405,0.659454712374837,-0.368565008343525,1.162847603818,-0.868721880703784,-0.137555444777513,-0.332088702313594,0.125821445637319,1.64115951593539,-0.273590423399125,0.543851501744049,-0.58765539601487,-0.583693461726979,0.555650989859477,-0.290830296179214,-0.452612582656541,-0.524703256372089,-0.0117713726094742,-0.0629724299567404,0.023900093887018,-0.286456915044672,-0.192029368943532,-0.0220772657609293,0.161500371364089,0.172798034415682,0.29300953432324,0.654797852979971
"2004-09-01",6.91765134927926e-05,9.9703049433282e-05,1.41758837306108,0.764783785061964,0.400042645681997,0,1.09959589276535,-0.798797910574427,0.318692017993341,-0.591065417321161,0.754202869053498,-0.546805495513552,0.278431542432007,0.938785338374312,0.240335012823439,-0.449107484854068,0.200152566813313,0.535210337279851,0.601189828927537,-0.566143570925681,-0.501024728740839,-0.564558217913508,0.241777409599485,-0.353612130452089,-1.18720955699155,0.87483398477457,0.222237379233405,0.659454712374837,-0.368565008343525,1.162847603818,-0.868721880703784,-0.137555444777513,-0.332088702313594,0.125821445637319,1.64115951593539,-0.273590423399125,0.543851501744049,-0.58765539601487,-0.583693461726979,0.555650989859477,-0.290830296179214,-0.452612582656541,-0.524703256372089,-0.0117713726094742,-0.0629724299567404,0.023900093887018,-0.286456915044672,-0.192029368943532,-0.0220772657609293,0.161500371364089,0.172798034415682,0.29300953432324,0.654797852979971
"2004-10-01",6.7729959041587e-05,0.000108990179650645,1.43323328556294,0.107370257366951,-0.436432826925433,0,-0.163159130836748,-0.771342195621603,0.525355090032119,-0.578020549617287,0.474739877788584,-0.0263036948060095,-0.44856985856413,0.603843104558687,-0.572955636958711,0.539563541208725,-0.26968228085185,-0.262457513799415,-0.133238890889253,-0.688483973686047,-0.493349449580456,-0.617852087059052,-0.62080693151739,-0.0056993531152631,-0.946718910277497,0.542898401508431,0.222237379233405,0.659454712374837,-0.368565008343525,1.162847603818,-0.868721880703784,-0.137555444777513,-0.332088702313594,0.125821445637319,1.64115951593539,-0.273590423399125,0.543851501744049,-0.58765539601487,-0.583693461726979,0.555650989859477,-0.290830296179214,-0.452612582656541,-0.524703256372089,-0.0117713726094742,-0.0629724299567404,0.023900093887018,-0.286456915044672,-0.192029368943532,-0.0220772657609293,0.161500371364089,0.172798034415682,0.29300953432324,0.654797852979971
"2004-11-01",0.000103556350626118,0.000145796158335693,0.983708227215407,-0.762380122371365,-1.10390105212376,0,-0.683286924001096,-0.544941294709577,-0.181973847315112,-0.511986720842435,0.784147959555265,0.857426850713062,-0.868293552444038,0.536091317497595,-1.09949967780241,1.86108471382754,-0.840785344768208,-0.770203313466641,-0.59488908747095,-0.704946591095847,-0.189962621406263,-0.606474444309759,-1.13412775954012,0.582633814338499,-0.0428017914707219,0.655590146699166,0.222237379233405,0.659454712374837,-0.368565008343525,1.162847603818,-0.868721880703784,-0.137555444777513,-0.332088702313594,0.125821445637319,1.64115951593539,-0.273590423399125,0.543851501744049,-0.58765539601487,-0.583693461726979,0.555650989859477,-0.290830296179214,-0.452612582656541,-0.524703256372089,-0.0117713726094742,-0.0629724299567404,0.023900093887018,-0.286456915044672,-0.192029368943532,-0.0220772657609293,0.161500371364089,0.172798034415682,0.29300953432324,0.654797852979971
"2004-12-01",8.19955878188436e-05,0.000151424233842839,-0.394032766883628,-1.13747587220813,-1.27548591236577,0,-0.837906233214141,-0.0386897791672276,-0.273211896921329,-0.303326326128498,0.527265944218566,0.752214850350672,-0.96887907875691,0.226848755608239,-1.13365915044223,1.87398744535097,-1.03203359174407,-1.52917565260777,-0.249541982974768,-0.490698569581135,0.0234086433422335,-0.463459358527376,-1.14104382699049,0.627751778202179,0.671292695458743,0.349170938146881,0.222237379233405,0.659454712374837,-0.368565008343525,1.162847603818,-0.868721880703784,-0.137555444777513,-0.332088702313594,0.125821445637319,1.64115951593539,-0.273590423399125,0.543851501744049,-0.58765539601487,-0.583693461726979,0.555650989859477,-0.290830296179214,-0.452612582656541,-0.524703256372089,-0.0117713726094742,-0.0629724299567404,0.023900093887018,-0.286456915044672,-0.192029368943532,-0.0220772657609293,0.161500371364089,0.172798034415682,0.29300953432324,0.654797852979971
"2005-01-01",0.000108084591210173,0.000318166488696721,2.30124750411212,-1.15155800318709,-1.25525028878559,0,-1.50644665331122,0.947041449498088,-0.172282216081461,-0.148312180449892,0.732878231496508,2.82608302858966,-1.08443427935338,0.291342602369108,-1.10859974371469,2.22169322758255,-0.94116348820237,-1.63609089835327,-0.797069573228449,-0.207780295033362,0.286675088389555,-0.113173208352318,-1.13455960133384,0.903384884318332,1.73447055779882,0.484900120321153,0.222237379233405,0.659454712374837,-0.368565008343525,1.162847603818,-0.868721880703784,-0.137555444777513,-0.332088702313594,0.125821445637319,1.64115951593539,-0.273590423399125,0.543851501744049,-0.58765539601487,-0.583693461726979,0.555650989859477,-0.290830296179214,-0.452612582656541,-0.524703256372089,-0.0117713726094742,-0.0629724299567404,0.023900093887018,-0.286456915044672,-0.192029368943532,-0.0220772657609293,0.161500371364089,0.172798034415682,0.29300953432324,0.654797852979971
"2005-02-01",0.000110998586831145,0.000295545874113316,1.39244849633605,-0.982910945554997,-1.03029313892235,0,-1.42598177836813,1.6442756084071,-0.272304040956357,-0.0233259139172559,1.70182679885281,2.4572691380799,-1.02530726554525,0.877027441478823,-0.876534324962402,2.04107015905651,-0.572317246491575,-0.708837160150891,-1.27064941342648,-0.0652885810929084,0.215728704514294,0.170929991339627,-1.02804089814517,0.778405594894883,2.44468798589957,1.30104378562003,0.222237379233405,0.659454712374837,-0.368565008343525,1.162847603818,-0.868721880703784,-0.137555444777513,-0.332088702313594,0.125821445637319,1.64115951593539,-0.273590423399125,0.543851501744049,-0.58765539601487,-0.583693461726979,0.555650989859477,-0.290830296179214,-0.452612582656541,-0.524703256372089,-0.0117713726094742,-0.0629724299567404,0.023900093887018,-0.286456915044672,-0.192029368943532,-0.0220772657609293,0.161500371364089,0.172798034415682,0.29300953432324,0.654797852979971
"2005-03-01",0.000112303708359522,0.000260774560197816,0.46003317298194,-0.657741055446691,-0.516342339029813,0,-1.3713196853347,1.65677738723074,-0.222409415152888,0.75040867330776,0.815108232129235,1.22490190731082,-0.989958659048365,0.575420853950591,-0.596174382191596,1.58435236399771,0.359781394306658,-0.922742258364638,-1.01482253016334,0.0674016682759353,0.44036473358401,0.37832873552433,-0.824213959916857,0.721175571053925,2.97219398527232,0.687739024689373,0.222237379233405,0.659454712374837,-0.368565008343525,1.162847603818,-0.868721880703784,-0.137555444777513,-0.332088702313594,0.125821445637319,1.64115951593539,-0.273590423399125,0.543851501744049,-0.58765539601487,-0.583693461726979,0.555650989859477,-0.290830296179214,-0.452612582656541,-0.524703256372089,-0.0117713726094742,-0.0629724299567404,0.023900093887018,-0.286456915044672,-0.192029368943532,-0.0220772657609293,0.161500371364089,0.172798034415682,0.29300953432324,0.654797852979971
"2005-04-01",7.60061720805907e-05,0.00029781536527583,0.235643243746297,-0.151351004175159,0.176061404125246,0,-0.309798816394216,1.28708670796432,1.02731085110214,2.6992735377322,1.07777471244556,0.785575381516546,-0.800978634230366,0.872665864259219,-0.320817676638302,0.705014447471229,1.65222973523325,-0.20172600774433,-0.441565588164902,0.554728214866923,1.50381985359465,0.630034550705148,-0.628707347466306,1.00541484325252,3.04710515775317,0.990163450686839,0.222237379233405,0.659454712374837,-0.368565008343525,1.162847603818,-0.868721880703784,-0.137555444777513,-0.332088702313594,0.125821445637319,1.64115951593539,-0.273590423399125,0.543851501744049,-0.58765539601487,-0.583693461726979,0.555650989859477,-0.290830296179214,-0.452612582656541,-0.524703256372089,-0.0117713726094742,-0.0629724299567404,0.023900093887018,-0.286456915044672,-0.192029368943532,-0.0220772657609293,0.161500371364089,0.172798034415682,0.29300953432324,0.654797852979971
"2005-05-01",8.26198023221279e-05,0.000637240952887465,-0.0583226445348909,0.462134512098533,0.807448959135305,0,-0.648196981712171,0.224220029782753,3.09268326656583,2.04229694393126,0.749405779864212,2.2977241452727,-0.48019398536616,0.877295893702457,0.299112892282944,0.135106634867733,2.42931032693922,0.0743264905331934,-0.861739727136053,1.96909624061337,3.21021666402143,2.25874051368241,0.103129119047701,1.98620933108794,2.77042665915044,0.830300293343363,0.222237379233405,0.659454712374837,-0.368565008343525,1.162847603818,-0.868721880703784,-0.137555444777513,-0.332088702313594,0.125821445637319,1.64115951593539,-0.273590423399125,0.543851501744049,-0.58765539601487,-0.583693461726979,0.555650989859477,-0.290830296179214,-0.452612582656541,-0.524703256372089,-0.0117713726094742,-0.0629724299567404,0.023900093887018,-0.286456915044672,-0.192029368943532,-0.0220772657609293,0.161500371364089,0.172798034415682,0.29300953432324,0.654797852979971
"2005-06-01",0.000112932100206519,0.000535359120326562,0.176991355986596,0.914241280907093,1.35217873075552,0,0.0791171990330615,-0.744592650700152,0.220939880607437,-0.442044900141411,0.966903483145836,-0.00716971392890482,0.489710772428951,1.15370037161547,1.13082330245971,-0.70456043677812,1.99143599568013,0.78243414439119,0.597843294157762,2.861906733482,1.63271869059131,3.17969548740031,1.04778432261168,1.86459174171596,1.61204242705666,1.0986677167794,0.222237379233405,0.659454712374837,-0.368565008343525,1.162847603818,-0.868721880703784,-0.137555444777513,-0.332088702313594,0.125821445637319,1.64115951593539,-0.273590423399125,0.543851501744049,-0.58765539601487,-0.583693461726979,0.555650989859477,-0.290830296179214,-0.452612582656541,-0.524703256372089,-0.0117713726094742,-0.0629724299567404,0.023900093887018,-0.286456915044672,-0.192029368943532,-0.0220772657609293,0.161500371364089,0.172798034415682,0.29300953432324,0.654797852979971
"2005-07-01",0.000119352080728825,0.000200852354936076,-1.16468960240092,1.56476814625416,1.62915586316114,0,0.244320226263286,-0.799919043249132,-0.690938587567593,-0.591339683880267,0.624859926715424,-0.848793015237367,2.37205145507232,1.0756887725592,2.6163787409705,-1.65330533099516,0.166584590618441,0.887681902654136,2.4854875929906,1.88315956400641,-0.645779018120381,1.20776751050985,2.58346529575854,1.12844539857029,0.191654469271326,0.885939308760152,0.222237379233405,0.659454712374837,-0.368565008343525,1.162847603818,-0.868721880703784,-0.137555444777513,-0.332088702313594,0.125821445637319,1.64115951593539,-0.273590423399125,0.543851501744049,-0.58765539601487,-0.583693461726979,0.555650989859477,-0.290830296179214,-0.452612582656541,-0.524703256372089,-0.0117713726094742,-0.0629724299567404,0.023900093887018,-0.286456915044672,-0.192029368943532,-0.0220772657609293,0.161500371364089,0.172798034415682,0.29300953432324,0.654797852979971
"2005-08-01",0.00012278615564197,0.000174742763207879,0.455299290768094,1.24674141560347,0.922749448031301,0,0.0928836454258455,-0.799919043249132,-0.139058265520996,-0.591339683880267,0.681639343132177,-0.631916809357638,1.00507998835391,1.07249537393343,1.24520095012628,-0.88772942837133,0.860472873509171,0.814651723409714,0.526865735576728,1.07342023455125,-0.606706560696378,0.148457080300011,1.1659842062554,0.889480318804465,-0.38079683033024,0.911769481283982,0.222237379233405,0.659454712374837,-0.368565008343525,1.162847603818,-0.868721880703784,-0.137555444777513,-0.332088702313594,0.125821445637319,1.64115951593539,-0.273590423399125,0.543851501744049,-0.58765539601487,-0.583693461726979,0.555650989859477,-0.290830296179214,-0.452612582656541,-0.524703256372089,-0.0117713726094742,-0.0629724299567404,0.023900093887018,-0.286456915044672,-0.192029368943532,-0.0220772657609293,0.161500371364089,0.172798034415682,0.29300953432324,0.654797852979971
"2005-09-01",7.306591887057e-05,0.000169540478377688,0.439481864494889,0.873991890739968,0.469052602905745,0,0.140139802196643,-0.799919043249132,0.0142050631124606,-0.591339683880267,0.935467723152093,-0.714496971487911,0.566375036472558,1.06408592803142,0.622432358628907,-0.910650413779312,-0.0947208592038016,0.570662144958997,0.71655334903089,0.625321660029038,-0.534196235289433,-0.176151994664597,0.556974469774414,0.368051311749215,-0.647994463291623,1.03217246657029,0.222237379233405,0.659454712374837,-0.368565008343525,1.162847603818,-0.868721880703784,-0.137555444777513,-0.332088702313594,0.125821445637319,1.64115951593539,-0.273590423399125,0.543851501744049,-0.58765539601487,-0.583693461726979,0.555650989859477,-0.290830296179214,-0.452612582656541,-0.524703256372089,-0.0117713726094742,-0.0629724299567404,0.023900093887018,-0.286456915044672,-0.192029368943532,-0.0220772657609293,0.161500371364089,0.172798034415682,0.29300953432324,0.654797852979971
"2005-10-01",7.3074870321382e-05,0.000167350058364012,0.599257002861087,0.177177928722828,-0.433506108387529,0,-0.641488760316719,-0.785067031862378,0.357870460805772,-0.580694061472948,0.655309827625106,0.193784199269752,-0.664181070855829,0.722896265838978,-0.613432662576899,0.353038344075794,-0.177150895994026,-0.22922212481849,-0.076289842632975,0.311154026313953,-0.524274424296484,-0.316492157112929,-0.579318454044035,0.532011077783799,-0.497440207614753,0.696668553922145,0.222237379233405,0.659454712374837,-0.368565008343525,1.162847603818,-0.868721880703784,-0.137555444777513,-0.332088702313594,0.125821445637319,1.64115951593539,-0.273590423399125,0.543851501744049,-0.58765539601487,-0.583693461726979,0.555650989859477,-0.290830296179214,-0.452612582656541,-0.524703256372089,-0.0117713726094742,-0.0629724299567404,0.023900093887018,-0.286456915044672,-0.192029368943532,-0.0220772657609293,0.161500371364089,0.172798034415682,0.29300953432324,0.654797852979971
"2005-11-01",7.51584696887023e-05,0.000166029420987561,-0.800976545402618,-0.534063042746408,-0.872758882595084,0,-0.809256429589409,-0.709274630953175,-0.386451290135463,-0.588969164008076,0.84113440637967,-0.19333020553987,-0.374084720342094,0.574985519070695,-0.677902122718236,0.204854909202689,-0.818468757937566,-0.793028940780748,1.34142198328901,0.0785652844009925,-0.410346493382974,-0.352050479178042,-0.738459638313435,0.500972628687527,-0.142998226559452,0.703992451876295,0.222237379233405,0.659454712374837,-0.368565008343525,1.162847603818,-0.868721880703784,-0.137555444777513,-0.332088702313594,0.125821445637319,1.64115951593539,-0.273590423399125,0.543851501744049,-0.58765539601487,-0.583693461726979,0.555650989859477,-0.290830296179214,-0.452612582656541,-0.524703256372089,-0.0117713726094742,-0.0629724299567404,0.023900093887018,-0.286456915044672,-0.192029368943532,-0.0220772657609293,0.161500371364089,0.172798034415682,0.29300953432324,0.654797852979971
"2005-12-01",0.000113682828547945,0.000142081604630442,-0.552853397358342,-1.25176464690723,-1.22344790754277,0,-0.903916417866856,-0.231226439348046,-0.58766104143129,-0.449541982494408,0.588510543932971,-0.645484661952732,-0.56079513906469,0.268589990725464,-0.943450431838608,-0.0225789958143351,-1.24352508986426,-1.55370786786205,0.994762141323789,-0.0977868718991144,-0.431200216496051,-0.375851936130866,-0.97246307631463,-0.0165696076903382,0.0706820358244081,0.401160023757371,0.222237379233405,0.659454712374837,-0.368565008343525,1.162847603818,-0.868721880703784,-0.137555444777513,-0.332088702313594,0.125821445637319,1.64115951593539,-0.273590423399125,0.543851501744049,-0.58765539601487,-0.583693461726979,0.555650989859477,-0.290830296179214,-0.452612582656541,-0.524703256372089,-0.0117713726094742,-0.0629724299567404,0.023900093887018,-0.286456915044672,-0.192029368943532,-0.0220772657609293,0.161500371364089,0.172798034415682,0.29300953432324,0.654797852979971
"2006-01-01",0.000113328649477487,0.000116011399285818,-0.29844448835794,-1.05772156430548,-1.12289042513727,0,-1.06627308695313,0.0882030368810404,-0.529244882371454,-0.123297230086523,0.68823878495463,-0.462481705761732,-0.500281234871913,0.297543488741632,-0.842861562538611,0.186595447325461,-1.12259771778403,-1.64480191395443,1.5778254970333,-0.0736304918470202,0.028810407377903,-0.385969964561235,-0.944798205634896,-0.258015178146491,0.350213582956593,0.464879820044712,0.222237379233405,0.659454712374837,-0.368565008343525,1.162847603818,-0.868721880703784,-0.137555444777513,-0.332088702313594,0.125821445637319,1.64115951593539,-0.273590423399125,0.543851501744049,-0.58765539601487,-0.583693461726979,0.555650989859477,-0.290830296179214,-0.452612582656541,-0.524703256372089,-0.0117713726094742,-0.0629724299567404,0.023900093887018,-0.286456915044672,-0.192029368943532,-0.0220772657609293,0.161500371364089,0.172798034415682,0.29300953432324,0.654797852979971
"2006-02-01",0.000125048485643834,9.44598863110491e-05,-1.22650098859592,-1.16059794364695,-0.894945529759575,0,0.0642877720355291,0.569906109680971,-0.800789102237291,-0.423021946270726,1.55549851563389,-0.646313442513658,0.073327112754117,0.822216388715209,-0.507507438454044,-0.163926443533223,-1.00512091181097,-0.767100109459286,2.07172151955333,0.0236720282211565,-0.239330672239525,-0.350706158155394,-0.578717970232718,-0.640066460779265,0.375466349024141,1.19674038213472,0.222237379233405,0.659454712374837,-0.368565008343525,1.162847603818,-0.868721880703784,-0.137555444777513,-0.332088702313594,0.125821445637319,1.64115951593539,-0.273590423399125,0.543851501744049,-0.58765539601487,-0.583693461726979,0.555650989859477,-0.290830296179214,-0.452612582656541,-0.524703256372089,-0.0117713726094742,-0.0629724299567404,0.023900093887018,-0.286456915044672,-0.192029368943532,-0.0220772657609293,0.161500371364089,0.172798034415682,0.29300953432324,0.654797852979971
"2006-03-01",8.43695125741637e-05,8.31747922724667e-05,1.79537657902193,-0.753522185675772,-0.532291111370409,0,0.259099402829869,0.989528450110492,-0.127752589890382,0.026583442608999,0.763855440623973,-0.16325955070479,-0.323557733552324,0.57391453869576,-0.50805207826978,0.500891267790326,-0.271892998704447,-0.941542281182189,0.780717232681847,-0.0345838704667452,-0.299616452501398,-0.392044367639871,-0.691747170716848,-0.707148913410687,0.428480023226543,0.660184198612002,0.222237379233405,0.659454712374837,-0.368565008343525,1.162847603818,-0.868721880703784,-0.137555444777513,-0.332088702313594,0.125821445637319,1.64115951593539,-0.273590423399125,0.543851501744049,-0.58765539601487,-0.583693461726979,0.555650989859477,-0.290830296179214,-0.452612582656541,-0.524703256372089,-0.0117713726094742,-0.0629724299567404,0.023900093887018,-0.286456915044672,-0.192029368943532,-0.0220772657609293,0.161500371364089,0.172798034415682,0.29300953432324,0.654797852979971
"2006-04-01",8.7669017343436e-05,0.000151781695111928,-0.822035335005392,0.0437246561119779,0.353591817558138,0,-0.201187667654878,0.370420793227671,1.60589722980452,2.08430750071068,0.997961330490688,1.14666788863941,0.0387013233692599,0.854457655056448,-0.0860540152413811,0.834111228546452,1.21590095334468,-0.234879165957829,0.97053407700616,0.280196432104983,0.952390791196687,-0.0298721232193899,-0.221374336634358,0.617729526059869,1.03739059468432,0.939145254201044,0.222237379233405,0.659454712374837,-0.368565008343525,1.162847603818,-0.868721880703784,-0.137555444777513,-0.332088702313594,0.125821445637319,1.64115951593539,-0.273590423399125,0.543851501744049,-0.58765539601487,-0.583693461726979,0.555650989859477,-0.290830296179214,-0.452612582656541,-0.524703256372089,-0.0117713726094742,-0.0629724299567404,0.023900093887018,-0.286456915044672,-0.192029368943532,-0.0220772657609293,0.161500371364089,0.172798034415682,0.29300953432324,0.654797852979971
"2006-05-01",8.45819603400999e-05,0.000376388216685891,-1.37332036136368,0.66311328284273,1.04659942989216,0,1.13581414725172,-0.623685108606386,0.69387013244835,-0.113789576589387,0.66560801050345,0.530020045238362,0.571976476143986,0.85058541172724,1.31993879779743,-0.859092501090422,0.735801321477959,0.0915034631570895,1.44162145624136,1.17037823470383,1.48928757438041,1.45711311578994,1.20564880006656,1.59469385100185,0.906786260539288,0.774138931261521,0.222237379233405,0.659454712374837,-0.368565008343525,1.162847603818,-0.868721880703784,-0.137555444777513,-0.332088702313594,0.125821445637319,1.64115951593539,-0.273590423399125,0.543851501744049,-0.58765539601487,-0.583693461726979,0.555650989859477,-0.290830296179214,-0.452612582656541,-0.524703256372089,-0.0117713726094742,-0.0629724299567404,0.023900093887018,-0.286456915044672,-0.192029368943532,-0.0220772657609293,0.161500371364089,0.172798034415682,0.29300953432324,0.654797852979971
"2006-06-01",0.000117275045758767,0.000182383721620931,-1.37653547033975,1.26291464289537,1.71751213680282,0,1.17155975812886,-0.799919043249132,-0.762828486209609,-0.591339683880267,0.960907437639703,-0.910050887398048,2.44398299941501,1.17882816830671,2.22532974335357,-1.66179222869864,-0.0397566793042667,0.845665247946233,2.43051877326687,0.829840567259001,-0.602191058379144,0.653438615749282,2.17490963197743,0.902239356721901,-0.107531945577652,1.10979084213143,0.222237379233405,0.659454712374837,-0.368565008343525,1.162847603818,-0.868721880703784,-0.137555444777513,-0.332088702313594,0.125821445637319,1.64115951593539,-0.273590423399125,0.543851501744049,-0.58765539601487,-0.583693461726979,0.555650989859477,-0.290830296179214,-0.452612582656541,-0.524703256372089,-0.0117713726094742,-0.0629724299567404,0.023900093887018,-0.286456915044672,-0.192029368943532,-0.0220772657609293,0.161500371364089,0.172798034415682,0.29300953432324,0.654797852979971
"2006-07-01",0.000118234641285804,0.000170360132890365,0.410282884043953,1.60123614090983,1.46008074538101,0,1.8038793901044,-0.799919043249132,-0.102772629951483,-0.591339683880267,0.737386893707612,-0.737407901041861,2.65693830131227,1.18240933125551,1.61851414899688,-1.1871879850475,0.594246282462795,1.01637468740253,0.796691923593268,0.268616851536781,-0.568828050942778,-0.16063675198305,1.80244132234721,0.329658308045511,-0.690835981812922,1.00077930206365,0.222237379233405,0.659454712374837,-0.368565008343525,1.162847603818,-0.868721880703784,-0.137555444777513,-0.332088702313594,0.125821445637319,1.64115951593539,-0.273590423399125,0.543851501744049,-0.58765539601487,-0.583693461726979,0.555650989859477,-0.290830296179214,-0.452612582656541,-0.524703256372089,-0.0117713726094742,-0.0629724299567404,0.023900093887018,-0.286456915044672,-0.192029368943532,-0.0220772657609293,0.161500371364089,0.172798034415682,0.29300953432324,0.654797852979971
"2006-08-01",0.000118561667622133,0.000137585887651004,0.3840363855027,1.27519965241717,0.958334414928472,0,1.37157432940212,-0.799919043249132,-0.124666165068853,-0.591339683880267,0.784370409810131,-0.654831487724642,1.74947473221344,1.17379726049504,1.03011851420825,-0.858921578560961,0.589641879360733,0.923842201912248,0.0556155314981049,-0.0282462504380428,-0.515901473784622,-0.391897250659426,1.08932305230454,-0.11432723899348,-1.00045489394451,1.01837056041062,0.222237379233405,0.659454712374837,-0.368565008343525,1.162847603818,-0.868721880703784,-0.137555444777513,-0.332088702313594,0.125821445637319,1.64115951593539,-0.273590423399125,0.543851501744049,-0.58765539601487,-0.583693461726979,0.555650989859477,-0.290830296179214,-0.452612582656541,-0.524703256372089,-0.0117713726094742,-0.0629724299567404,0.023900093887018,-0.286456915044672,-0.192029368943532,-0.0220772657609293,0.161500371364089,0.172798034415682,0.29300953432324,0.654797852979971
"2006-09-01",7.96732830965389e-05,0.000116214895600942,0.771968065879021,0.583114655567889,0.202456255824775,0,0.61726631691689,-0.786209776225605,0.146234115539323,-0.587221528591461,1.06162558229551,-0.484536343933959,0.556780710517522,1.17721668355048,-0.0192442669907383,-0.214710177706319,0.195272330686969,0.696530765734673,0.123148194576813,-0.230107041266282,-0.5148359873975,-0.484500072733814,-0.00190842598677117,-0.297287162558428,-1.10517942650517,1.15719003381249,0.222237379233405,0.659454712374837,-0.368565008343525,1.162847603818,-0.868721880703784,-0.137555444777513,-0.332088702313594,0.125821445637319,1.64115951593539,-0.273590423399125,0.543851501744049,-0.58765539601487,-0.583693461726979,0.555650989859477,-0.290830296179214,-0.452612582656541,-0.524703256372089,-0.0117713726094742,-0.0629724299567404,0.023900093887018,-0.286456915044672,-0.192029368943532,-0.0220772657609293,0.161500371364089,0.172798034415682,0.29300953432324,0.654797852979971
"2006-10-01",8.59202022364813e-05,0.000260911219013545,3.50184312332963,-0.0262758013096283,-0.572478462324007,0,-1.06187686797852,-0.710784566669492,1.31171659534435,-0.556710542087811,0.788088868047702,2.75246512649219,-0.875757724000638,0.83641144288518,-0.842662986602868,2.04987184670195,-0.035982060064297,-0.117503186361206,-0.6474598725351,-0.393855357853148,-0.417345734166288,-0.531664847059692,-0.922242209898878,0.794608793021508,-0.255604204131025,0.824946889711481,0.222237379233405,0.659454712374837,-0.368565008343525,1.162847603818,-0.868721880703784,-0.137555444777513,-0.332088702313594,0.125821445637319,1.64115951593539,-0.273590423399125,0.543851501744049,-0.58765539601487,-0.583693461726979,0.555650989859477,-0.290830296179214,-0.452612582656541,-0.524703256372089,-0.0117713726094742,-0.0629724299567404,0.023900093887018,-0.286456915044672,-0.192029368943532,-0.0220772657609293,0.161500371364089,0.172798034415682,0.29300953432324,0.654797852979971
"2006-11-01",8.86605397117025e-05,0.000191596853178249,-0.735419318879683,-0.585529152382222,-0.934123238497489,0,-0.667327133768118,-0.574839685413567,-0.42821300707541,-0.428984626021475,1.05461764091412,0.307832191050257,-0.750570337878355,0.73489304600527,-0.926066373415771,1.62157563481742,-0.572163760246266,-0.670073576385416,-0.333447016972809,-0.383414007462021,-0.14465458451247,-0.413449571383881,-0.98739112417298,0.826519536867281,0.730440091648483,0.897466018376274,0.222237379233405,0.659454712374837,-0.368565008343525,1.162847603818,-0.868721880703784,-0.137555444777513,-0.332088702313594,0.125821445637319,1.64115951593539,-0.273590423399125,0.543851501744049,-0.58765539601487,-0.583693461726979,0.555650989859477,-0.290830296179214,-0.452612582656541,-0.524703256372089,-0.0117713726094742,-0.0629724299567404,0.023900093887018,-0.286456915044672,-0.192029368943532,-0.0220772657609293,0.161500371364089,0.172798034415682,0.29300953432324,0.654797852979971
"2006-12-01",0.000113137685193499,0.000170227353036655,-0.454745318601116,-1.26036648117328,-1.28295010737633,0,-1.07971782200348,-0.142663549876626,-0.720091621014739,-0.488512694105659,0.758750712843584,-0.305092378085844,-0.889386458757697,0.393236935217362,-1.10962608453403,0.958088559955842,-1.11298085559087,-1.45983306039406,-0.0529426365063866,-0.354548650998915,-0.219538724193032,-0.349221790781712,-1.1252540433637,0.253008248465697,0.990430878233897,0.553894448492693,0.222237379233405,0.659454712374837,-0.368565008343525,1.162847603818,-0.868721880703784,-0.137555444777513,-0.332088702313594,0.125821445637319,1.64115951593539,-0.273590423399125,0.543851501744049,-0.58765539601487,-0.583693461726979,0.555650989859477,-0.290830296179214,-0.452612582656541,-0.524703256372089,-0.0117713726094742,-0.0629724299567404,0.023900093887018,-0.286456915044672,-0.192029368943532,-0.0220772657609293,0.161500371364089,0.172798034415682,0.29300953432324,0.654797852979971
"2007-01-01",0.000113001324759464,0.000131580060919596,-0.656361194418838,-1.74409820454188,-1.30361054473196,0,-0.900647968167867,0.508375802697223,-0.894890523467228,-0.559885352395257,0.853874486373918,-0.490458218954728,-0.90184320061432,0.419235915944693,-1.00841610276983,0.781521016901556,-1.14060911677522,-1.62064948503925,0.0995549352946448,-0.372822234749296,-0.262636285566603,-0.409679925879309,-1.03435132816231,-0.363992081386666,1.1183778816492,0.612090623702575,0.222237379233405,0.659454712374837,-0.368565008343525,1.162847603818,-0.868721880703784,-0.137555444777513,-0.332088702313594,0.125821445637319,1.64115951593539,-0.273590423399125,0.543851501744049,-0.58765539601487,-0.583693461726979,0.555650989859477,-0.290830296179214,-0.452612582656541,-0.524703256372089,-0.0117713726094742,-0.0629724299567404,0.023900093887018,-0.286456915044672,-0.192029368943532,-0.0220772657609293,0.161500371364089,0.172798034415682,0.29300953432324,0.654797852979971
"2007-02-01",9.42387854759948e-05,9.59595527037388e-05,-0.166575594957361,-1.04944972086304,-0.948346952113602,0,-0.238448513015314,0.78127019357931,-0.622105054874941,-0.278670009810084,1.78073571829415,-0.360701724225095,-0.773915820314425,0.985750592050285,-0.624419767523086,0.69423590823906,-0.665553157168801,-0.718414049395829,0.501064353510904,-0.43035253185798,-0.371397678623012,-0.479687424881812,-0.758804393724657,-0.727324908217073,1.1354348725339,1.39631656890108,0.222237379233405,0.659454712374837,-0.368565008343525,1.162847603818,-0.868721880703784,-0.137555444777513,-0.332088702313594,0.125821445637319,1.64115951593539,-0.273590423399125,0.543851501744049,-0.58765539601487,-0.583693461726979,0.555650989859477,-0.290830296179214,-0.452612582656541,-0.524703256372089,-0.0117713726094742,-0.0629724299567404,0.023900093887018,-0.286456915044672,-0.192029368943532,-0.0220772657609293,0.161500371364089,0.172798034415682,0.29300953432324,0.654797852979971
"2007-03-01",8.33365151504686e-05,9.22667808621297e-05,-0.362516270707562,-0.370373010182152,-0.326803096728195,0,0.461002980099213,0.643750148496077,0.545504620614494,1.05904474268758,0.902982402410397,0.330267587573336,-0.335231725366289,0.687372116797427,-0.424387176709003,0.69392230652859,0.123941026173055,-0.923866260377691,0.389001062970925,-0.372921426440289,0.292362099725091,-0.445173527740962,-0.575548815855976,-0.457653448638764,1.39301087074969,0.78945330388418,0.222237379233405,0.659454712374837,-0.368565008343525,1.162847603818,-0.868721880703784,-0.137555444777513,-0.332088702313594,0.125821445637319,1.64115951593539,-0.273590423399125,0.543851501744049,-0.58765539601487,-0.583693461726979,0.555650989859477,-0.290830296179214,-0.452612582656541,-0.524703256372089,-0.0117713726094742,-0.0629724299567404,0.023900093887018,-0.286456915044672,-0.192029368943532,-0.0220772657609293,0.161500371364089,0.172798034415682,0.29300953432324,0.654797852979971
"2007-04-01",8.58241233311001e-05,0.000137963638875267,-0.438607642681094,-0.10421465930443,0.167104890210553,0,0.615834390771103,0.299003678451915,-0.226635298645472,0.804516789219623,1.17943650119388,-0.16443761520697,-0.111517526182845,0.999587195645787,0.0636213514906647,0.0554384556544888,0.896632795697749,-0.192711119505919,1.12110680493328,0.32469351540106,0.580452409332329,0.166917535913956,-0.0902385347024021,0.15082896978645,1.56746190049305,1.1067704569998,0.222237379233405,0.659454712374837,-0.368565008343525,1.162847603818,-0.868721880703784,-0.137555444777513,-0.332088702313594,0.125821445637319,1.64115951593539,-0.273590423399125,0.543851501744049,-0.58765539601487,-0.583693461726979,0.555650989859477,-0.290830296179214,-0.452612582656541,-0.524703256372089,-0.0117713726094742,-0.0629724299567404,0.023900093887018,-0.286456915044672,-0.192029368943532,-0.0220772657609293,0.161500371364089,0.172798034415682,0.29300953432324,0.654797852979971
"2007-05-01",8.3322789592557e-05,0.000318002975528557,0.114267323503154,0.569495492257887,0.876278613042437,0,0.288287061007234,-0.400337276003144,1.90361270770278,0.476279412418363,0.872223093418947,1.46954515169163,0.0426793118434301,1.01728061428178,0.754531265379512,-0.222567221318615,1.71715681234237,0.141620665318561,-0.20032726610524,0.606041137019083,1.04428885997434,0.70815014609145,0.770658102238899,1.41853354746942,1.25697296734989,0.965774669097196,0.222237379233405,0.659454712374837,-0.368565008343525,1.162847603818,-0.868721880703784,-0.137555444777513,-0.332088702313594,0.125821445637319,1.64115951593539,-0.273590423399125,0.543851501744049,-0.58765539601487,-0.583693461726979,0.555650989859477,-0.290830296179214,-0.452612582656541,-0.524703256372089,-0.0117713726094742,-0.0629724299567404,0.023900093887018,-0.286456915044672,-0.192029368943532,-0.0220772657609293,0.161500371364089,0.172798034415682,0.29300953432324,0.654797852979971
"2007-06-01",0.000115191148009753,0.000224363638875267,-1.50912992759983,1.13506110552704,1.65106680203907,0,1.13476431742002,-0.797028677323775,-0.747161400490571,-0.586836589960468,1.07968702628426,-0.744876922925004,2.03059065586269,1.29329707073362,2.35358928297745,-1.46184111257777,0.316958363351151,0.844688281080236,1.36400273232272,0.833181935468975,0.0344805897243627,1.05728198080309,2.23355702688267,1.10016267879889,0.290556581929857,1.22866758763473,0.222237379233405,0.659454712374837,-0.368565008343525,1.162847603818,-0.868721880703784,-0.137555444777513,-0.332088702313594,0.125821445637319,1.64115951593539,-0.273590423399125,0.543851501744049,-0.58765539601487,-0.583693461726979,0.555650989859477,-0.290830296179214,-0.452612582656541,-0.524703256372089,-0.0117713726094742,-0.0629724299567404,0.023900093887018,-0.286456915044672,-0.192029368943532,-0.0220772657609293,0.161500371364089,0.172798034415682,0.29300953432324,0.654797852979971
"2007-07-01",0.000112483632520842,0.000167571755962454,-0.203172733479687,1.62714031374163,1.52908651605755,0,1.69320061408921,-0.799919043249132,-0.420556958097482,-0.591339683880267,0.812274772007892,-0.862047695504453,2.50333942582077,1.26899623031747,1.80209192514761,-1.69824744496485,-0.0315727300569628,1.00004235001228,1.08303363522605,0.217689252652842,-0.546173337385463,0.0309194582539897,2.06916076795079,0.290879747388147,-0.511630855930788,1.0826379111374,0.222237379233405,0.659454712374837,-0.368565008343525,1.162847603818,-0.868721880703784,-0.137555444777513,-0.332088702313594,0.125821445637319,1.64115951593539,-0.273590423399125,0.543851501744049,-0.58765539601487,-0.583693461726979,0.555650989859477,-0.290830296179214,-0.452612582656541,-0.524703256372089,-0.0117713726094742,-0.0629724299567404,0.023900093887018,-0.286456915044672,-0.192029368943532,-0.0220772657609293,0.161500371364089,0.172798034415682,0.29300953432324,0.654797852979971
"2007-08-01",0.000112429028670889,0.000137537251434926,0.491776079510407,1.48135896537207,1.11867792494036,0,1.3910714966104,-0.799919043249132,-0.128758700972158,-0.591339683880267,0.878134203373223,-0.658012609426737,1.85777948331402,1.27291707275613,1.21126119568457,-0.800111340684863,0.831788450070193,0.912723077347073,0.562884830539896,-0.126571947158418,-0.526875364883057,-0.347862243961471,1.15292626604473,-0.0406457450915742,-0.858744867141617,1.11638943185565,0.222237379233405,0.659454712374837,-0.368565008343525,1.162847603818,-0.868721880703784,-0.137555444777513,-0.332088702313594,0.125821445637319,1.64115951593539,-0.273590423399125,0.543851501744049,-0.58765539601487,-0.583693461726979,0.555650989859477,-0.290830296179214,-0.452612582656541,-0.524703256372089,-0.0117713726094742,-0.0629724299567404,0.023900093887018,-0.286456915044672,-0.192029368943532,-0.0220772657609293,0.161500371364089,0.172798034415682,0.29300953432324,0.654797852979971
"2007-09-01",8.76296309598635e-05,0.000114827719106789,0.855510561005149,0.867131765289956,0.469884679162602,0,1.27579169944404,-0.799435650364144,0.170358192150087,-0.59133885181796,1.1504679167541,-0.63078076280177,0.658662865624647,1.27341540648161,0.437064809801559,-0.479896756372273,0.170981704373597,0.673491447340177,0.472601330022263,-0.334809946324994,-0.500981989612543,-0.485921353754656,0.314881548981751,-0.340566710635543,-1.04389508736562,1.2509186460071,0.222237379233405,0.659454712374837,-0.368565008343525,1.162847603818,-0.868721880703784,-0.137555444777513,-0.332088702313594,0.125821445637319,1.64115951593539,-0.273590423399125,0.543851501744049,-0.58765539601487,-0.583693461726979,0.555650989859477,-0.290830296179214,-0.452612582656541,-0.524703256372089,-0.0117713726094742,-0.0629724299567404,0.023900093887018,-0.286456915044672,-0.192029368943532,-0.0220772657609293,0.161500371364089,0.172798034415682,0.29300953432324,0.654797852979971
"2007-10-01",8.40806790946326e-05,0.000126213367776158,-0.324258882750953,0.147940676532418,-0.313564952681342,0,0.342837070846538,-0.785170374973336,0.0122971478044586,-0.585847607618087,0.821085318806827,-0.0564638720778186,-0.130186121534105,0.890531308314382,-0.366633148400637,0.502152804021139,-0.348050072917199,-0.162990415114258,0.355050872523804,-0.48960832255614,-0.487508400150223,-0.545912975202872,-0.50501865927276,-0.0258452611073455,-0.805656598608001,0.868170426559672,0.222237379233405,0.659454712374837,-0.368565008343525,1.162847603818,-0.868721880703784,-0.137555444777513,-0.332088702313594,0.125821445637319,1.64115951593539,-0.273590423399125,0.543851501744049,-0.58765539601487,-0.583693461726979,0.555650989859477,-0.290830296179214,-0.452612582656541,-0.524703256372089,-0.0117713726094742,-0.0629724299567404,0.023900093887018,-0.286456915044672,-0.192029368943532,-0.0220772657609293,0.161500371364089,0.172798034415682,0.29300953432324,0.654797852979971
"2007-11-01",8.73706356497054e-05,0.000117820189113212,-1.42435794582789,-0.533590224940761,-0.865330780452056,0,-0.134279309333013,-0.753440599980135,-0.888480918576372,-0.590478027536807,1.03323587408713,-0.642314200937759,-0.214616039593556,0.748252915479493,-0.233538473956204,-0.323403104677745,-1.06958143127093,-0.719683180544773,0.984370102943525,-0.601604777189431,-0.457061189865134,-0.573821686129656,-0.332904052177889,-0.430246366596234,-0.557741969543951,0.89204244877446,0.222237379233405,0.659454712374837,-0.368565008343525,1.162847603818,-0.868721880703784,-0.137555444777513,-0.332088702313594,0.125821445637319,1.64115951593539,-0.273590423399125,0.543851501744049,-0.58765539601487,-0.583693461726979,0.555650989859477,-0.290830296179214,-0.452612582656541,-0.524703256372089,-0.0117713726094742,-0.0629724299567404,0.023900093887018,-0.286456915044672,-0.192029368943532,-0.0220772657609293,0.161500371364089,0.172798034415682,0.29300953432324,0.654797852979971
"2007-12-01",0.000111911336432267,0.000104428818698586,2.18834059416253,-1.47271126392596,-1.32715298910646,0,-1.32765000980186,0.421835319282746,-0.45294363728105,-0.562544784411856,0.880797539606469,-0.0784094627453282,-1.05808702499277,0.492033781968025,-1.01518579941092,0.864851234159107,-1.18435310205402,-1.44681582099532,-0.526821705185256,-0.70468957636689,-0.45709472589409,-0.604241040936072,-1.0909503324955,-0.599483805590168,-0.284898062700186,0.666862959453718,0.222237379233405,0.659454712374837,-0.368565008343525,1.162847603818,-0.868721880703784,-0.137555444777513,-0.332088702313594,0.125821445637319,1.64115951593539,-0.273590423399125,0.543851501744049,-0.58765539601487,-0.583693461726979,0.555650989859477,-0.290830296179214,-0.452612582656541,-0.524703256372089,-0.0117713726094742,-0.0629724299567404,0.023900093887018,-0.286456915044672,-0.192029368943532,-0.0220772657609293,0.161500371364089,0.172798034415682,0.29300953432324,0.654797852979971
"2008-01-01",0.000111747524882409,9.50318840179305e-05,0.985796277268645,-1.64444308976533,-1.28928788368289,0,-1.47063450434844,1.43786958165592,-0.597657181695347,-0.207036066894031,0.913185032792901,-0.108029283760544,-1.00134232125859,0.492315605375211,-0.920519950348753,1.08645887457964,-1.09000995302708,-1.61843524463951,0.00277735656562149,-0.792090468138074,-0.438258840846955,-0.627768461702057,-0.939257386513179,-0.798206322601169,0.00181004994084072,0.679559101902047,0.222237379233405,0.659454712374837,-0.368565008343525,1.162847603818,-0.868721880703784,-0.137555444777513,-0.332088702313594,0.125821445637319,1.64115951593539,-0.273590423399125,0.543851501744049,-0.58765539601487,-0.583693461726979,0.555650989859477,-0.290830296179214,-0.452612582656541,-0.524703256372089,-0.0117713726094742,-0.0629724299567404,0.023900093887018,-0.286456915044672,-0.192029368943532,-0.0220772657609293,0.161500371364089,0.172798034415682,0.29300953432324,0.654797852979971
"2008-02-01",8.99402987961128e-05,9.14745774652751e-05,0.89238249198184,-1.16826983955151,-1.03049948739321,0,-0.696370314415923,2.62696712399781,-0.513034405701869,-0.0876044423408584,1.54553704155041,0.385261698820256,-0.751224816414983,0.920729354953524,-0.667234790755835,1.19967704407037,-0.708690162388421,-0.917782817311888,-0.0149006395851651,-0.837881307113363,-0.337771372303113,-0.576979778529975,-0.696615652402767,-0.915728539383268,0.242284448384731,1.23780566572258,0.222237379233405,0.659454712374837,-0.368565008343525,1.162847603818,-0.868721880703784,-0.137555444777513,-0.332088702313594,0.125821445637319,1.64115951593539,-0.273590423399125,0.543851501744049,-0.58765539601487,-0.583693461726979,0.555650989859477,-0.290830296179214,-0.452612582656541,-0.524703256372089,-0.0117713726094742,-0.0629724299567404,0.023900093887018,-0.286456915044672,-0.192029368943532,-0.0220772657609293,0.161500371364089,0.172798034415682,0.29300953432324,0.654797852979971
"2008-03-01",0.000116740942526989,0.000122837477293291,-0.243100226138943,-0.737700293419212,-0.485490142981328,0,0.234456301934085,2.8053223787392,-0.51597263904663,0.91263782523494,1.01819924799579,0.47425100356803,-0.631840058730113,0.792732671843551,-0.419665072824792,0.830377256795896,0.0701987294513589,-0.899564073442367,-0.173528506211354,-0.858678402594369,-0.356758816624284,-0.519116423576507,-0.537744452126965,-0.75380799076256,0.529378088163313,0.902497957916281,0.222237379233405,0.659454712374837,-0.368565008343525,1.162847603818,-0.868721880703784,-0.137555444777513,-0.332088702313594,0.125821445637319,1.64115951593539,-0.273590423399125,0.543851501744049,-0.58765539601487,-0.583693461726979,0.555650989859477,-0.290830296179214,-0.452612582656541,-0.524703256372089,-0.0117713726094742,-0.0629724299567404,0.023900093887018,-0.286456915044672,-0.192029368943532,-0.0220772657609293,0.161500371364089,0.172798034415682,0.29300953432324,0.654797852979971
"2008-04-01",9.81460937553961e-05,0.000115093875577597,-0.976986794572657,-0.278830663638247,0.200161504638414,0,1.53040122241861,2.42032723356441,0.593025613655296,3.18505942009641,1.19461190591014,0.445927842317959,0.228992683442939,1.05484386881511,-0.105139014979408,0.253924299545534,0.682588211426763,-0.230027006104968,1.76700511513489,-0.785672765730786,-0.0499677002165767,-0.557715975467813,-0.401058540958564,-0.600853312804188,0.865785523316151,1.14160331327691,0.222237379233405,0.659454712374837,-0.368565008343525,1.162847603818,-0.868721880703784,-0.137555444777513,-0.332088702313594,0.125821445637319,1.64115951593539,-0.273590423399125,0.543851501744049,-0.58765539601487,-0.583693461726979,0.555650989859477,-0.290830296179214,-0.452612582656541,-0.524703256372089,-0.0117713726094742,-0.0629724299567404,0.023900093887018,-0.286456915044672,-0.192029368943532,-0.0220772657609293,0.161500371364089,0.172798034415682,0.29300953432324,0.654797852979971
"2008-05-01",0.000110902806307457,0.00045368280092001,0.222517852026026,0.347481507230805,0.759834230633387,0,0.641226120536131,0.649169939331549,4.01507862902704,3.18508806801533,0.909946864878333,2.68939954738933,0.165909344489039,1.08785474962506,0.091841740553413,-0.00292107687788092,1.60379146619157,0.120196555243211,-0.163254954682763,0.200728578077462,2.853173969976,0.80162343025377,0.0309945252431392,1.45983828620179,1.58585575473348,1.02031623676945,0.222237379233405,0.659454712374837,-0.368565008343525,1.162847603818,-0.868721880703784,-0.137555444777513,-0.332088702313594,0.125821445637319,1.64115951593539,-0.273590423399125,0.543851501744049,-0.58765539601487,-0.583693461726979,0.555650989859477,-0.290830296179214,-0.452612582656541,-0.524703256372089,-0.0117713726094742,-0.0629724299567404,0.023900093887018,-0.286456915044672,-0.192029368943532,-0.0220772657609293,0.161500371364089,0.172798034415682,0.29300953432324,0.654797852979971
"2008-06-01",0.000115021965589407,0.000590044130099944,-0.935962050985622,0.998052338370638,1.47221778725787,0,0.515073167696297,-0.695069581748383,0.220353204500359,-0.305360997195095,1.13151186884266,0.0427832200139554,1.16513644918948,1.37471472166177,1.6327964791877,-0.940554544241207,1.31751069031098,0.829362317585394,1.08142203245426,2.10408486529348,2.86469979500651,3.81135157419817,1.56566130655181,1.85177475882283,1.13161357481416,1.29608279167185,0.222237379233405,0.659454712374837,-0.368565008343525,1.162847603818,-0.868721880703784,-0.137555444777513,-0.332088702313594,0.125821445637319,1.64115951593539,-0.273590423399125,0.543851501744049,-0.58765539601487,-0.583693461726979,0.555650989859477,-0.290830296179214,-0.452612582656541,-0.524703256372089,-0.0117713726094742,-0.0629724299567404,0.023900093887018,-0.286456915044672,-0.192029368943532,-0.0220772657609293,0.161500371364089,0.172798034415682,0.29300953432324,0.654797852979971
"2008-07-01",0.000121913985951195,0.000222255273827367,-0.855007560509706,1.50506361167619,1.49766044099998,0,1.12532592315074,-0.799919043249132,-0.586314776958509,-0.591339683880267,0.899531390047424,-0.84616886171971,2.40158588391255,1.37668311416361,2.41275375811527,-1.63123539354002,0.160032957455848,1.00872613688251,0.528117035418974,1.23237613441154,-0.613540569261778,1.38436126888693,2.29880048716628,1.07862832004305,-0.144488636068235,1.18211376595438,0.222237379233405,0.659454712374837,-0.368565008343525,1.162847603818,-0.868721880703784,-0.137555444777513,-0.332088702313594,0.125821445637319,1.64115951593539,-0.273590423399125,0.543851501744049,-0.58765539601487,-0.583693461726979,0.555650989859477,-0.290830296179214,-0.452612582656541,-0.524703256372089,-0.0117713726094742,-0.0629724299567404,0.023900093887018,-0.286456915044672,-0.192029368943532,-0.0220772657609293,0.161500371364089,0.172798034415682,0.29300953432324,0.654797852979971
"2008-08-01",0.000125566177882457,0.000177761789185045,-0.197347319747112,1.33202268467938,1.08509392633054,0,1.10174821584558,-0.799919043249132,-0.332052353280548,-0.591339683880267,0.89511347742893,-0.737120687291744,2.16245909447061,1.33128280323958,1.50036774119377,-1.19735970359887,0.192469410202413,0.877731435220752,0.761776738697724,0.433929856296922,-0.601174750037877,0.0770928796309343,1.62371378164397,0.643281031688417,-0.64100327577421,1.15377658931226,0.222237379233405,0.659454712374837,-0.368565008343525,1.162847603818,-0.868721880703784,-0.137555444777513,-0.332088702313594,0.125821445637319,1.64115951593539,-0.273590423399125,0.543851501744049,-0.58765539601487,-0.583693461726979,0.555650989859477,-0.290830296179214,-0.452612582656541,-0.524703256372089,-0.0117713726094742,-0.0629724299567404,0.023900093887018,-0.286456915044672,-0.192029368943532,-0.0220772657609293,0.161500371364089,0.172798034415682,0.29300953432324,0.654797852979971
"2008-09-01",0.000104798513617118,0.000163787679322563,-0.623210363134185,0.770307845167567,0.351697002395573,0,0.710744002437827,-0.799919043249132,-0.415666306328189,-0.591339683880267,1.14661978012931,-0.76627196525043,0.783307233426783,1.31469893570031,0.537318768935106,-0.959669532789962,-0.268677342098052,0.634870759954657,0.819594993181339,0.0389845522160062,-0.53529616825951,-0.290904281695409,0.382220026646283,0.0360867746459593,-0.842224438451223,1.26888048462489,0.222237379233405,0.659454712374837,-0.368565008343525,1.162847603818,-0.868721880703784,-0.137555444777513,-0.332088702313594,0.125821445637319,1.64115951593539,-0.273590423399125,0.543851501744049,-0.58765539601487,-0.583693461726979,0.555650989859477,-0.290830296179214,-0.452612582656541,-0.524703256372089,-0.0117713726094742,-0.0629724299567404,0.023900093887018,-0.286456915044672,-0.192029368943532,-0.0220772657609293,0.161500371364089,0.172798034415682,0.29300953432324,0.654797852979971
"2008-10-01",0.000104688410772132,0.000121093436293436,-0.78180728460605,0.103884084845037,-0.338422697472705,0,0.213881253933245,-0.7745714607263,-0.434696103482307,-0.58112919660848,0.801574409180128,-0.767343559556866,0.159550713402154,0.916232008793231,-0.165973061613076,-0.770507924191913,-0.719681841233129,-0.195743310982992,0.868960126309568,-0.212287883592459,-0.517251353827237,-0.418984846012494,-0.185738899988535,-0.495078102652489,-0.866495292010383,0.870347390745315,0.222237379233405,0.659454712374837,-0.368565008343525,1.162847603818,-0.868721880703784,-0.137555444777513,-0.332088702313594,0.125821445637319,1.64115951593539,-0.273590423399125,0.543851501744049,-0.58765539601487,-0.583693461726979,0.555650989859477,-0.290830296179214,-0.452612582656541,-0.524703256372089,-0.0117713726094742,-0.0629724299567404,0.023900093887018,-0.286456915044672,-0.192029368943532,-0.0220772657609293,0.161500371364089,0.172798034415682,0.29300953432324,0.654797852979971
"2008-11-01",8.6843991960271e-05,8.86369675578978e-05,-0.392430866599655,-0.464318452745371,-0.917088258433683,0,-0.017396022724805,-0.69416246644401,-0.559770728013236,-0.528952650466828,1.0627603313797,-0.793142890993621,-0.241786295417744,0.804990447227265,-0.500759939694639,-0.682713795440343,-1.12096481207628,-0.72956072943671,1.13057516037279,-0.411999638938186,-0.506861688808027,-0.505043589294517,-0.520340299164299,-0.868847933932004,-0.794028007073913,0.935653197827092,0.222237379233405,0.659454712374837,-0.368565008343525,1.162847603818,-0.868721880703784,-0.137555444777513,-0.332088702313594,0.125821445637319,1.64115951593539,-0.273590423399125,0.543851501744049,-0.58765539601487,-0.583693461726979,0.555650989859477,-0.290830296179214,-0.452612582656541,-0.524703256372089,-0.0117713726094742,-0.0629724299567404,0.023900093887018,-0.286456915044672,-0.192029368943532,-0.0220772657609293,0.161500371364089,0.172798034415682,0.29300953432324,0.654797852979971
"2008-12-01",0.000112429028670889,6.86976108743551e-05,1.25970976837993,-1.37793740912474,-1.27596096470767,0,-0.57975498988968,0.095515579159695,-0.848438418782376,-0.494540911823148,0.867979854807399,-0.767750344823347,-0.87631587248138,0.518395841756438,-0.904360051821866,-0.168821591655048,-1.19400777382405,-1.47112998857225,0.0488431680756988,-0.565014332066698,-0.487031456843871,-0.556000418231323,-0.964577338243455,-1.14950085786567,-0.688459672301272,0.673015475520941,0.222237379233405,0.659454712374837,-0.368565008343525,1.162847603818,-0.868721880703784,-0.137555444777513,-0.332088702313594,0.125821445637319,1.64115951593539,-0.273590423399125,0.543851501744049,-0.58765539601487,-0.583693461726979,0.555650989859477,-0.290830296179214,-0.452612582656541,-0.524703256372089,-0.0117713726094742,-0.0629724299567404,0.023900093887018,-0.286456915044672,-0.192029368943532,-0.0220772657609293,0.161500371364089,0.172798034415682,0.29300953432324,0.654797852979971
"2009-01-01",0.000112892415441253,5.41395680372425e-05,-0.254157632312643,-1.28274422635834,-1.24337687861681,0,-0.147593260548666,1.19130824139192,-0.648750498990141,-0.0509227440398159,0.831297807780172,-0.512033380032352,-0.90653703566583,0.490456239446961,-0.835877545300074,0.341119194017346,-1.11500294935065,-1.7058966512802,-0.121981126738341,-0.690501629884296,-0.483675211715693,-0.596817936424935,-0.846518191026102,-1.36422933722064,-0.588581924875098,0.634439524621904,0.222237379233405,0.659454712374837,-0.368565008343525,1.162847603818,-0.868721880703784,-0.137555444777513,-0.332088702313594,0.125821445637319,1.64115951593539,-0.273590423399125,0.543851501744049,-0.58765539601487,-0.583693461726979,0.555650989859477,-0.290830296179214,-0.452612582656541,-0.524703256372089,-0.0117713726094742,-0.0629724299567404,0.023900093887018,-0.286456915044672,-0.192029368943532,-0.0220772657609293,0.161500371364089,0.172798034415682,0.29300953432324,0.654797852979971
"2009-02-01",9.31526761108157e-05,6.36254204626298e-05,-0.709330299702278,-0.968481203701968,-0.92139251202285,0,0.523960556639897,1.28454524220011,-0.57871204227648,0.238865302127554,1.77706731136393,-0.11436360631751,-0.742406953353669,1.09453262725701,-0.582203260525952,0.934324295800904,-0.643136795065849,-0.819090103734561,-0.449825922484491,-0.771291561138435,-0.430642960701059,-0.615337288128275,-0.704571750294971,-1.285413027011,-0.33635854998635,1.44699809866818,0.222237379233405,0.659454712374837,-0.368565008343525,1.162847603818,-0.868721880703784,-0.137555444777513,-0.332088702313594,0.125821445637319,1.64115951593539,-0.273590423399125,0.543851501744049,-0.58765539601487,-0.583693461726979,0.555650989859477,-0.290830296179214,-0.452612582656541,-0.524703256372089,-0.0117713726094742,-0.0629724299567404,0.023900093887018,-0.286456915044672,-0.192029368943532,-0.0220772657609293,0.161500371364089,0.172798034415682,0.29300953432324,0.654797852979971
"2009-03-01",8.68824831987623e-05,6.83562622167273e-05,-0.116203995622555,-0.643700506437465,-0.377886138057313,0,0.616409043358404,1.05949983872369,-0.29128504358801,0.925836824394178,0.885772841784027,-0.350430503634318,0.0494083380089968,0.77711564373039,-0.502255533176577,0.750505067376365,-0.0433440563803917,-1.02176149888335,-0.312887656655109,-0.774079709231291,-0.247028983538098,-0.60197979167724,-0.645889242616455,-1.12639641313378,-0.0722063598443277,0.823620233131833,0.222237379233405,0.659454712374837,-0.368565008343525,1.162847603818,-0.868721880703784,-0.137555444777513,-0.332088702313594,0.125821445637319,1.64115951593539,-0.273590423399125,0.543851501744049,-0.58765539601487,-0.583693461726979,0.555650989859477,-0.290830296179214,-0.452612582656541,-0.524703256372089,-0.0117713726094742,-0.0629724299567404,0.023900093887018,-0.286456915044672,-0.192029368943532,-0.0220772657609293,0.161500371364089,0.172798034415682,0.29300953432324,0.654797852979971
"2009-04-01",8.68240003867911e-05,8.36098327819258e-05,0.536976178004042,-0.225951464187319,0.150695637932745,0,0.113402712154271,1.30882977933761,0.580276331905096,1.75579356559483,1.09260152750107,0.331607104862716,0.228885528556708,1.04317828257989,-0.140006220619497,0.508249711189676,0.58631161477765,-0.346887273537657,0.381605849125168,-0.530694603458547,0.264019122820492,-0.457205992466115,-0.299772498666869,-0.675885370370368,0.327136607975702,1.0804843356084,0.222237379233405,0.659454712374837,-0.368565008343525,1.162847603818,-0.868721880703784,-0.137555444777513,-0.332088702313594,0.125821445637319,1.64115951593539,-0.273590423399125,0.543851501744049,-0.58765539601487,-0.583693461726979,0.555650989859477,-0.290830296179214,-0.452612582656541,-0.524703256372089,-0.0117713726094742,-0.0629724299567404,0.023900093887018,-0.286456915044672,-0.192029368943532,-0.0220772657609293,0.161500371364089,0.172798034415682,0.29300953432324,0.654797852979971
"2009-05-01",8.05484366042506e-05,0.000431928686775198,0.273895657493732,0.614524784943568,0.856157262073302,0,0.563500346514617,-0.115185486491139,3.23411316227655,1.34477094868652,0.771019855536907,2.44066052949648,0.209122832613256,1.04554575348314,0.47501213335368,0.141703696090394,1.75314390127993,-0.0253774981111108,0.206709419983539,0.424730876312567,2.58174522132839,0.97615439588274,0.372464231280362,1.58829115405286,0.908141513982607,0.924050475076877,0.222237379233405,0.659454712374837,-0.368565008343525,1.162847603818,-0.868721880703784,-0.137555444777513,-0.332088702313594,0.125821445637319,1.64115951593539,-0.273590423399125,0.543851501744049,-0.58765539601487,-0.583693461726979,0.555650989859477,-0.290830296179214,-0.452612582656541,-0.524703256372089,-0.0117713726094742,-0.0629724299567404,0.023900093887018,-0.286456915044672,-0.192029368943532,-0.0220772657609293,0.161500371364089,0.172798034415682,0.29300953432324,0.654797852979971
"2009-06-01",9.51607849096221e-05,0.000397702516214144,0.798461225579312,0.853594461563418,1.06585211257166,0,0.298448325521487,-0.792741293231042,0.0866018424509864,-0.573383521660346,1.05656205836915,-0.443427875288722,0.680123365135394,1.37956563277178,0.686401893395405,-0.37321833878551,1.86567566787037,0.714310037886881,1.07870909212632,1.39017465059897,0.821021182185486,2.57697588103661,0.55925361101905,1.62143902312972,0.36534781263458,1.25726242931088,0.222237379233405,0.659454712374837,-0.368565008343525,1.162847603818,-0.868721880703784,-0.137555444777513,-0.332088702313594,0.125821445637319,1.64115951593539,-0.273590423399125,0.543851501744049,-0.58765539601487,-0.583693461726979,0.555650989859477,-0.290830296179214,-0.452612582656541,-0.524703256372089,-0.0117713726094742,-0.0629724299567404,0.023900093887018,-0.286456915044672,-0.192029368943532,-0.0220772657609293,0.161500371364089,0.172798034415682,0.29300953432324,0.654797852979971
"2009-07-01",0.000113846341716109,0.000203023081757965,-0.96739514066554,1.40895045312946,1.49980524133696,0,0.803651801018575,-0.799919043249132,-0.625735384473891,-0.591339683880267,0.753456649562179,-0.772617436621218,2.42371979174531,1.3254066823445,2.04085957053274,-1.2319331267974,0.390223262893,0.839775673444697,1.7824162747109,0.445060091877415,-0.625287919072161,0.511933630487856,2.07013526489948,0.992623489867868,-0.462440695121334,1.07708570392404,0.222237379233405,0.659454712374837,-0.368565008343525,1.162847603818,-0.868721880703784,-0.137555444777513,-0.332088702313594,0.125821445637319,1.64115951593539,-0.273590423399125,0.543851501744049,-0.58765539601487,-0.583693461726979,0.555650989859477,-0.290830296179214,-0.452612582656541,-0.524703256372089,-0.0117713726094742,-0.0629724299567404,0.023900093887018,-0.286456915044672,-0.192029368943532,-0.0220772657609293,0.161500371364089,0.172798034415682,0.29300953432324,0.654797852979971
"2009-08-01",0.000113873494450239,0.000170093081274477,-1.06844487730425,1.24680314762452,1.14019999799142,0,1.03339882235623,-0.799919043249132,-0.665515499525888,-0.591339683880267,0.692375854126356,-0.834528674179506,2.26208826342387,1.23780768754286,1.55729778891421,-1.41283085960207,-0.388755914973432,0.703131010113647,1.94312923754296,-0.0762351021740023,-0.561703307363683,-0.243901962826921,1.65428086066668,0.112656602720967,-0.915791066575912,0.998163280818006,0.222237379233405,0.659454712374837,-0.368565008343525,1.162847603818,-0.868721880703784,-0.137555444777513,-0.332088702313594,0.125821445637319,1.64115951593539,-0.273590423399125,0.543851501744049,-0.58765539601487,-0.583693461726979,0.555650989859477,-0.290830296179214,-0.452612582656541,-0.524703256372089,-0.0117713726094742,-0.0629724299567404,0.023900093887018,-0.286456915044672,-0.192029368943532,-0.0220772657609293,0.161500371364089,0.172798034415682,0.29300953432324,0.654797852979971
"2009-09-01",8.70549478177385e-05,0.000124999849427756,-0.709028381972417,0.909001930231893,0.477409635464991,0,0.732370991633015,-0.799903366458269,-0.451227074907285,-0.591339683880267,1.0375061606274,-0.830756987508483,1.17218393311642,1.2942387106215,0.852908910969764,-1.28363682634965,-0.591237530959639,0.510497541082006,0.669469125628406,-0.340325799645104,-0.512119125969989,-0.450381342084429,0.850716064534184,-0.664748791772389,-1.09714687258172,1.19948763973154,0.222237379233405,0.659454712374837,-0.368565008343525,1.162847603818,-0.868721880703784,-0.137555444777513,-0.332088702313594,0.125821445637319,1.64115951593539,-0.273590423399125,0.543851501744049,-0.58765539601487,-0.583693461726979,0.555650989859477,-0.290830296179214,-0.452612582656541,-0.524703256372089,-0.0117713726094742,-0.0629724299567404,0.023900093887018,-0.286456915044672,-0.192029368943532,-0.0220772657609293,0.161500371364089,0.172798034415682,0.29300953432324,0.654797852979971
"2009-10-01",8.710865652261e-05,9.49856348554023e-05,-0.240611295812278,-0.20222633049844,-0.456528092485065,0,0.431010530806251,-0.727087446645845,-0.365973205328012,-0.567561469750362,0.719496079175719,-0.662430253684571,0.191953585606323,0.914908518759668,-0.484364777481393,-0.692464605837614,-0.885162916845467,-0.310481915701118,0.498932649450229,-0.515116669892295,-0.503702968857912,-0.530404993297143,-0.370858576722462,-0.910698469762364,-1.08791194666605,0.824751074680578,0.222237379233405,0.659454712374837,-0.368565008343525,1.162847603818,-0.868721880703784,-0.137555444777513,-0.332088702313594,0.125821445637319,1.64115951593539,-0.273590423399125,0.543851501744049,-0.58765539601487,-0.583693461726979,0.555650989859477,-0.290830296179214,-0.452612582656541,-0.524703256372089,-0.0117713726094742,-0.0629724299567404,0.023900093887018,-0.286456915044672,-0.192029368943532,-0.0220772657609293,0.161500371364089,0.172798034415682,0.29300953432324,0.654797852979971
"2009-11-01",9.96162203604064e-05,8.04586237144377e-05,-1.02693131985839,-0.547368440971658,-0.918178531938312,0,-0.648875332367661,-0.670202073195115,-0.476867749599771,-0.550233556392439,0.990978667547354,-0.50576794191525,-0.346416576992954,0.812087717174104,-0.772173309577116,-0.191502005887874,-0.944593822869279,-0.830026795802461,0.258642524852354,-0.662418341361695,-0.493100047214328,-0.585796726639465,-0.785544667204721,-0.959492596603305,-0.932218067712855,0.899945215980553,0.222237379233405,0.659454712374837,-0.368565008343525,1.162847603818,-0.868721880703784,-0.137555444777513,-0.332088702313594,0.125821445637319,1.64115951593539,-0.273590423399125,0.543851501744049,-0.58765539601487,-0.583693461726979,0.555650989859477,-0.290830296179214,-0.452612582656541,-0.524703256372089,-0.0117713726094742,-0.0629724299567404,0.023900093887018,-0.286456915044672,-0.192029368943532,-0.0220772657609293,0.161500371364089,0.172798034415682,0.29300953432324,0.654797852979971
"2009-12-01",0.000127174156829971,7.0908917606592e-05,0.514148283895063,-1.74500506929551,-1.35143598134957,0,-0.89939526654831,0.15412354616218,-0.870018525215408,-0.512386922237455,0.729564228267782,-0.730087191575163,-0.698411986284296,0.485784039347904,-0.987683311153376,-0.209553344449817,-1.30893659757066,-1.5899082478121,0.136570651464855,-0.778540551772983,-0.479957216491897,-0.621796695429214,-0.997191943446322,-1.23039984422096,-0.793930148174055,0.582553868848575,0.222237379233405,0.659454712374837,-0.368565008343525,1.162847603818,-0.868721880703784,-0.137555444777513,-0.332088702313594,0.125821445637319,1.64115951593539,-0.273590423399125,0.543851501744049,-0.58765539601487,-0.583693461726979,0.555650989859477,-0.290830296179214,-0.452612582656541,-0.524703256372089,-0.0117713726094742,-0.0629724299567404,0.023900093887018,-0.286456915044672,-0.192029368943532,-0.0220772657609293,0.161500371364089,0.172798034415682,0.29300953432324,0.654797852979971
"2010-01-01",0.000127092400245889,5.74005815680234e-05,0.65822411016844,-1.45284578710855,-1.30898780231854,0,-1.00179551028205,0.887199888342906,-0.659363402779378,-0.213611388521842,0.837211445578252,-0.292040455887288,-0.691360976086864,0.522980100609822,-0.793586149083441,0.190762300947422,-1.20319874393148,-1.7561396501786,0.206128335040472,-0.873676230455989,-0.473727157255721,-0.652588159714458,-0.766112701232173,-1.48011260265174,-0.693835264773857,0.652716070608545,0.222237379233405,0.659454712374837,-0.368565008343525,1.162847603818,-0.868721880703784,-0.137555444777513,-0.332088702313594,0.125821445637319,1.64115951593539,-0.273590423399125,0.543851501744049,-0.58765539601487,-0.583693461726979,0.555650989859477,-0.290830296179214,-0.452612582656541,-0.524703256372089,-0.0117713726094742,-0.0629724299567404,0.023900093887018,-0.286456915044672,-0.192029368943532,-0.0220772657609293,0.161500371364089,0.172798034415682,0.29300953432324,0.654797852979971
"2010-02-01",9.80019753973242e-05,8.10846285078843e-05,0.512450532277008,-1.33215536809353,-1.11840651231567,0,-0.856025102887817,1.56494360528689,-0.688944691895903,-0.100380700769644,1.87969928656471,0.63406895682572,-0.741458140572783,1.18751120919527,-0.572931536970522,1.20547442550145,-0.879192559863037,-0.833419495677132,-0.824625559438771,-0.935471416810349,-0.375207678011386,-0.604736337117722,-0.592806047374611,-1.34337694625566,-0.426257274579063,1.54639651104427,0.222237379233405,0.659454712374837,-0.368565008343525,1.162847603818,-0.868721880703784,-0.137555444777513,-0.332088702313594,0.125821445637319,1.64115951593539,-0.273590423399125,0.543851501744049,-0.58765539601487,-0.583693461726979,0.555650989859477,-0.290830296179214,-0.452612582656541,-0.524703256372089,-0.0117713726094742,-0.0629724299567404,0.023900093887018,-0.286456915044672,-0.192029368943532,-0.0220772657609293,0.161500371364089,0.172798034415682,0.29300953432324,0.654797852979971
"2010-03-01",8.40478571083222e-05,0.000145476889923402,0.986678221322181,-0.661870837699149,-0.540986046595356,0,-0.603411360534521,1.95599052480443,0.0496543598057001,1.2252786953275,1.05156223610668,2.79519632353798,-0.849172200363023,0.900401556019518,-0.554705074415062,1.61961870895872,0.158006865314895,-1.0140761351191,-1.26343200552033,-0.954326961967376,-0.292404165659321,-0.434744293022136,-0.649558359581198,-0.646397172239227,0.15233328619285,0.971321289020354,0.222237379233405,0.659454712374837,-0.368565008343525,1.162847603818,-0.868721880703784,-0.137555444777513,-0.332088702313594,0.125821445637319,1.64115951593539,-0.273590423399125,0.543851501744049,-0.58765539601487,-0.583693461726979,0.555650989859477,-0.290830296179214,-0.452612582656541,-0.524703256372089,-0.0117713726094742,-0.0629724299567404,0.023900093887018,-0.286456915044672,-0.192029368943532,-0.0220772657609293,0.161500371364089,0.172798034415682,0.29300953432324,0.654797852979971
"2010-04-01",8.72465088651135e-05,0.000189432392371927,0.148666494990495,-0.190289404117537,0.149226320885079,0,0.478820467836489,1.21005719575443,1.52629840559306,3.01499723601836,1.31059039083406,1.25926680797405,-0.825544438607396,1.21916002924987,-0.393167334983949,1.31416726107045,1.51378329939288,-0.303667108922366,-1.26638282749685,-0.912233653438633,0.128575353763063,-0.539069091864097,-0.641234190196806,0.391345191978574,0.860106457470346,1.2824939821616,0.222237379233405,0.659454712374837,-0.368565008343525,1.162847603818,-0.868721880703784,-0.137555444777513,-0.332088702313594,0.125821445637319,1.64115951593539,-0.273590423399125,0.543851501744049,-0.58765539601487,-0.583693461726979,0.555650989859477,-0.290830296179214,-0.452612582656541,-0.524703256372089,-0.0117713726094742,-0.0629724299567404,0.023900093887018,-0.286456915044672,-0.192029368943532,-0.0220772657609293,0.161500371364089,0.172798034415682,0.29300953432324,0.654797852979971
"2010-05-01",8.40806790946326e-05,0.000360322451150358,-0.471570907156896,0.241113299409929,0.782154847308416,0,0.42906970593839,0.13707955364771,2.17123791290393,1.79431821684668,0.967557436338262,1.68466805527862,-0.0630743602373883,1.22059486010032,0.519408793001407,0.246689797830649,1.6838834634059,-0.0448939632970599,-0.702731643315086,-0.186558022874213,1.3147735592444,0.364964119146669,0.328470125104126,1.54950925041613,1.10279992648415,1.11306655343143,0.222237379233405,0.659454712374837,-0.368565008343525,1.162847603818,-0.868721880703784,-0.137555444777513,-0.332088702313594,0.125821445637319,1.64115951593539,-0.273590423399125,0.543851501744049,-0.58765539601487,-0.583693461726979,0.555650989859477,-0.290830296179214,-0.452612582656541,-0.524703256372089,-0.0117713726094742,-0.0629724299567404,0.023900093887018,-0.286456915044672,-0.192029368943532,-0.0220772657609293,0.161500371364089,0.172798034415682,0.29300953432324,0.654797852979971
"2010-06-01",8.68890475960243e-05,0.000432446677395515,-0.688436553242095,1.05874908306467,1.50790902804561,0,1.13754630916561,-0.764173328746336,0.218100987125105,-0.496013633338012,1.14321022440475,-0.174813900188595,1.19554861869218,1.47792945888585,1.62185667793734,-0.963815181049979,1.10427388959273,0.641799382828724,1.89403361282192,0.582732415137017,0.958871334081865,1.59846274439322,1.51968967315381,1.63999924457538,0.561344344039997,1.34977665047773,0.222237379233405,0.659454712374837,-0.368565008343525,1.162847603818,-0.868721880703784,-0.137555444777513,-0.332088702313594,0.125821445637319,1.64115951593539,-0.273590423399125,0.543851501744049,-0.58765539601487,-0.583693461726979,0.555650989859477,-0.290830296179214,-0.452612582656541,-0.524703256372089,-0.0117713726094742,-0.0629724299567404,0.023900093887018,-0.286456915044672,-0.192029368943532,-0.0220772657609293,0.161500371364089,0.172798034415682,0.29300953432324,0.654797852979971
"2010-07-01",0.000113164837927629,0.000175342510412278,-0.142290089890447,1.46062645163684,1.50948542408908,0,1.43770136289607,-0.799919043249132,-0.398925798206798,-0.591339683880267,0.834720002723764,-0.843326968548854,2.295588653149,1.42316340529765,2.09436801745064,-1.53361815507524,0.128442245244657,0.794414241428571,1.57785818306135,-0.00318229955089276,-0.606795534829928,0.250770285074943,2.10859734693163,0.755909572407786,-0.383660218667977,1.16717192265727,0.222237379233405,0.659454712374837,-0.368565008343525,1.162847603818,-0.868721880703784,-0.137555444777513,-0.332088702313594,0.125821445637319,1.64115951593539,-0.273590423399125,0.543851501744049,-0.58765539601487,-0.583693461726979,0.555650989859477,-0.290830296179214,-0.452612582656541,-0.524703256372089,-0.0117713726094742,-0.0629724299567404,0.023900093887018,-0.286456915044672,-0.192029368943532,-0.0220772657609293,0.161500371364089,0.172798034415682,0.29300953432324,0.654797852979971
"2010-08-01",0.000113464711529828,0.000173770635649705,0.573519475835309,1.32979482214204,1.07895958803942,0,0.554417747013332,-0.799919043249132,-0.0186596844013886,-0.591339683880267,0.898135514698147,-0.572207003690033,0.952935468487509,1.42458255072125,1.05171668461549,-0.548619312725619,1.29166253790926,0.710099386934881,0.927036388560873,-0.425424869801279,-0.558014027110619,-0.360913907520702,1.0819586852068,0.469524107455568,-0.797379582074338,1.19847543064677,0.222237379233405,0.659454712374837,-0.368565008343525,1.162847603818,-0.868721880703784,-0.137555444777513,-0.332088702313594,0.125821445637319,1.64115951593539,-0.273590423399125,0.543851501744049,-0.58765539601487,-0.583693461726979,0.555650989859477,-0.290830296179214,-0.452612582656541,-0.524703256372089,-0.0117713726094742,-0.0629724299567404,0.023900093887018,-0.286456915044672,-0.192029368943532,-0.0220772657609293,0.161500371364089,0.172798034415682,0.29300953432324,0.654797852979971
"2010-09-01",6.9511596134852e-05,0.000137926042781857,-1.07403231145634,0.973458368652203,0.639421081985175,0,0.412823494281467,-0.799919043249132,-0.626911952863669,-0.591339683880267,1.15376220280114,-0.819261652542675,0.835999008605002,1.41163153089796,1.07593060002184,-1.20936678278744,-0.447919058438202,0.468384496666588,1.19231089584759,-0.636465884768516,-0.508545376320436,-0.543486559139714,0.99469874399804,-0.345926620887322,-1.03283769638361,1.31756137469005,0.222237379233405,0.659454712374837,-0.368565008343525,1.162847603818,-0.868721880703784,-0.137555444777513,-0.332088702313594,0.125821445637319,1.64115951593539,-0.273590423399125,0.543851501744049,-0.58765539601487,-0.583693461726979,0.555650989859477,-0.290830296179214,-0.452612582656541,-0.524703256372089,-0.0117713726094742,-0.0629724299567404,0.023900093887018,-0.286456915044672,-0.192029368943532,-0.0220772657609293,0.161500371364089,0.172798034415682,0.29300953432324,0.654797852979971
"2010-10-01",6.90410482038389e-05,0.000102511417934674,0.886417539572437,0.275235589710295,-0.364220603898266,0,0.495028071719333,-0.793854846552954,0.222951798280989,-0.588898943388503,0.837427576223603,-0.515770478045431,-0.164283790408253,1.02615599450298,-0.23895947749791,-0.276583950566344,-0.487785977475359,-0.341329889553545,0.727644656557486,-0.769100065426504,-0.503447656020741,-0.603564514099814,-0.149940319864563,-0.705224471621741,-1.07275083348652,0.94085002739644,0.222237379233405,0.659454712374837,-0.368565008343525,1.162847603818,-0.868721880703784,-0.137555444777513,-0.332088702313594,0.125821445637319,1.64115951593539,-0.273590423399125,0.543851501744049,-0.58765539601487,-0.583693461726979,0.555650989859477,-0.290830296179214,-0.452612582656541,-0.524703256372089,-0.0117713726094742,-0.0629724299567404,0.023900093887018,-0.286456915044672,-0.192029368943532,-0.0220772657609293,0.161500371364089,0.172798034415682,0.29300953432324,0.654797852979971
"2010-11-01",0.000117331439898882,0.000101363841940586,-0.561010746433654,-0.780411847816903,-0.946132147876738,0,-0.0482394114883193,-0.659108672209822,-0.588092570368167,-0.578922986931011,1.05227761590357,-0.327638559844693,-0.338624462280713,0.882616853341961,-0.869099229639137,0.482509875081921,-0.868909239387434,-0.881014772779278,0.929168092621548,-0.880839240230549,-0.492358173344197,-0.644406554137653,-0.935114566011008,-0.546421585558715,-0.822160409749362,0.965877449249449,0.222237379233405,0.659454712374837,-0.368565008343525,1.162847603818,-0.868721880703784,-0.137555444777513,-0.332088702313594,0.125821445637319,1.64115951593539,-0.273590423399125,0.543851501744049,-0.58765539601487,-0.583693461726979,0.555650989859477,-0.290830296179214,-0.452612582656541,-0.524703256372089,-0.0117713726094742,-0.0629724299567404,0.023900093887018,-0.286456915044672,-0.192029368943532,-0.0220772657609293,0.161500371364089,0.172798034415682,0.29300953432324,0.654797852979971
"2010-12-01",0.000118861541224332,9.36772311283939e-05,1.97558658839452,-1.00696699211225,-1.26386833646092,0,-1.03498154638707,-0.0555249490635636,-0.394833538247556,-0.249124385495398,0.827273733226541,-0.125235164173742,-0.82552995082941,0.572442422814246,-0.957173980898307,0.684349548049709,-1.18518166981861,-1.60788846799862,0.479214197733734,-0.957145000117675,-0.441043035303657,-0.665955818434654,-0.981231224226182,-0.756352220926149,-0.524894614289676,0.676139160552748,0.222237379233405,0.659454712374837,-0.368565008343525,1.162847603818,-0.868721880703784,-0.137555444777513,-0.332088702313594,0.125821445637319,1.64115951593539,-0.273590423399125,0.543851501744049,-0.58765539601487,-0.583693461726979,0.555650989859477,-0.290830296179214,-0.452612582656541,-0.524703256372089,-0.0117713726094742,-0.0629724299567404,0.023900093887018,-0.286456915044672,-0.192029368943532,-0.0220772657609293,0.161500371364089,0.172798034415682,0.29300953432324,0.654797852979971
"2011-01-01",0.000139003200696224,9.7711053245937e-05,-1.24882093583926,-1.50119802790494,-1.27324375870419,0,-1.19323493298456,1.08877140857149,-0.790075250497813,-0.00923609824409053,0.849727811395731,-0.272679203218793,-0.909849543092732,0.531363575559165,-0.999590926102999,1.11354397153692,-1.08410403078653,-1.76828747619855,0.497879130342512,-0.968609615527762,-0.354408941790877,-0.649490780358103,-1.03173885894398,-0.843397609145633,-0.130157366359499,0.663096086364197,0.222237379233405,0.659454712374837,-0.368565008343525,1.162847603818,-0.868721880703784,-0.137555444777513,-0.332088702313594,0.125821445637319,1.64115951593539,-0.273590423399125,0.543851501744049,-0.58765539601487,-0.583693461726979,0.555650989859477,-0.290830296179214,-0.452612582656541,-0.524703256372089,-0.0117713726094742,-0.0629724299567404,0.023900093887018,-0.286456915044672,-0.192029368943532,-0.0220772657609293,0.161500371364089,0.172798034415682,0.29300953432324,0.654797852979971
"2011-02-01",0.000148464884204419,8.27528805575317e-05,0.027421729925571,-1.37012764503985,-0.987961712226488,0,0.110410006416709,1.389625930901,-0.708350791113188,-0.346635726046077,1.80229569810942,-0.172017715201901,-0.573551490903592,1.13384390690169,-0.684597338445412,0.896252079284063,-0.764281295827316,-0.896535149413006,0.58601624835169,-0.973990554893106,-0.39443288911938,-0.647168916649741,-0.730272286219386,-1.10585714790284,0.00286692605930906,1.47798417061223,0.222237379233405,0.659454712374837,-0.368565008343525,1.162847603818,-0.868721880703784,-0.137555444777513,-0.332088702313594,0.125821445637319,1.64115951593539,-0.273590423399125,0.543851501744049,-0.58765539601487,-0.583693461726979,0.555650989859477,-0.290830296179214,-0.452612582656541,-0.524703256372089,-0.0117713726094742,-0.0629724299567404,0.023900093887018,-0.286456915044672,-0.192029368943532,-0.0220772657609293,0.161500371364089,0.172798034415682,0.29300953432324,0.654797852979971
"2011-03-01",0.000143718526602248,8.47812793115119e-05,0.0480594815982668,-0.525256818144002,-0.370723479109142,0,0.375068891685354,1.72022026523702,-0.27089615531987,1.30456721726833,0.867566805129615,0.151975893612587,0.208569426829648,0.788238925617292,-0.391308548704791,0.610226296777508,-0.112089550665269,-1.12320888871205,1.75805398582439,-0.957410210863861,-0.26223154431435,-0.633287285145112,-0.465085852212545,-1.02748211096964,0.31830936592963,0.81746199983743,0.222237379233405,0.659454712374837,-0.368565008343525,1.162847603818,-0.868721880703784,-0.137555444777513,-0.332088702313594,0.125821445637319,1.64115951593539,-0.273590423399125,0.543851501744049,-0.58765539601487,-0.583693461726979,0.555650989859477,-0.290830296179214,-0.452612582656541,-0.524703256372089,-0.0117713726094742,-0.0629724299567404,0.023900093887018,-0.286456915044672,-0.192029368943532,-0.0220772657609293,0.161500371364089,0.172798034415682,0.29300953432324,0.654797852979971
"2011-04-01",0.000136680000828838,0.000121941138685325,0.795125710933239,-0.206793488055573,0.1044306683516,0,-0.112230892153899,1.15230621412582,0.76772703648895,3.46383454855352,1.12720240072341,1.00413772345513,-0.184078742159294,1.09629839490039,-0.276395024854552,0.68033807854544,0.716174797598558,-0.415041331645996,1.36582119528128,-0.505245439761629,1.020909247875,-0.212621765932348,-0.616051475364584,-0.187429283138438,1.14536108848933,1.12348658977734,0.222237379233405,0.659454712374837,-0.368565008343525,1.162847603818,-0.868721880703784,-0.137555444777513,-0.332088702313594,0.125821445637319,1.64115951593539,-0.273590423399125,0.543851501744049,-0.58765539601487,-0.583693461726979,0.555650989859477,-0.290830296179214,-0.452612582656541,-0.524703256372089,-0.0117713726094742,-0.0629724299567404,0.023900093887018,-0.286456915044672,-0.192029368943532,-0.0220772657609293,0.161500371364089,0.172798034415682,0.29300953432324,0.654797852979971
"2011-05-01",0.000163614916321893,0.000397839175029873,1.53230891320948,0.221447771371804,0.683492944915448,0,0.584973145912078,0.380787205423328,3.29286583987802,2.24487485039928,0.830905486421591,1.83450225552154,0.125627717926734,1.12137553537702,-0.168235472901042,0.567065159003838,1.82626729129429,-0.0871605777549586,2.06798623290367,0.85627018227841,3.07885786783896,1.2171010230289,-0.328135965832973,1.47839293601517,1.51322266358556,0.99167812607851,0.222237379233405,0.659454712374837,-0.368565008343525,1.162847603818,-0.868721880703784,-0.137555444777513,-0.332088702313594,0.125821445637319,1.64115951593539,-0.273590423399125,0.543851501744049,-0.58765539601487,-0.583693461726979,0.555650989859477,-0.290830296179214,-0.452612582656541,-0.524703256372089,-0.0117713726094742,-0.0629724299567404,0.023900093887018,-0.286456915044672,-0.192029368943532,-0.0220772657609293,0.161500371364089,0.172798034415682,0.29300953432324,0.654797852979971
"2011-06-01",0.000197486311049102,0.000631429969402062,-1.03110227808572,1.00311481387442,1.64797157497619,0,0.307421858061001,-0.698772132892497,0.656557071497077,-0.314682383483976,1.0409905405286,0.409533115586607,0.970760765818304,1.40552167142885,1.83829319459673,-0.766901824429975,1.59640183129589,0.615561233123824,3.65293778589715,2.51614614853501,2.15072887656115,3.42518971239004,1.55630632047171,1.972055156448,1.08183301095152,1.26001878249639,0.222237379233405,0.659454712374837,-0.368565008343525,1.162847603818,-0.868721880703784,-0.137555444777513,-0.332088702313594,0.125821445637319,1.64115951593539,-0.273590423399125,0.543851501744049,-0.58765539601487,-0.583693461726979,0.555650989859477,-0.290830296179214,-0.452612582656541,-0.524703256372089,-0.0117713726094742,-0.0629724299567404,0.023900093887018,-0.286456915044672,-0.192029368943532,-0.0220772657609293,0.161500371364089,0.172798034415682,0.29300953432324,0.654797852979971
"2011-07-01",0.000206378980667353,0.000245378959946402,0.454431319212238,1.51169401304788,1.47035956412808,0,0.913015560053858,-0.799919043249132,-0.262918479264361,-0.591339683880267,0.864165591289607,-0.670113621764096,1.54602887976056,1.44790575190918,1.90369309353829,-0.989531161125547,1.36218347926967,0.795659139006982,1.75323915230395,1.57292042936356,-0.624940217523945,1.19429852488134,1.8190187641971,1.23240982823153,-0.154905992917286,1.19484005378238,0.222237379233405,0.659454712374837,-0.368565008343525,1.162847603818,-0.868721880703784,-0.137555444777513,-0.332088702313594,0.125821445637319,1.64115951593539,-0.273590423399125,0.543851501744049,-0.58765539601487,-0.583693461726979,0.555650989859477,-0.290830296179214,-0.452612582656541,-0.524703256372089,-0.0117713726094742,-0.0629724299567404,0.023900093887018,-0.286456915044672,-0.192029368943532,-0.0220772657609293,0.161500371364089,0.172798034415682,0.29300953432324,0.654797852979971
"2011-08-01",0.000206242620233318,0.000177680927746044,-0.624561466399808,1.50508373923861,1.18540440245098,0,1.08785267470822,-0.799919043249132,-0.495674669589362,-0.591339683880267,0.876139229042093,-0.785419516049787,2.29087110461183,1.41024118494663,1.70693879822507,-1.19772622731177,0.211965295728964,0.690560594189566,1.16523475868791,0.784418946709453,-0.59909710158216,0.11022560960066,1.7301366195765,0.705537336440325,-0.718260107620718,1.17945525531583,0.222237379233405,0.659454712374837,-0.368565008343525,1.162847603818,-0.868721880703784,-0.137555444777513,-0.332088702313594,0.125821445637319,1.64115951593539,-0.273590423399125,0.543851501744049,-0.58765539601487,-0.583693461726979,0.555650989859477,-0.290830296179214,-0.452612582656541,-0.524703256372089,-0.0117713726094742,-0.0629724299567404,0.023900093887018,-0.286456915044672,-0.192029368943532,-0.0220772657609293,0.161500371364089,0.172798034415682,0.29300953432324,0.654797852979971
"2011-09-01",0.000135891378012308,0.00016980782837527,-0.363925126963594,0.899903372463152,0.38081484075415,0,0.270752314890437,-0.799919043249132,-0.432156057419447,-0.591339683880267,1.13817930966347,-0.772548005479449,0.553332346002719,1.4000004011742,0.69252149783442,-0.929954605341962,-0.011142163045925,0.462546112179213,0.914586794979858,0.360748480034261,-0.529205480694702,-0.196594761798673,0.695618983856797,0.0136119243615246,-0.948488494610026,1.30353467755263,0.222237379233405,0.659454712374837,-0.368565008343525,1.162847603818,-0.868721880703784,-0.137555444777513,-0.332088702313594,0.125821445637319,1.64115951593539,-0.273590423399125,0.543851501744049,-0.58765539601487,-0.583693461726979,0.555650989859477,-0.290830296179214,-0.452612582656541,-0.524703256372089,-0.0117713726094742,-0.0629724299567404,0.023900093887018,-0.286456915044672,-0.192029368943532,-0.0220772657609293,0.161500371364089,0.172798034415682,0.29300953432324,0.654797852979971
"2011-10-01",0.0001345877483924,0.000136602421588468,0.751882693614592,0.157313149061215,-0.374353336301062,0,-0.268808460057787,-0.769813753051314,0.076652917167521,-0.582942396187402,0.870526151872461,-0.569782712673324,-0.398781871461046,1.0466259908313,-0.541664889483281,0.11269658899969,-0.329802345644814,-0.323065401416051,0.233714434767374,0.0628585120949017,-0.518948602090264,-0.335638153911383,-0.531464519198275,-0.22790830596716,-0.919098032689156,0.968642898023656,0.222237379233405,0.659454712374837,-0.368565008343525,1.162847603818,-0.868721880703784,-0.137555444777513,-0.332088702313594,0.125821445637319,1.64115951593539,-0.273590423399125,0.543851501744049,-0.58765539601487,-0.583693461726979,0.555650989859477,-0.290830296179214,-0.452612582656541,-0.524703256372089,-0.0117713726094742,-0.0629724299567404,0.023900093887018,-0.286456915044672,-0.192029368943532,-0.0220772657609293,0.161500371364089,0.172798034415682,0.29300953432324,0.654797852979971
"2011-11-01",0.000156733040937692,0.000128101825515779,-0.0415726006165647,-0.709976319078074,-0.992601211634092,0,-0.162685401383874,-0.573514123264706,-0.333823105358961,-0.471089916006718,1.17446827697898,-0.32306051715333,-0.851792752378546,0.957615564750424,-0.784982552886536,0.948279709020492,-0.805172979692695,-0.829136743045613,-0.193533565970081,-0.171620615786506,-0.478899185265636,-0.426503305426226,-0.825907983384564,-0.274364575904102,-0.645429747701831,1.06782249652315,0.222237379233405,0.659454712374837,-0.368565008343525,1.162847603818,-0.868721880703784,-0.137555444777513,-0.332088702313594,0.125821445637319,1.64115951593539,-0.273590423399125,0.543851501744049,-0.58765539601487,-0.583693461726979,0.555650989859477,-0.290830296179214,-0.452612582656541,-0.524703256372089,-0.0117713726094742,-0.0629724299567404,0.023900093887018,-0.286456915044672,-0.192029368943532,-0.0220772657609293,0.161500371364089,0.172798034415682,0.29300953432324,0.654797852979971
"2011-12-01",0.000168466602661952,0.000108500833672927,-0.947505755968563,-1.4403586698734,-1.30390609886248,0,-0.167733066221416,-0.21852929609931,-0.847784954696908,-0.567815336014932,0.897739148789478,-0.693845228975756,-0.867590280164573,0.614063317279498,-0.88999094175622,0.650901837082642,-1.19636357579376,-1.58761776696573,-0.180067073738698,-0.314267766862334,-0.419549329312861,-0.459025693594745,-0.912122505549265,-0.730973213032941,-0.419886475558863,0.733875358848628,0.222237379233405,0.659454712374837,-0.368565008343525,1.162847603818,-0.868721880703784,-0.137555444777513,-0.332088702313594,0.125821445637319,1.64115951593539,-0.273590423399125,0.543851501744049,-0.58765539601487,-0.583693461726979,0.555650989859477,-0.290830296179214,-0.452612582656541,-0.524703256372089,-0.0117713726094742,-0.0629724299567404,0.023900093887018,-0.286456915044672,-0.192029368943532,-0.0220772657609293,0.161500371364089,0.172798034415682,0.29300953432324,0.654797852979971
"2012-01-01",0.000116299337620268,7.71758283200144e-05,-0.711470401966871,-1.12342561924004,-1.1477143555089,0,-0.105660814200072,-0.103408905708505,-0.62000490170864,-0.408366306331191,0.916258132506984,-0.537765974786721,-0.741094087313899,0.569121740806584,-0.707584494742204,0.663655765462784,-1.02103841201262,-1.73617717837992,0.0523551002003625,-0.436003144491021,-0.388383803303365,-0.504694550913244,-0.818936612477059,-1.08221782647222,-0.311310364411336,0.717140775019745,0.222237379233405,0.659454712374837,-0.368565008343525,1.162847603818,-0.868721880703784,-0.137555444777513,-0.332088702313594,0.125821445637319,1.64115951593539,-0.273590423399125,0.543851501744049,-0.58765539601487,-0.583693461726979,0.555650989859477,-0.290830296179214,-0.452612582656541,-0.524703256372089,-0.0117713726094742,-0.0629724299567404,0.023900093887018,-0.286456915044672,-0.192029368943532,-0.0220772657609293,0.161500371364089,0.172798034415682,0.29300953432324,0.654797852979971
"2012-02-01",9.60878568320429e-05,6.8645692459646e-05,-0.149978503313635,-1.11339440195331,-0.967591462975004,0,0.431970114966045,0.25201325757395,-0.711548402361199,-0.499381235222176,1.82289711955371,-0.416857069365588,-0.577576359640488,1.14107951717067,-0.701788596962734,0.703853088295116,-0.796462552355691,-0.869799803081209,0.293307722163016,-0.444535993727372,-0.314107439717804,-0.512492257933897,-0.783923378537689,-1.15264637858474,-0.144657027231765,1.4928684518266,0.222237379233405,0.659454712374837,-0.368565008343525,1.162847603818,-0.868721880703784,-0.137555444777513,-0.332088702313594,0.125821445637319,1.64115951593539,-0.273590423399125,0.543851501744049,-0.58765539601487,-0.583693461726979,0.555650989859477,-0.290830296179214,-0.452612582656541,-0.524703256372089,-0.0117713726094742,-0.0629724299567404,0.023900093887018,-0.286456915044672,-0.192029368943532,-0.0220772657609293,0.161500371364089,0.172798034415682,0.29300953432324,0.654797852979971
"2012-03-01",8.34018607413956e-05,7.49334898916294e-05,-0.912135961642412,-0.321137529217962,-0.175590607189953,0,1.01235456925104,0.272925855478217,0.468502715488657,0.529539683694685,0.925593206895515,0.0519182183232528,-0.0748597575969743,0.82215416128406,-0.314069879118713,0.693408899123252,0.105329685747618,-1.07859025647587,1.00015972435355,-0.46478773373313,-0.213851013682104,-0.510997298701019,-0.237307596725871,-0.853445267931132,0.0676845254020363,0.865491385878066,0.222237379233405,0.659454712374837,-0.368565008343525,1.162847603818,-0.868721880703784,-0.137555444777513,-0.332088702313594,0.125821445637319,1.64115951593539,-0.273590423399125,0.543851501744049,-0.58765539601487,-0.583693461726979,0.555650989859477,-0.290830296179214,-0.452612582656541,-0.524703256372089,-0.0117713726094742,-0.0629724299567404,0.023900093887018,-0.286456915044672,-0.192029368943532,-0.0220772657609293,0.161500371364089,0.172798034415682,0.29300953432324,0.654797852979971
"2012-04-01",8.68663705873008e-05,0.000118639246862503,-1.06640921480231,0.106710804208783,0.40550943097033,0,1.09506086677799,-0.379910165865601,0.28392611104336,0.43823341550059,1.20589165053808,0.145526763655846,0.512154117331135,1.14527524028659,0.374093333223634,-0.200399666076594,0.414342345755732,-0.361542865676846,0.859234368399181,-0.266673538996357,0.0276243457555214,-0.250138103032071,0.470663681208589,-0.129303786557705,0.234827969494407,1.18996001057358,0.222237379233405,0.659454712374837,-0.368565008343525,1.162847603818,-0.868721880703784,-0.137555444777513,-0.332088702313594,0.125821445637319,1.64115951593539,-0.273590423399125,0.543851501744049,-0.58765539601487,-0.583693461726979,0.555650989859477,-0.290830296179214,-0.452612582656541,-0.524703256372089,-0.0117713726094742,-0.0629724299567404,0.023900093887018,-0.286456915044672,-0.192029368943532,-0.0220772657609293,0.161500371364089,0.172798034415682,0.29300953432324,0.654797852979971
"2012-05-01",8.325744400163e-05,0.000140159728141123,-1.51859500930797,0.611740322216452,1.14878084980505,0,0.788576671733821,-0.752619617111176,-0.282663599550465,-0.46368300771603,0.838908134340358,-0.319496508867972,1.59905127696658,1.12607576353391,1.66425961128939,-1.25402426961449,0.00681473266632125,-0.0681151696142093,1.96985793433043,-0.111098441013842,0.150017762230974,0.0112420797110425,1.61541528385936,0.238546519723994,-0.0712846397913234,0.998621438614267,0.222237379233405,0.659454712374837,-0.368565008343525,1.162847603818,-0.868721880703784,-0.137555444777513,-0.332088702313594,0.125821445637319,1.64115951593539,-0.273590423399125,0.543851501744049,-0.58765539601487,-0.583693461726979,0.555650989859477,-0.290830296179214,-0.452612582656541,-0.524703256372089,-0.0117713726094742,-0.0629724299567404,0.023900093887018,-0.286456915044672,-0.192029368943532,-0.0220772657609293,0.161500371364089,0.172798034415682,0.29300953432324,0.654797852979971
"2012-06-01",0.000101120064096808,0.000122919233877373,-1.66490785108985,1.30166930855288,1.95767583249364,0,1.64975413975026,-0.799919043249132,-0.82904723957508,-0.591339683880267,1.03403871727969,-0.936020227506797,2.54878580855768,1.39923541519211,2.1690949105817,-1.84199950760623,-0.579845000582315,0.620259822934203,3.65610076440757,-0.295169500300196,-0.522665873748829,-0.200461889028631,2.21900033184881,-0.401812321292157,-0.727934475388583,1.2533803021189,0.222237379233405,0.659454712374837,-0.368565008343525,1.162847603818,-0.868721880703784,-0.137555444777513,-0.332088702313594,0.125821445637319,1.64115951593539,-0.273590423399125,0.543851501744049,-0.58765539601487,-0.583693461726979,0.555650989859477,-0.290830296179214,-0.452612582656541,-0.524703256372089,-0.0117713726094742,-0.0629724299567404,0.023900093887018,-0.286456915044672,-0.192029368943532,-0.0220772657609293,0.161500371364089,0.172798034415682,0.29300953432324,0.654797852979971
"2012-07-01",0.000122622642473805,8.51130797549402e-05,0.263196450270545,1.57536603875631,1.46778862159202,0,2.95214667915521,-0.799919043249132,-0.254818559989253,-0.591339683880267,0.880603906770984,-0.822076093467938,2.56959722827926,1.45471374144262,1.3191059539907,-1.3916026470527,0.191756334849058,0.805071566717063,1.87279314226236,-0.520578641578922,-0.506287129235087,-0.484692402304706,1.58072413240702,-0.870674092127559,-1.12183730079001,1.20695511805008,0.222237379233405,0.659454712374837,-0.368565008343525,1.162847603818,-0.868721880703784,-0.137555444777513,-0.332088702313594,0.125821445637319,1.64115951593539,-0.273590423399125,0.543851501744049,-0.58765539601487,-0.583693461726979,0.555650989859477,-0.290830296179214,-0.452612582656541,-0.524703256372089,-0.0117713726094742,-0.0629724299567404,0.023900093887018,-0.286456915044672,-0.192029368943532,-0.0220772657609293,0.161500371364089,0.172798034415682,0.29300953432324,0.654797852979971
"2012-08-01",0.000111341725778935,7.03948059482943e-05,-0.663682112523056,1.45421430500623,1.12720402959824,0,3.6196823319319,-0.799919043249132,-0.472854219336097,-0.591339683880267,0.875594984270815,-0.837170825904835,2.08033621837816,1.40755640557216,1.33503584701047,-1.20466751005633,-0.0700062018023999,0.681289211305733,1.06319533474005,-0.649175808780232,-0.491327686376386,-0.582563153157461,1.40639055581331,-1.15757749601637,-1.35680826241742,1.1775980660413,0.222237379233405,0.659454712374837,-0.368565008343525,1.162847603818,-0.868721880703784,-0.137555444777513,-0.332088702313594,0.125821445637319,1.64115951593539,-0.273590423399125,0.543851501744049,-0.58765539601487,-0.583693461726979,0.555650989859477,-0.290830296179214,-0.452612582656541,-0.524703256372089,-0.0117713726094742,-0.0629724299567404,0.023900093887018,-0.286456915044672,-0.192029368943532,-0.0220772657609293,0.161500371364089,0.172798034415682,0.29300953432324,0.654797852979971
"2012-09-01",6.78696016742528e-05,5.51495900705203e-05,-0.784783724691754,0.904404412664409,0.467108032239868,0,2.21892894748084,-0.799919043249132,-0.519245811391149,-0.591339683880267,1.13480590210532,-0.855616704335874,1.56074231172184,1.40039947957562,0.516502055582921,-1.22121847785833,-0.604987079404176,0.429836237705358,0.820398978676787,-0.732723710877806,-0.472201219158547,-0.608380288803865,0.460914683487591,-1.41008164221861,-1.4748652392063,1.30122179928449,0.222237379233405,0.659454712374837,-0.368565008343525,1.162847603818,-0.868721880703784,-0.137555444777513,-0.332088702313594,0.125821445637319,1.64115951593539,-0.273590423399125,0.543851501744049,-0.58765539601487,-0.583693461726979,0.555650989859477,-0.290830296179214,-0.452612582656541,-0.524703256372089,-0.0117713726094742,-0.0629724299567404,0.023900093887018,-0.286456915044672,-0.192029368943532,-0.0220772657609293,0.161500371364089,0.172798034415682,0.29300953432324,0.654797852979971
"2012-10-01",6.80462436369413e-05,4.40142836421906e-05,-0.839710730870045,0.134894417862187,-0.249235716253056,0,2.30247375760105,-0.778384750368758,-0.556405104892533,-0.585797772277974,0.739477420534581,-0.845348088389167,1.07294894106608,0.961235555559149,-0.152205395632849,-0.887819185549902,-0.791397653666263,-0.371856019806303,1.61002622835886,-0.804854052866366,-0.474972640656439,-0.639216486792306,-0.115880174488461,-1.53009460149442,-1.48628186467051,0.856966740279202,0.222237379233405,0.659454712374837,-0.368565008343525,1.162847603818,-0.868721880703784,-0.137555444777513,-0.332088702313594,0.125821445637319,1.64115951593539,-0.273590423399125,0.543851501744049,-0.58765539601487,-0.583693461726979,0.555650989859477,-0.290830296179214,-0.452612582656541,-0.524703256372089,-0.0117713726094742,-0.0629724299567404,0.023900093887018,-0.286456915044672,-0.192029368943532,-0.0220772657609293,0.161500371364089,0.172798034415682,0.29300953432324,0.654797852979971
"2012-11-01",0.000104499833541694,3.97581671628183e-05,-0.940541378745135,-0.458420717134589,-0.890185425588277,0,0.991920379300944,-0.708620231832575,-0.563161100461734,-0.563664910238839,1.04241371659098,-0.761750955282663,-0.0995195958537576,0.876239313063655,-0.672755580199052,-0.367730445955902,-1.03711546052137,-0.877795247633362,1.22441599027627,-0.87256939257132,-0.475942274975346,-0.660757924099739,-0.683405864553528,-1.50249050653453,-1.3895876703601,0.957661274044324,0.222237379233405,0.659454712374837,-0.368565008343525,1.162847603818,-0.868721880703784,-0.137555444777513,-0.332088702313594,0.125821445637319,1.64115951593539,-0.273590423399125,0.543851501744049,-0.58765539601487,-0.583693461726979,0.555650989859477,-0.290830296179214,-0.452612582656541,-0.524703256372089,-0.0117713726094742,-0.0629724299567404,0.023900093887018,-0.286456915044672,-0.192029368943532,-0.0220772657609293,0.161500371364089,0.172798034415682,0.29300953432324,0.654797852979971
"2012-12-01",0.000109867123448519,3.69321941414965e-05,0.233872648840339,-1.29124271290027,-1.23745162615435,0,0.0679740302396247,-0.293960408874848,-0.831061650260506,-0.584308551345337,0.77447592358749,-0.838122985370383,-0.56046049872866,0.54230788929698,-0.844311246538916,-0.386119882077459,-1.26902794427833,-1.63107841573265,0.957750662231288,-0.928844771192945,-0.458268795845512,-0.678489196407211,-0.882550987782361,-1.62054002259545,-1.25088017617217,0.633219286429988,0.222237379233405,0.659454712374837,-0.368565008343525,1.162847603818,-0.868721880703784,-0.137555444777513,-0.332088702313594,0.125821445637319,1.64115951593539,-0.273590423399125,0.543851501744049,-0.58765539601487,-0.583693461726979,0.555650989859477,-0.290830296179214,-0.452612582656541,-0.524703256372089,-0.0117713726094742,-0.0629724299567404,0.023900093887018,-0.286456915044672,-0.192029368943532,-0.0220772657609293,0.161500371364089,0.172798034415682,0.29300953432324,0.654797852979971
"2013-01-01",0.000110057789350813,2.84924679343284e-05,-0.134010174065489,-1.75148771861682,-1.31462348660789,0,0.16838603393296,0.502803743071173,-0.676417345294293,-0.39009143099707,0.779842535986107,-0.617045638949215,-0.773092340480827,0.489722624318585,-0.858106398456086,-0.323252199278739,-1.26516443936641,-1.78115196241675,1.08349925980152,-0.969071464412376,-0.442064422422448,-0.690830592706378,-0.895029726684839,-1.78462347886662,-1.17596390764295,0.605824672650628,0.222237379233405,0.659454712374837,-0.368565008343525,1.162847603818,-0.868721880703784,-0.137555444777513,-0.332088702313594,0.125821445637319,1.64115951593539,-0.273590423399125,0.543851501744049,-0.58765539601487,-0.583693461726979,0.555650989859477,-0.290830296179214,-0.452612582656541,-0.524703256372089,-0.0117713726094742,-0.0629724299567404,0.023900093887018,-0.286456915044672,-0.192029368943532,-0.0220772657609293,0.161500371364089,0.172798034415682,0.29300953432324,0.654797852979971
"2013-02-01",9.05573521387475e-05,3.6701246710549e-05,-0.923539699458597,-1.29805822037951,-1.04785820027064,0,0.762015126414212,0.827154431886165,-0.866886208041725,-0.470190031367482,1.77675537543836,-0.63144824677604,-0.346578102049775,1.1160527757705,-0.688881758659819,0.523293453050062,-0.901258649034018,-0.917227569030634,0.942750196544729,-0.994272096589543,-0.446394713178457,-0.694843234052983,-0.70906562300056,-1.71536340947552,-1.00017128777436,1.45537188743169,0.222237379233405,0.659454712374837,-0.368565008343525,1.162847603818,-0.868721880703784,-0.137555444777513,-0.332088702313594,0.125821445637319,1.64115951593539,-0.273590423399125,0.543851501744049,-0.58765539601487,-0.583693461726979,0.555650989859477,-0.290830296179214,-0.452612582656541,-0.524703256372089,-0.0117713726094742,-0.0629724299567404,0.023900093887018,-0.286456915044672,-0.192029368943532,-0.0220772657609293,0.161500371364089,0.172798034415682,0.29300953432324,0.654797852979971
"2013-03-01",8.1622013938293e-05,4.83590194846009e-05,-0.283279186496437,-0.615323375829194,-0.398622508912865,0,1.06815064499873,0.866791494654145,-0.125431196193302,0.554026854673897,0.834291027630008,-0.0345835537125961,0.472500385599626,0.766239985877355,-0.632632585399101,0.752151042194832,-0.113574663675098,-1.13387547176906,1.90535402519325,-1.01103231116401,-0.416038816012501,-0.697635843928929,-0.749878960058606,-1.51287602910139,-0.781655318622035,0.788986830121111,0.222237379233405,0.659454712374837,-0.368565008343525,1.162847603818,-0.868721880703784,-0.137555444777513,-0.332088702313594,0.125821445637319,1.64115951593539,-0.273590423399125,0.543851501744049,-0.58765539601487,-0.583693461726979,0.555650989859477,-0.290830296179214,-0.452612582656541,-0.524703256372089,-0.0117713726094742,-0.0629724299567404,0.023900093887018,-0.286456915044672,-0.192029368943532,-0.0220772657609293,0.161500371364089,0.172798034415682,0.29300953432324,0.654797852979971
"2013-04-01",7.80229339485153e-05,7.18112238484332e-05,0.0829663205013002,-0.322225058522079,0.100658186767903,0,0.991405025841641,0.585626566129739,0.0760286175148453,0.205171336535156,1.09557882193493,0.0871426905796209,0.628986292547578,1.07687109375102,-0.114193739054404,0.477019331582071,0.343878155612073,-0.540626773619932,2.91260288240122,-0.886659561231121,-0.0929845474821543,-0.631865412557665,-0.405379031757849,-1.00071286939034,-0.288593362470378,1.09441747811924,0.222237379233405,0.659454712374837,-0.368565008343525,1.162847603818,-0.868721880703784,-0.137555444777513,-0.332088702313594,0.125821445637319,1.64115951593539,-0.273590423399125,0.543851501744049,-0.58765539601487,-0.583693461726979,0.555650989859477,-0.290830296179214,-0.452612582656541,-0.524703256372089,-0.0117713726094742,-0.0629724299567404,0.023900093887018,-0.286456915044672,-0.192029368943532,-0.0220772657609293,0.161500371364089,0.172798034415682,0.29300953432324,0.654797852979971
"2013-05-01",8.28268792175769e-05,0.000148740588889426,-0.285339030734359,0.494244720824009,0.962608155029362,0,0.782998813573815,-0.2036891378506,2.2572321689483,0.984701052199893,0.744429466549132,1.60730192587931,0.799190485121795,1.06105349788457,0.554323601097507,-0.0215863655095517,1.40647356602967,-0.101880974273776,1.68225478413374,-0.587539815148656,0.501029824625754,-0.237080044919549,0.724141314502395,0.52344859329842,0.0159526920041151,0.916394458198379,0.222237379233405,0.659454712374837,-0.368565008343525,1.162847603818,-0.868721880703784,-0.137555444777513,-0.332088702313594,0.125821445637319,1.64115951593539,-0.273590423399125,0.543851501744049,-0.58765539601487,-0.583693461726979,0.555650989859477,-0.290830296179214,-0.452612582656541,-0.524703256372089,-0.0117713726094742,-0.0629724299567404,0.023900093887018,-0.286456915044672,-0.192029368943532,-0.0220772657609293,0.161500371364089,0.172798034415682,0.29300953432324,0.654797852979971
"2013-06-01",0.000114486967212549,0.000212414943949828,-1.74003875357289,1.22009870740876,1.83212732012569,0,0.513225423758754,-0.793323275506396,-0.704096942117186,-0.575417810383122,1.00725798165338,-0.780920510833643,2.33816071540449,1.38100277786554,2.38733822924821,-1.52529358807354,0.0551167250849139,0.615055867877645,3.42762694159729,-0.195649681425416,0.0311543684882896,0.434243047536682,2.33448929791298,0.910942246340695,-0.460126055180538,1.23027750683374,0.222237379233405,0.659454712374837,-0.368565008343525,1.162847603818,-0.868721880703784,-0.137555444777513,-0.332088702313594,0.125821445637319,1.64115951593539,-0.273590423399125,0.543851501744049,-0.58765539601487,-0.583693461726979,0.555650989859477,-0.290830296179214,-0.452612582656541,-0.524703256372089,-0.0117713726094742,-0.0629724299567404,0.023900093887018,-0.286456915044672,-0.192029368943532,-0.0220772657609293,0.161500371364089,0.172798034415682,0.29300953432324,0.654797852979971
"2013-07-01",0.00011850706377218,0.000143145036986897,0.00763499651154669,1.51895444085659,1.47481980685587,0,1.30322578045783,-0.799919043249132,-0.410625721779941,-0.591339683880267,0.840458966514899,-0.86289918371945,2.25421880311199,1.42555067583808,1.7554835438565,-1.50119552227283,0.121708436991144,0.804311885123939,1.25025928914658,-0.587869312714618,-0.54935188627488,-0.323283482575923,1.8044153248642,0.107330122262859,-1.03319840798128,1.17156418243806,0.222237379233405,0.659454712374837,-0.368565008343525,1.162847603818,-0.868721880703784,-0.137555444777513,-0.332088702313594,0.125821445637319,1.64115951593539,-0.273590423399125,0.543851501744049,-0.58765539601487,-0.583693461726979,0.555650989859477,-0.290830296179214,-0.452612582656541,-0.524703256372089,-0.0117713726094742,-0.0629724299567404,0.023900093887018,-0.286456915044672,-0.192029368943532,-0.0220772657609293,0.161500371364089,0.172798034415682,0.29300953432324,0.654797852979971
"2013-08-01",0.000111965641900526,0.000107880796513355,0.641596837929726,1.4038976478512,0.994366617781794,0,1.86475510275254,-0.799919043249132,-0.23843542797448,-0.591339683880267,0.884453812886431,-0.763716973428603,1.47594083682792,1.41528109259339,1.01909127581066,-0.880630842058214,0.534645343897362,0.697941213997176,1.32293879104914,-0.786952139719388,-0.515533715658605,-0.575510721463401,1.2320651196092,-0.340996840647432,-1.2870898893698,1.18645236176187,0.222237379233405,0.659454712374837,-0.368565008343525,1.162847603818,-0.868721880703784,-0.137555444777513,-0.332088702313594,0.125821445637319,1.64115951593539,-0.273590423399125,0.543851501744049,-0.58765539601487,-0.583693461726979,0.555650989859477,-0.290830296179214,-0.452612582656541,-0.524703256372089,-0.0117713726094742,-0.0629724299567404,0.023900093887018,-0.286456915044672,-0.192029368943532,-0.0220772657609293,0.161500371364089,0.172798034415682,0.29300953432324,0.654797852979971
"2013-09-01",8.62242531823927e-05,0.000118134385036711,2.6733878402109,0.946113557107004,0.320937957022384,0,0.523158480133415,-0.798514494009312,1.0939679939448,-0.59082244592704,1.16059167840988,0.642244590919382,-0.322882521091919,1.41686429215364,-0.191984816221007,0.959855003166731,1.06819743591451,0.469178486460692,0.555113273398981,-0.883218625771411,-0.428716217058691,-0.61741136993908,-0.214647101885434,0.0401317796800485,-1.21344430942326,1.32373520042222,0.222237379233405,0.659454712374837,-0.368565008343525,1.162847603818,-0.868721880703784,-0.137555444777513,-0.332088702313594,0.125821445637319,1.64115951593539,-0.273590423399125,0.543851501744049,-0.58765539601487,-0.583693461726979,0.555650989859477,-0.290830296179214,-0.452612582656541,-0.524703256372089,-0.0117713726094742,-0.0629724299567404,0.023900093887018,-0.286456915044672,-0.192029368943532,-0.0220772657609293,0.161500371364089,0.172798034415682,0.29300953432324,0.654797852979971
"2013-10-01",6.64245391315159e-05,0.000163661165484421,0.526589023229033,-0.105033030250113,-0.478558227192534,0,-0.310866683295371,-0.751921295008122,0.114299489821679,-0.576176980234602,0.87468344379463,0.512151796418708,-0.738024865215429,1.05439079140319,-0.550687447045116,1.29373836270298,-0.0657727637155597,-0.328702837869115,0.0227252157752657,-0.922443792195475,-0.370091255582962,-0.560923407339888,-0.64955198993614,0.81450843486689,-0.600255568431008,0.974568024373506,0.222237379233405,0.659454712374837,-0.368565008343525,1.162847603818,-0.868721880703784,-0.137555444777513,-0.332088702313594,0.125821445637319,1.64115951593539,-0.273590423399125,0.543851501744049,-0.58765539601487,-0.583693461726979,0.555650989859477,-0.290830296179214,-0.452612582656541,-0.524703256372089,-0.0117713726094742,-0.0629724299567404,0.023900093887018,-0.286456915044672,-0.192029368943532,-0.0220772657609293,0.161500371364089,0.172798034415682,0.29300953432324,0.654797852979971
"2013-11-01",9.87037691409785e-05,0.000149091485761253,0.309375555101598,-0.663512482169964,-1.03473128151154,0,-0.334825401070965,-0.542852678755432,-0.451814978489675,-0.550479123678161,1.16490746613864,0.118855110756549,-0.71621756110223,0.954512421613637,-0.808144732857885,1.15996177761257,-0.847138569780802,-0.840773431328425,0.0237967424632502,-0.9477389768086,-0.364527021885169,-0.563650613893796,-0.907230030694414,0.575955655889659,-0.201867925040914,1.06106252506808,0.222237379233405,0.659454712374837,-0.368565008343525,1.162847603818,-0.868721880703784,-0.137555444777513,-0.332088702313594,0.125821445637319,1.64115951593539,-0.273590423399125,0.543851501744049,-0.58765539601487,-0.583693461726979,0.555650989859477,-0.290830296179214,-0.452612582656541,-0.524703256372089,-0.0117713726094742,-0.0629724299567404,0.023900093887018,-0.286456915044672,-0.192029368943532,-0.0220772657609293,0.161500371364089,0.172798034415682,0.29300953432324,0.654797852979971
"2013-12-01",8.1709439774556e-05,0.000135750541852867,-0.960238352834065,-1.59446784779337,-1.33863705038524,0,-1.75774736939796,0.0700649226897643,-0.86503682998465,-0.538332640142541,0.884986176791824,-0.391980258341174,-0.966436726410606,0.609087694169054,-1.05958429145444,1.48902329376957,-1.15411328991018,-1.60647883659804,-0.158631394956075,-0.986479075981184,-0.374764235775221,-0.58835691422218,-1.09454545164036,0.189246488672178,0.0989573494215374,0.724356175594462,0.222237379233405,0.659454712374837,-0.368565008343525,1.162847603818,-0.868721880703784,-0.137555444777513,-0.332088702313594,0.125821445637319,1.64115951593539,-0.273590423399125,0.543851501744049,-0.58765539601487,-0.583693461726979,0.555650989859477,-0.290830296179214,-0.452612582656541,-0.524703256372089,-0.0117713726094742,-0.0629724299567404,0.023900093887018,-0.286456915044672,-0.192029368943532,-0.0220772657609293,0.161500371364089,0.172798034415682,0.29300953432324,0.654797852979971
"2014-01-01",0.00011142049854608,9.16225747853655e-05,-0.900157432531682,-1.36511835577642,-1.20956447165279,0,-1.02352867085595,0.381104870258345,-0.881469393096293,-0.55882415099015,0.842264858129393,-0.655029979565817,-0.542393706540108,0.52673071759633,-0.78799644562441,0.710991251857033,-1.07181632366781,-1.78326981310898,0.738560276683325,-1.02690932203821,-0.395032153160486,-0.626098229735368,-0.802097528434877,-0.416828093147619,0.137903714449613,0.656561555571787,0.222237379233405,0.659454712374837,-0.368565008343525,1.162847603818,-0.868721880703784,-0.137555444777513,-0.332088702313594,0.125821445637319,1.64115951593539,-0.273590423399125,0.543851501744049,-0.58765539601487,-0.583693461726979,0.555650989859477,-0.290830296179214,-0.452612582656541,-0.524703256372089,-0.0117713726094742,-0.0629724299567404,0.023900093887018,-0.286456915044672,-0.192029368943532,-0.0220772657609293,0.161500371364089,0.172798034415682,0.29300953432324,0.654797852979971
"2014-02-01",9.18669493925308e-05,6.64570627361325e-05,-0.678804081011756,-1.08988021411413,-0.919823361926466,0,-0.0608142651289549,0.945315160458901,-0.648694901019243,-0.0908305993054794,1.70354067695279,-0.405559982177605,-0.202973046157394,1.06860975942067,-0.499293724297476,0.44514858660473,-0.792275307548201,-0.928917189966386,1.92030137608424,-1.05698927965295,-0.410505811715268,-0.65610958668898,-0.595876568762737,-0.694958181985641,0.138458371308432,1.39348563188827,0.222237379233405,0.659454712374837,-0.368565008343525,1.162847603818,-0.868721880703784,-0.137555444777513,-0.332088702313594,0.125821445637319,1.64115951593539,-0.273590423399125,0.543851501744049,-0.58765539601487,-0.583693461726979,0.555650989859477,-0.290830296179214,-0.452612582656541,-0.524703256372089,-0.0117713726094742,-0.0629724299567404,0.023900093887018,-0.286456915044672,-0.192029368943532,-0.0220772657609293,0.161500371364089,0.172798034415682,0.29300953432324,0.654797852979971
"2014-03-01",7.00248126480685e-05,8.1598740166182e-05,0.205905483784836,-0.544140272315486,-0.338375317029826,0,0.00475295564085417,1.11704291700964,-0.376192983981595,0.575443347744188,0.781224760978836,0.104749205862884,-0.111740173261505,0.731323968549303,-0.21395912570011,0.547089342443071,-0.157669198271663,-1.14072567589803,2.68054086006749,-1.05577350764171,-0.344977667374683,-0.660636202228509,-0.304040664384556,-0.52034211205547,0.401915578622029,0.743902075951973,0.222237379233405,0.659454712374837,-0.368565008343525,1.162847603818,-0.868721880703784,-0.137555444777513,-0.332088702313594,0.125821445637319,1.64115951593539,-0.273590423399125,0.543851501744049,-0.58765539601487,-0.583693461726979,0.555650989859477,-0.290830296179214,-0.452612582656541,-0.524703256372089,-0.0117713726094742,-0.0629724299567404,0.023900093887018,-0.286456915044672,-0.192029368943532,-0.0220772657609293,0.161500371364089,0.172798034415682,0.29300953432324,0.654797852979971
"2014-04-01",7.2640724957004e-05,8.59733141779654e-05,-0.761697991425593,-0.125758145138384,0.257642354945684,0,1.00516423327679,0.666410583256792,0.877562669209908,1.75290926636466,1.04004740200485,0.325786779720558,0.328326083041858,1.03697893903623,0.0621922819430671,0.16364548734965,0.47275740499967,-0.432036960921855,2.10891337709691,-0.8936730544434,0.172769498568789,-0.53360434042563,-0.168246881171126,-0.0760470051270922,0.702695431783792,1.04830531223851,0.222237379233405,0.659454712374837,-0.368565008343525,1.162847603818,-0.868721880703784,-0.137555444777513,-0.332088702313594,0.125821445637319,1.64115951593539,-0.273590423399125,0.543851501744049,-0.58765539601487,-0.583693461726979,0.555650989859477,-0.290830296179214,-0.452612582656541,-0.524703256372089,-0.0117713726094742,-0.0629724299567404,0.023900093887018,-0.286456915044672,-0.192029368943532,-0.0220772657609293,0.161500371364089,0.172798034415682,0.29300953432324,0.654797852979971
"2014-05-01",6.84657682983264e-05,0.00029257160539021,0.200711999547316,0.476867325566003,0.932811733726332,0,0.350883353237048,-0.220328649153682,2.18550669490617,0.898167393533895,0.755920286134808,1.50233145060795,0.538611396798151,1.06768997627514,0.577390277396652,-0.0981238289585726,1.63392986317404,-0.0972923885363795,1.77335619197358,-0.399484850829932,0.994149691853695,0.149648720799153,0.572248945759204,1.4213015343853,0.67637397267402,0.925764083987004,0.222237379233405,0.659454712374837,-0.368565008343525,1.162847603818,-0.868721880703784,-0.137555444777513,-0.332088702313594,0.125821445637319,1.64115951593539,-0.273590423399125,0.543851501744049,-0.58765539601487,-0.583693461726979,0.555650989859477,-0.290830296179214,-0.452612582656541,-0.524703256372089,-0.0117713726094742,-0.0629724299567404,0.023900093887018,-0.286456915044672,-0.192029368943532,-0.0220772657609293,0.161500371364089,0.172798034415682,0.29300953432324,0.654797852979971
"2014-06-01",8.64522167964029e-05,0.000301747737617505,-1.53640495101028,1.0078834719447,1.63861423942195,0,0.231218557480418,-0.788564958535621,-0.623948760854239,-0.563210333533115,0.98674756258607,-0.723114340719755,1.89104492501692,1.36578225677234,2.24075752009049,-1.38309362996306,0.299506258656489,0.613837109880934,3.40398071884374,0.258493201748812,0.501983223441672,1.26881859253351,2.06680106202558,1.1720846512273,-0.0563004111892691,1.21201421441919,0.222237379233405,0.659454712374837,-0.368565008343525,1.162847603818,-0.868721880703784,-0.137555444777513,-0.332088702313594,0.125821445637319,1.64115951593539,-0.273590423399125,0.543851501744049,-0.58765539601487,-0.583693461726979,0.555650989859477,-0.290830296179214,-0.452612582656541,-0.524703256372089,-0.0117713726094742,-0.0629724299567404,0.023900093887018,-0.286456915044672,-0.192029368943532,-0.0220772657609293,0.161500371364089,0.172798034415682,0.29300953432324,0.654797852979971
"2014-07-01",0.000111911038050573,0.000150315447468936,-0.107120568031037,1.48024688943737,1.53491427027647,0,1.0515861001796,-0.799919043249132,-0.345746838597255,-0.591339683880267,0.857468069127509,-0.875023712048695,2.33626472996853,1.4400188107183,2.00479672663561,-1.58181821698081,-0.116429489412119,0.809662330752935,1.19574656057347,-0.329054177244486,-0.572890536385956,-0.0295876360225474,2.04397834684396,0.431962391287796,-0.774425207677421,1.18774588441127,0.222237379233405,0.659454712374837,-0.368565008343525,1.162847603818,-0.868721880703784,-0.137555444777513,-0.332088702313594,0.125821445637319,1.64115951593539,-0.273590423399125,0.543851501744049,-0.58765539601487,-0.583693461726979,0.555650989859477,-0.290830296179214,-0.452612582656541,-0.524703256372089,-0.0117713726094742,-0.0629724299567404,0.023900093887018,-0.286456915044672,-0.192029368943532,-0.0220772657609293,0.161500371364089,0.172798034415682,0.29300953432324,0.654797852979971
"2014-08-01",0.00011240187593676,0.000142449509258812,1.74632286566826,1.18496407942991,0.87428718525208,0,0.309329685346954,-0.799919043249132,0.352158323563008,-0.591339683880267,0.868529408050668,-0.597534121357476,0.814516504072976,1.40028196744324,0.47737014790058,-0.252322640039637,1.31363907808238,0.684318135335094,0.477233363904371,-0.638835859249163,-0.537220884293242,-0.490858709480747,0.489145302852301,0.213587835769864,-1.06988818370651,1.17036226536051,0.222237379233405,0.659454712374837,-0.368565008343525,1.162847603818,-0.868721880703784,-0.137555444777513,-0.332088702313594,0.125821445637319,1.64115951593539,-0.273590423399125,0.543851501744049,-0.58765539601487,-0.583693461726979,0.555650989859477,-0.290830296179214,-0.452612582656541,-0.524703256372089,-0.0117713726094742,-0.0629724299567404,0.023900093887018,-0.286456915044672,-0.192029368943532,-0.0220772657609293,0.161500371364089,0.172798034415682,0.29300953432324,0.654797852979971
"2014-09-01",8.79253272183505e-05,0.000137018664051222,1.35039276872023,0.936461772482978,0.399003576870097,0,0.444857088330248,-0.799916941592152,0.330591962950403,-0.591339683880267,1.15364541641734,-0.411199036588554,0.00288603274094955,1.41038441089353,0.477252038041106,0.20621525145187,0.631376871566483,0.464576830932447,0.306595651833769,-0.791315314896741,-0.491610510952221,-0.601327843024886,0.303585121943063,0.136039629066778,-1.15303575204562,1.31678097318003,0.222237379233405,0.659454712374837,-0.368565008343525,1.162847603818,-0.868721880703784,-0.137555444777513,-0.332088702313594,0.125821445637319,1.64115951593539,-0.273590423399125,0.543851501744049,-0.58765539601487,-0.583693461726979,0.555650989859477,-0.290830296179214,-0.452612582656541,-0.524703256372089,-0.0117713726094742,-0.0629724299567404,0.023900093887018,-0.286456915044672,-0.192029368943532,-0.0220772657609293,0.161500371364089,0.172798034415682,0.29300953432324,0.654797852979971
"2014-10-01",8.41895884128442e-05,0.000142564087829204,-1.0233303277564,0.305789904127525,-0.308883587801694,0,-0.137709489410603,-0.799919043249132,-0.35233083537783,-0.591339683880267,0.865891097471093,-0.10567348668234,-0.474325601551496,1.04795976639067,-0.299458912725311,0.827625312669153,-0.0613211098300172,-0.346264280173833,0.141798600062015,-0.884249954257457,-0.451083467905743,-0.626862498575425,-0.441756125033374,0.297302725078637,-0.881938977379243,0.966380305367297,0.222237379233405,0.659454712374837,-0.368565008343525,1.162847603818,-0.868721880703784,-0.137555444777513,-0.332088702313594,0.125821445637319,1.64115951593539,-0.273590423399125,0.543851501744049,-0.58765539601487,-0.583693461726979,0.555650989859477,-0.290830296179214,-0.452612582656541,-0.524703256372089,-0.0117713726094742,-0.0629724299567404,0.023900093887018,-0.286456915044672,-0.192029368943532,-0.0220772657609293,0.161500371364089,0.172798034415682,0.29300953432324,0.654797852979971
"2014-11-01",0.000110701697045883,0.0001186869879335,-0.635263095522592,-0.769404832023712,-0.940062701067292,0,0.173014683772456,-0.647680993243029,-0.615256075672057,-0.56873628857898,1.11269434677175,-0.591699581965822,-0.341486946520876,0.921609024548399,-0.546648010181726,0.153502651963686,-0.961489636659726,-0.880184841060338,0.478684109047388,-0.941563752797826,-0.437973541515432,-0.634423980374678,-0.633791230574738,-0.195084705888902,-0.728578054598668,1.01665643175257,0.222237379233405,0.659454712374837,-0.368565008343525,1.162847603818,-0.868721880703784,-0.137555444777513,-0.332088702313594,0.125821445637319,1.64115951593539,-0.273590423399125,0.543851501744049,-0.58765539601487,-0.583693461726979,0.555650989859477,-0.290830296179214,-0.452612582656541,-0.524703256372089,-0.0117713726094742,-0.0629724299567404,0.023900093887018,-0.286456915044672,-0.192029368943532,-0.0220772657609293,0.161500371364089,0.172798034415682,0.29300953432324,0.654797852979971
"2014-12-01",0.000120932906942209,8.67133007784171e-05,-0.299589487967791,-1.10311731356054,-1.2780817044748,0,-0.716084107431575,-0.342762979121872,-0.705687930911979,-0.544174820281008,0.880259614444705,-0.748029772328651,-0.922131119512884,0.608181025068929,-0.924568887786,0.25302764178403,-1.19466588525546,-1.6028961346389,-0.0964792152720813,-0.994648782006722,-0.436135490710468,-0.646477030209158,-0.944798877007234,-0.665063031832886,-0.61612082255488,0.721553434906606,0.222237379233405,0.659454712374837,-0.368565008343525,1.162847603818,-0.868721880703784,-0.137555444777513,-0.332088702313594,0.125821445637319,1.64115951593539,-0.273590423399125,0.543851501744049,-0.58765539601487,-0.583693461726979,0.555650989859477,-0.290830296179214,-0.452612582656541,-0.524703256372089,-0.0117713726094742,-0.0629724299567404,0.023900093887018,-0.286456915044672,-0.192029368943532,-0.0220772657609293,0.161500371364089,0.172798034415682,0.29300953432324,0.654797852979971
"2015-01-01",0.00012063303334001,6.05858061485969e-05,-0.528297291586366,-1.17421416091151,-1.25221480053089,0,-0.76972526613921,0.24467420339044,-0.670810770928328,-0.430807313635086,0.906982209663497,-0.615870093180806,-0.863401166495555,0.56496278844543,-0.724871007964911,0.318753021311946,-1.15083679157725,-1.74595120363683,-0.110967448528358,-1.0287479029921,-0.397440053047437,-0.661227567418155,-0.853358602366914,-0.985661439088295,-0.518458083631081,0.710037899870881,0.222237379233405,0.659454712374837,-0.368565008343525,1.162847603818,-0.868721880703784,-0.137555444777513,-0.332088702313594,0.125821445637319,1.64115951593539,-0.273590423399125,0.543851501744049,-0.58765539601487,-0.583693461726979,0.555650989859477,-0.290830296179214,-0.452612582656541,-0.524703256372089,-0.0117713726094742,-0.0629724299567404,0.023900093887018,-0.286456915044672,-0.192029368943532,-0.0220772657609293,0.161500371364089,0.172798034415682,0.29300953432324,0.654797852979971
"2015-02-01",9.05967385223199e-05,5.65821205821206e-05,0.302615288124273,-0.834566969431735,-0.882339071277434,0,-0.312836343344497,0.325864760905957,-0.669347420535318,-0.299994617745866,1.81287472443453,-0.377621171890896,-0.834862430698935,1.13902575480462,-0.517768257392522,0.832432166051159,-0.717591074815941,-0.886637723547485,0.37783379069396,-1.02213506468135,-0.322689508711316,-0.666718484410913,-0.68862393820803,-0.966229814354296,-0.295243779448964,1.48627674876239,0.222237379233405,0.659454712374837,-0.368565008343525,1.162847603818,-0.868721880703784,-0.137555444777513,-0.332088702313594,0.125821445637319,1.64115951593539,-0.273590423399125,0.543851501744049,-0.58765539601487,-0.583693461726979,0.555650989859477,-0.290830296179214,-0.452612582656541,-0.524703256372089,-0.0117713726094742,-0.0629724299567404,0.023900093887018,-0.286456915044672,-0.192029368943532,-0.0220772657609293,0.161500371364089,0.172798034415682,0.29300953432324,0.654797852979971
"2015-03-01",9.01148520869451e-05,8.29199743060208e-05,-0.141790060773486,-0.329120862606478,-0.283875851905685,0,-0.288286082080442,0.753247330773101,0.267581849080122,0.554656774478715,0.98134075747095,0.943276700253829,-0.721389151134378,0.851167829626215,-0.327556909699279,1.43258759941907,0.363555534477915,-1.06759202747605,-0.306557008583957,-0.962128156501274,-0.257093223062266,-0.643665328225314,-0.628028757875609,-0.485056964836634,0.178111905367559,0.909070950055173,0.222237379233405,0.659454712374837,-0.368565008343525,1.162847603818,-0.868721880703784,-0.137555444777513,-0.332088702313594,0.125821445637319,1.64115951593539,-0.273590423399125,0.543851501744049,-0.58765539601487,-0.583693461726979,0.555650989859477,-0.290830296179214,-0.452612582656541,-0.524703256372089,-0.0117713726094742,-0.0629724299567404,0.023900093887018,-0.286456915044672,-0.192029368943532,-0.0220772657609293,0.161500371364089,0.172798034415682,0.29300953432324,0.654797852979971
"2015-04-01",8.6621399216748e-05,0.000112447229954207,0.0119830514894669,-0.101606464548522,0.242076410142713,0,1.55795577175245,0.264605750501993,0.0317639547154497,0.781348091333913,1.24613290164314,-0.0538700253706942,-0.29724769637987,1.16590389085053,0.155611603930159,0.00303991488888681,0.721483615965704,-0.360632336914333,0.591097412471043,-0.76358646545884,-0.0736854042674651,-0.471983720611516,-0.0226367112382657,-0.111531393916203,0.312611393005813,1.22109096225184,0.222237379233405,0.659454712374837,-0.368565008343525,1.162847603818,-0.868721880703784,-0.137555444777513,-0.332088702313594,0.125821445637319,1.64115951593539,-0.273590423399125,0.543851501744049,-0.58765539601487,-0.583693461726979,0.555650989859477,-0.290830296179214,-0.452612582656541,-0.524703256372089,-0.0117713726094742,-0.0629724299567404,0.023900093887018,-0.286456915044672,-0.192029368943532,-0.0220772657609293,0.161500371364089,0.172798034415682,0.29300953432324,0.654797852979971
"2015-05-01",9.73022703255261e-05,0.000291749265442289,3.08529744440522,0.307887780842778,0.474354905195263,0,0.497993812339687,-0.179575953662654,2.76123857501372,1.13360223359743,0.916510916887513,2.05507929160056,-0.43758711144036,1.17980349329162,-0.515448683322651,0.926906623631987,2.19712470031306,-0.0381766353750585,-0.405127930453681,-0.565677612986607,0.697850380233969,0.0364536624287484,-0.562451205932272,1.40996214837239,0.625872133327598,1.06637460873989,0.222237379233405,0.659454712374837,-0.368565008343525,1.162847603818,-0.868721880703784,-0.137555444777513,-0.332088702313594,0.125821445637319,1.64115951593539,-0.273590423399125,0.543851501744049,-0.58765539601487,-0.583693461726979,0.555650989859477,-0.290830296179214,-0.452612582656541,-0.524703256372089,-0.0117713726094742,-0.0629724299567404,0.023900093887018,-0.286456915044672,-0.192029368943532,-0.0220772657609293,0.161500371364089,0.172798034415682,0.29300953432324,0.654797852979971
"2015-06-01",0.000113782786415345,0.000473839976239976,0.188184071827825,1.24166702098451,1.50555490034842,0,0.428602793170627,-0.735176287650906,0.437331693598589,-0.412982522745473,1.14518320649477,0.430873429146459,0.299574130889983,1.47858310405106,1.62721105795797,-0.0664932895466992,2.76885267251389,0.660740232642678,1.3937397542842,0.462395441526125,1.60909916377331,1.55051359500521,1.41434917135178,1.73652888812437,0.448641910828263,1.35157367892989,0.222237379233405,0.659454712374837,-0.368565008343525,1.162847603818,-0.868721880703784,-0.137555444777513,-0.332088702313594,0.125821445637319,1.64115951593539,-0.273590423399125,0.543851501744049,-0.58765539601487,-0.583693461726979,0.555650989859477,-0.290830296179214,-0.452612582656541,-0.524703256372089,-0.0117713726094742,-0.0629724299567404,0.023900093887018,-0.286456915044672,-0.192029368943532,-0.0220772657609293,0.161500371364089,0.172798034415682,0.29300953432324,0.654797852979971
"2015-07-01",0.000147834105303873,0.000208585214910796,0.654196863737244,1.31765227977992,1.32262919497176,0,0.833297142292712,-0.799919043249132,-0.0769528675625639,-0.591339683880267,0.881248254156951,-0.577053984667875,1.3758175799745,1.45745997683382,1.73566100481049,-0.818970311049115,1.32988595644983,0.812009447359649,1.40022959541788,0.0223344868110875,-0.63348324651478,0.421201961751727,1.47542659843463,1.14241013771277,-0.5812066873356,1.20883881446881,0.222237379233405,0.659454712374837,-0.368565008343525,1.162847603818,-0.868721880703784,-0.137555444777513,-0.332088702313594,0.125821445637319,1.64115951593539,-0.273590423399125,0.543851501744049,-0.58765539601487,-0.583693461726979,0.555650989859477,-0.290830296179214,-0.452612582656541,-0.524703256372089,-0.0117713726094742,-0.0629724299567404,0.023900093887018,-0.286456915044672,-0.192029368943532,-0.0220772657609293,0.161500371364089,0.172798034415682,0.29300953432324,0.654797852979971
"2015-08-01",0.000111829281466491,0.000152620446053004,0.124524254599789,1.36558230278791,1.09003284437377,0,0.0931052781789152,-0.799919043249132,-0.30115532481372,-0.591339683880267,0.897822314850672,-0.783124754334117,1.07262952656465,1.42358562613214,1.58244811832446,-1.07420499398902,0.478477669688274,0.705494463958923,0.871161136855639,-0.451849072356481,-0.547189979054532,-0.328746107191599,1.40905590399542,0.555512222733911,-0.999575271682392,1.19770061642694,0.222237379233405,0.659454712374837,-0.368565008343525,1.162847603818,-0.868721880703784,-0.137555444777513,-0.332088702313594,0.125821445637319,1.64115951593539,-0.273590423399125,0.543851501744049,-0.58765539601487,-0.583693461726979,0.555650989859477,-0.290830296179214,-0.452612582656541,-0.524703256372089,-0.0117713726094742,-0.0629724299567404,0.023900093887018,-0.286456915044672,-0.192029368943532,-0.0220772657609293,0.161500371364089,0.172798034415682,0.29300953432324,0.654797852979971
"2015-09-01",0.000103024037684503,0.000132942471733169,-0.677800688008389,1.06514098968838,0.569863773969725,0,0.453299522677592,-0.799919043249132,-0.444051815639012,-0.591339683880267,1.14015077504721,-0.775711769396102,0.576473017728309,1.40073401630258,0.95544201196159,-0.986307306293131,-0.206065640929566,0.460221323131866,1.31525545591912,-0.668120317175484,-0.506244910423362,-0.525234095526748,0.724407681477521,-0.0655041396646942,-1.18695106178438,1.30486341312398,0.222237379233405,0.659454712374837,-0.368565008343525,1.162847603818,-0.868721880703784,-0.137555444777513,-0.332088702313594,0.125821445637319,1.64115951593539,-0.273590423399125,0.543851501744049,-0.58765539601487,-0.583693461726979,0.555650989859477,-0.290830296179214,-0.452612582656541,-0.524703256372089,-0.0117713726094742,-0.0629724299567404,0.023900093887018,-0.286456915044672,-0.192029368943532,-0.0220772657609293,0.161500371364089,0.172798034415682,0.29300953432324,0.654797852979971
"2015-10-01",8.36498159288857e-05,0.000100233273703041,0.881600194972452,0.406301553507214,-0.346794785499781,0,-0.359649053635214,-0.796901948028449,0.0205836528422454,-0.590226514815821,0.875566166851435,-0.549759072073305,-0.435371164794364,1.05229254413801,-0.269979847006668,-0.0591212271864458,-0.395598969319194,-0.329876396172473,0.0170054635153535,-0.804462102090952,-0.492487098034424,-0.600743642833607,-0.372997736834612,-0.39763805438921,-1.19560400420505,0.973933931904487,0.222237379233405,0.659454712374837,-0.368565008343525,1.162847603818,-0.868721880703784,-0.137555444777513,-0.332088702313594,0.125821445637319,1.64115951593539,-0.273590423399125,0.543851501744049,-0.58765539601487,-0.583693461726979,0.555650989859477,-0.290830296179214,-0.452612582656541,-0.524703256372089,-0.0117713726094742,-0.0629724299567404,0.023900093887018,-0.286456915044672,-0.192029368943532,-0.0220772657609293,0.161500371364089,0.172798034415682,0.29300953432324,0.654797852979971
"2015-11-01",8.27543724660004e-05,0.00010908894399127,0.606898654992041,-0.752621687528755,-0.993363928075246,0,-0.4277696357385,-0.553315761960611,-0.337360860482665,-0.522565472095815,1.17402615709743,0.110598525731006,-0.879178274715252,0.959612499586378,-0.918964047144304,1.33613939793387,-0.719278870742745,-0.843288276917708,-0.047522203521836,-0.906667232238638,-0.458410826009357,-0.633018685737062,-0.963001241326929,-0.131590384444742,-0.861556556437919,1.06826688099938,0.222237379233405,0.659454712374837,-0.368565008343525,1.162847603818,-0.868721880703784,-0.137555444777513,-0.332088702313594,0.125821445637319,1.64115951593539,-0.273590423399125,0.543851501744049,-0.58765539601487,-0.583693461726979,0.555650989859477,-0.290830296179214,-0.452612582656541,-0.524703256372089,-0.0117713726094742,-0.0629724299567404,0.023900093887018,-0.286456915044672,-0.192029368943532,-0.0220772657609293,0.161500371364089,0.172798034415682,0.29300953432324,0.654797852979971
"2015-12-01",0.000118643424206215,0.000107045327770909,0.204034845795492,-1.28520608586436,-1.2648397361781,0,-1.14378060640181,-0.0196903406218092,-0.645648221657998,-0.507158911121922,0.881758120252477,-0.18886679452267,-0.892715367442696,0.608322708186958,-1.0203155316904,1.31080995870166,-1.08450574832797,-1.6096471717298,0.0315002037123992,-0.965556897347748,-0.424689550533422,-0.645340989928332,-1.07432452666082,-0.36721471349647,-0.535837824245889,0.72223495437382,0.222237379233405,0.659454712374837,-0.368565008343525,1.162847603818,-0.868721880703784,-0.137555444777513,-0.332088702313594,0.125821445637319,1.64115951593539,-0.273590423399125,0.543851501744049,-0.58765539601487,-0.583693461726979,0.555650989859477,-0.290830296179214,-0.452612582656541,-0.524703256372089,-0.0117713726094742,-0.0629724299567404,0.023900093887018,-0.286456915044672,-0.192029368943532,-0.0220772657609293,0.161500371364089,0.172798034415682,0.29300953432324,0.654797852979971
"2016-01-01",0.000118834090108509,0.000100571936925425,0.0751150809051527,-1.40846104868707,-1.27487788481829,0,-1.63327222596508,0.787863016698827,-0.762044976348297,-0.466240988199668,0.910804562281466,-0.174609863228111,-0.998142545145672,0.569528533352358,-0.837686339041747,1.29107891782747,-1.08025674050796,-1.7504442709861,-0.0267626412823445,-1.00399639488573,-0.383241916256783,-0.613103342485201,-0.927896230788947,-0.619675178101643,-0.233294664492343,0.714202380123351,0.222237379233405,0.659454712374837,-0.368565008343525,1.162847603818,-0.868721880703784,-0.137555444777513,-0.332088702313594,0.125821445637319,1.64115951593539,-0.273590423399125,0.543851501744049,-0.58765539601487,-0.583693461726979,0.555650989859477,-0.290830296179214,-0.452612582656541,-0.524703256372089,-0.0117713726094742,-0.0629724299567404,0.023900093887018,-0.286456915044672,-0.192029368943532,-0.0220772657609293,0.161500371364089,0.172798034415682,0.29300953432324,0.654797852979971
"2016-02-01",0.000103441772055726,9.36196434615039e-05,-1.00904259189916,-0.904960415822883,-0.913042644900166,0,-0.743988117445473,1.26343632382424,-0.495495562862303,0.486464360683518,1.81598144447122,0.40536666132845,-0.803075152381989,1.14173907651322,-0.569058907876624,1.26630940983349,-0.644121354973631,-0.890813303894038,0.467555727090832,-1.02593112406817,-0.301710263290585,-0.516782524304737,-0.764937732503331,-0.677247077299199,0.0281322476083472,1.48914510762583,0.222237379233405,0.659454712374837,-0.368565008343525,1.162847603818,-0.868721880703784,-0.137555444777513,-0.332088702313594,0.125821445637319,1.64115951593539,-0.273590423399125,0.543851501744049,-0.58765539601487,-0.583693461726979,0.555650989859477,-0.290830296179214,-0.452612582656541,-0.524703256372089,-0.0117713726094742,-0.0629724299567404,0.023900093887018,-0.286456915044672,-0.192029368943532,-0.0220772657609293,0.161500371364089,0.172798034415682,0.29300953432324,0.654797852979971
"2016-03-01",9.71223461642066e-05,0.000101051734688944,0.605838235568144,-0.476010002775949,-0.333138147753544,0,0.268069315890563,0.846775190343296,-0.0763597781348657,0.795341763699407,0.853391162638348,0.062712164034229,-0.141603775351736,0.778909439431601,-0.3474565288728,0.895606960988375,-0.0366810213163425,-1.1240682274604,1.70846595214379,-0.970988360409596,-0.0961986161074522,-0.573287473316415,-0.669582727720543,-0.438253025045523,0.531430909387131,0.805440360259322,0.222237379233405,0.659454712374837,-0.368565008343525,1.162847603818,-0.868721880703784,-0.137555444777513,-0.332088702313594,0.125821445637319,1.64115951593539,-0.273590423399125,0.543851501744049,-0.58765539601487,-0.583693461726979,0.555650989859477,-0.290830296179214,-0.452612582656541,-0.524703256372089,-0.0117713726094742,-0.0629724299567404,0.023900093887018,-0.286456915044672,-0.192029368943532,-0.0220772657609293,0.161500371364089,0.172798034415682,0.29300953432324,0.654797852979971
"2016-04-01",9.66873056547475e-05,0.000122030056430056,0.684716897268793,-0.0977225758910104,0.115816225005285,0,0.322625116895979,0.72372770362966,0.811966959475863,1.82677474840028,1.15039309257746,0.827551348932531,-0.119332124286393,1.10929775669498,-0.168175820450937,0.612209729338633,0.812361845249807,-0.391986492874866,1.62407259493968,-0.510955611592647,0.649015255518062,-0.27501023919844,-0.338467798664951,0.259415625585807,1.08257585232116,1.14252586584454,0.222237379233405,0.659454712374837,-0.368565008343525,1.162847603818,-0.868721880703784,-0.137555444777513,-0.332088702313594,0.125821445637319,1.64115951593539,-0.273590423399125,0.543851501744049,-0.58765539601487,-0.583693461726979,0.555650989859477,-0.290830296179214,-0.452612582656541,-0.524703256372089,-0.0117713726094742,-0.0629724299567404,0.023900093887018,-0.286456915044672,-0.192029368943532,-0.0220772657609293,0.161500371364089,0.172798034415682,0.29300953432324,0.654797852979971
"2016-05-01",9.749293622782e-05,0.000465590915935102,0.707964152608129,0.389292751263765,0.722929817027412,0,0.863950930690712,-0.0324869862485462,2.48330076928561,1.42231707521607,0.888467270496079,2.4791905176631,0.0782942337686607,1.16040473447638,0.0336637715437149,0.56907162497535,2.12752117553775,-0.0622947560892518,0.230491229223797,0.317692879552736,1.93866580962,0.921567024102814,-0.150031039051744,1.80860463760366,1.58307249990997,1.04158172313823,0.222237379233405,0.659454712374837,-0.368565008343525,1.162847603818,-0.868721880703784,-0.137555444777513,-0.332088702313594,0.125821445637319,1.64115951593539,-0.273590423399125,0.543851501744049,-0.58765539601487,-0.583693461726979,0.555650989859477,-0.290830296179214,-0.452612582656541,-0.524703256372089,-0.0117713726094742,-0.0629724299567404,0.023900093887018,-0.286456915044672,-0.192029368943532,-0.0220772657609293,0.161500371364089,0.172798034415682,0.29300953432324,0.654797852979971
"2016-06-01",0.000114571409231874,0.000387082514970887,-1.24695717231877,1.31337567876629,1.72690409188203,0,1.13834422327145,-0.763722582238568,-0.126235240098974,-0.493802471026155,1.04489605920776,-0.0574805033178658,2.05680861363865,1.40699404444851,2.4058125631698,-1.17565528442999,1.13301469573407,0.619750645665694,2.94858111982932,1.12807551903946,0.808275946492411,1.92978426927363,2.21863158059213,1.55180476291481,0.642327199658464,1.26286959986735,0.222237379233405,0.659454712374837,-0.368565008343525,1.162847603818,-0.868721880703784,-0.137555444777513,-0.332088702313594,0.125821445637319,1.64115951593539,-0.273590423399125,0.543851501744049,-0.58765539601487,-0.583693461726979,0.555650989859477,-0.290830296179214,-0.452612582656541,-0.524703256372089,-0.0117713726094742,-0.0629724299567404,0.023900093887018,-0.286456915044672,-0.192029368943532,-0.0220772657609293,0.161500371364089,0.172798034415682,0.29300953432324,0.654797852979971
"2016-07-01",0.000132298265656405,0.000176634503146131,-0.732049413259322,1.54558894060406,1.72875221094116,0,0.714688631105014,-0.799919043249132,-0.582076942233434,-0.591339683880267,0.827424898286097,-0.743085126960729,2.74678070288217,1.41747885232077,2.60910532470024,-1.43138317483993,0.330166287764374,0.776373573459373,1.80643778149018,0.351588160508535,-0.618428732062718,0.453974244555673,2.42023076273613,0.92062351458757,-0.482180866256494,1.16011933312019,0.222237379233405,0.659454712374837,-0.368565008343525,1.162847603818,-0.868721880703784,-0.137555444777513,-0.332088702313594,0.125821445637319,1.64115951593539,-0.273590423399125,0.543851501744049,-0.58765539601487,-0.583693461726979,0.555650989859477,-0.290830296179214,-0.452612582656541,-0.524703256372089,-0.0117713726094742,-0.0629724299567404,0.023900093887018,-0.286456915044672,-0.192029368943532,-0.0220772657609293,0.161500371364089,0.172798034415682,0.29300953432324,0.654797852979971
"2016-08-01",0.00012562078173241,0.000155851323032718,0.174793016351673,1.25942560303915,0.99312715827775,0,0.406450798572618,-0.799919043249132,-0.182959728842528,-0.591339683880267,0.875413232301215,-0.709004530812492,1.42176064747744,1.40921288950381,1.28587376325183,-1.04458942097392,0.370547542341933,0.685143710457084,0.952859561312063,-0.159012446101898,-0.555218569426155,-0.214623824509117,1.29364355829933,0.365888626964049,-0.9225141576356,1.1784330410835,0.222237379233405,0.659454712374837,-0.368565008343525,1.162847603818,-0.868721880703784,-0.137555444777513,-0.332088702313594,0.125821445637319,1.64115951593539,-0.273590423399125,0.543851501744049,-0.58765539601487,-0.583693461726979,0.555650989859477,-0.290830296179214,-0.452612582656541,-0.524703256372089,-0.0117713726094742,-0.0629724299567404,0.023900093887018,-0.286456915044672,-0.192029368943532,-0.0220772657609293,0.161500371364089,0.172798034415682,0.29300953432324,0.654797852979971
"2016-09-01",0.00010110902397414,0.000129479752177427,0.651933691713088,0.858478150339581,0.4682758373783,0,-0.207247519744397,-0.799619734690764,0.0365424019198235,-0.591205349106673,1.13955420390917,-0.754551496488175,0.728351401245484,1.40041002223957,0.648505857008233,-0.742995795118249,-0.319254100171006,0.460267067399839,1.18874766481779,-0.440374206401934,-0.529917566441173,-0.447277392113294,0.450994569741929,-0.125236494994505,-1.08608578881104,1.30439434062129,0.222237379233405,0.659454712374837,-0.368565008343525,1.162847603818,-0.868721880703784,-0.137555444777513,-0.332088702313594,0.125821445637319,1.64115951593539,-0.273590423399125,0.543851501744049,-0.58765539601487,-0.583693461726979,0.555650989859477,-0.290830296179214,-0.452612582656541,-0.524703256372089,-0.0117713726094742,-0.0629724299567404,0.023900093887018,-0.286456915044672,-0.192029368943532,-0.0220772657609293,0.161500371364089,0.172798034415682,0.29300953432324,0.654797852979971
"2016-10-01",8.37670799345218e-05,0.000117383059931897,-0.663630172091682,0.392169868244693,-0.188739626087668,0,0.646066328912647,-0.799700938096074,-0.264972968446008,-0.591339683880267,0.866403996979185,-0.544970178172729,0.0102991280462936,1.04674916000287,-0.254186686564519,0.239608852185011,-0.363247348586243,-0.345994171162944,0.499491187086912,-0.633865030028943,-0.506034653749214,-0.544652480576501,-0.370849471235127,-0.119750665853233,-0.879622417188336,0.966038960917275,0.222237379233405,0.659454712374837,-0.368565008343525,1.162847603818,-0.868721880703784,-0.137555444777513,-0.332088702313594,0.125821445637319,1.64115951593539,-0.273590423399125,0.543851501744049,-0.58765539601487,-0.583693461726979,0.555650989859477,-0.290830296179214,-0.452612582656541,-0.524703256372089,-0.0117713726094742,-0.0629724299567404,0.023900093887018,-0.286456915044672,-0.192029368943532,-0.0220772657609293,0.161500371364089,0.172798034415682,0.29300953432324,0.654797852979971
"2016-11-01",0.000107119028049261,9.90600368832927e-05,0.110154751686127,-0.38786578472394,-0.914074991083382,0,-0.313104788023637,-0.734203944235543,-0.478572322679794,-0.584426969357472,1.12412171747791,-0.524559472624897,-0.548953704073274,0.926888842084664,-0.66008959239794,0.219479113945307,-0.87859283953743,-0.853842677603261,0.603341961755742,-0.733421631568646,-0.430316511645763,-0.593426316065232,-0.669810860041016,-0.424147880769635,-0.634784619647374,1.02582686414877,0.222237379233405,0.659454712374837,-0.368565008343525,1.162847603818,-0.868721880703784,-0.137555444777513,-0.332088702313594,0.125821445637319,1.64115951593539,-0.273590423399125,0.543851501744049,-0.58765539601487,-0.583693461726979,0.555650989859477,-0.290830296179214,-0.452612582656541,-0.524703256372089,-0.0117713726094742,-0.0629724299567404,0.023900093887018,-0.286456915044672,-0.192029368943532,-0.0220772657609293,0.161500371364089,0.172798034415682,0.29300953432324,0.654797852979971
"2016-12-01",0.000125457268564245,8.53514867282309e-05,0.653914246684178,-1.3488858252643,-1.28595748538186,0,-0.702731488117196,-0.129212049168651,-0.525394149589225,-0.343127314624231,0.896620325121259,-0.336436028303666,-0.948539946929939,0.614842445859583,-1.05853858101649,0.927355226720005,-1.15435520118445,-1.5953608011821,-0.310641702820472,-0.767103617251273,-0.306596369215082,-0.604637207456796,-1.10969216630843,-0.53439042568212,-0.326941938867925,0.73350958624611,0.222237379233405,0.659454712374837,-0.368565008343525,1.162847603818,-0.868721880703784,-0.137555444777513,-0.332088702313594,0.125821445637319,1.64115951593539,-0.273590423399125,0.543851501744049,-0.58765539601487,-0.583693461726979,0.555650989859477,-0.290830296179214,-0.452612582656541,-0.524703256372089,-0.0117713726094742,-0.0629724299567404,0.023900093887018,-0.286456915044672,-0.192029368943532,-0.0220772657609293,0.161500371364089,0.172798034415682,0.29300953432324,0.654797852979971
"2017-01-01",0.000123685478066873,8.78453609244307e-05,1.71338409963839,-1.45371527531611,-1.29702039611398,0,-1.2337408824056,1.28537759099111,-0.722547646868284,-0.14079714019908,0.91955747424164,0.0454787923253021,-1.0466673483533,0.571824776989373,-1.01504359952193,1.57377472728947,-1.08479381603015,-1.73445686715936,-0.231579951293217,-0.693800051847658,-0.23506627144722,-0.581393611896454,-1.08313059032516,-0.548687234108385,0.0894665132507658,0.720243670134534,0.222237379233405,0.659454712374837,-0.368565008343525,1.162847603818,-0.868721880703784,-0.137555444777513,-0.332088702313594,0.125821445637319,1.64115951593539,-0.273590423399125,0.543851501744049,-0.58765539601487,-0.583693461726979,0.555650989859477,-0.290830296179214,-0.452612582656541,-0.524703256372089,-0.0117713726094742,-0.0629724299567404,0.023900093887018,-0.286456915044672,-0.192029368943532,-0.0220772657609293,0.161500371364089,0.172798034415682,0.29300953432324,0.654797852979971
"2017-02-01",0.000109538008440334,0.000119369983630449,0.459116204534221,-0.795377937483907,-0.922659667146862,0,-0.844469554807504,1.48130626738165,-0.0433036205949041,1.61284424016233,1.87846670992526,1.25797805586144,-0.916655942193369,1.18604012186633,-0.768732787296252,1.89611779980717,-0.485843316993321,-0.845658483488256,-0.0792046494489554,-0.602822846736495,-0.0895565718367691,-0.536248685400222,-0.935936057203861,-0.234491746667265,0.74840550854697,1.54472786032969,0.222237379233405,0.659454712374837,-0.368565008343525,1.162847603818,-0.868721880703784,-0.137555444777513,-0.332088702313594,0.125821445637319,1.64115951593539,-0.273590423399125,0.543851501744049,-0.58765539601487,-0.583693461726979,0.555650989859477,-0.290830296179214,-0.452612582656541,-0.524703256372089,-0.0117713726094742,-0.0629724299567404,0.023900093887018,-0.286456915044672,-0.192029368943532,-0.0220772657609293,0.161500371364089,0.172798034415682,0.29300953432324,0.654797852979971
"2017-03-01",0.000100270273033064,0.000189694371499023,0.31198673546796,-0.24327149027021,-0.256553800766186,0,-0.542963832230769,0.988569829639501,1.25508316814136,1.81191617641249,1.04122664114002,1.51445124606071,-0.921229241665584,0.897552979646521,-0.67438282733548,1.46518883255441,0.504518739375513,-1.0312810988784,-0.867074722475069,-0.0484053158015469,1.83066378038744,-0.167511347488015,-0.864130435844949,0.504863856670731,1.84978371874723,0.964159162607992,0.222237379233405,0.659454712374837,-0.368565008343525,1.162847603818,-0.868721880703784,-0.137555444777513,-0.332088702313594,0.125821445637319,1.64115951593539,-0.273590423399125,0.543851501744049,-0.58765539601487,-0.583693461726979,0.555650989859477,-0.290830296179214,-0.452612582656541,-0.524703256372089,-0.0117713726094742,-0.0629724299567404,0.023900093887018,-0.286456915044672,-0.192029368943532,-0.0220772657609293,0.161500371364089,0.172798034415682,0.29300953432324,0.654797852979971
"2017-04-01",8.93333904310648e-05,0.000358331051726401,-0.0894058628729118,-0.0884652577570302,0.217975061716436,0,-0.272045359966396,0.302349694116598,0.210420417186882,1.72114006192424,1.21967396053324,0.651726940188202,-0.659856277779207,1.16202161913366,-0.360862695030185,0.468160974434884,1.1914303077496,-0.370542505825932,0.0375312298597826,2.23719635901954,2.75244198272484,1.44777551864435,-0.497894727393585,1.26565553517119,2.37215349220924,1.20529192468872,0.222237379233405,0.659454712374837,-0.368565008343525,1.162847603818,-0.868721880703784,-0.137555444777513,-0.332088702313594,0.125821445637319,1.64115951593539,-0.273590423399125,0.543851501744049,-0.58765539601487,-0.583693461726979,0.555650989859477,-0.290830296179214,-0.452612582656541,-0.524703256372089,-0.0117713726094742,-0.0629724299567404,0.023900093887018,-0.286456915044672,-0.192029368943532,-0.0220772657609293,0.161500371364089,0.172798034415682,0.29300953432324,0.654797852979971
"2017-05-01",9.04147256891443e-05,0.000411790906265325,0.0130153396180349,0.439125559809386,0.832575488308237,0,-0.0665463130866876,-0.275257234431262,1.7368264072603,0.714195808789603,0.89920403427464,1.04929637457865,-0.0989398523831893,1.16990290328535,0.585854950107919,-0.349783031947969,1.73501428287098,-0.0562276502620112,0.0623352340975455,2.82952075683103,1.24796409860168,1.395074399236,0.380364269582337,1.78057598426415,1.76814620555265,1.05204502849893,0.222237379233405,0.659454712374837,-0.368565008343525,1.162847603818,-0.868721880703784,-0.137555444777513,-0.332088702313594,0.125821445637319,1.64115951593539,-0.273590423399125,0.543851501744049,-0.58765539601487,-0.583693461726979,0.555650989859477,-0.290830296179214,-0.452612582656541,-0.524703256372089,-0.0117713726094742,-0.0629724299567404,0.023900093887018,-0.286456915044672,-0.192029368943532,-0.0220772657609293,0.161500371364089,0.172798034415682,0.29300953432324,0.654797852979971
"2017-06-01",0.00010829077296054,0.000315788983361076,-1.51774313406944,1.20525097567989,1.73155397714712,0,0.0753194608813142,-0.780486048647431,-0.475144431354136,-0.539772181347885,1.09064093184569,-0.420709052878715,1.72852267170368,1.44002806769153,2.36354148264569,-1.3681386398546,0.754697818341858,0.629287236388846,2.42997688129262,3.08784508121011,0.436319386067872,1.53667389430487,2.2810447868631,1.44880979727001,0.649666543292052,1.30330416934771,0.222237379233405,0.659454712374837,-0.368565008343525,1.162847603818,-0.868721880703784,-0.137555444777513,-0.332088702313594,0.125821445637319,1.64115951593539,-0.273590423399125,0.543851501744049,-0.58765539601487,-0.583693461726979,0.555650989859477,-0.290830296179214,-0.452612582656541,-0.524703256372089,-0.0117713726094742,-0.0629724299567404,0.023900093887018,-0.286456915044672,-0.192029368943532,-0.0220772657609293,0.161500371364089,0.172798034415682,0.29300953432324,0.654797852979971
"2017-07-01",0.000120224250419599,0.000163260737251435,0.48248399595354,1.5843989289471,1.45701007402769,0,0.685938326618384,-0.799919043249132,-0.214720890413421,-0.591339683880267,0.824359887672191,-0.803114206540088,1.60240724772744,1.41710985908235,1.95985124452957,-1.48302929086622,0.46410229167328,0.779208084349849,1.55440595793724,2.24919258887329,-0.601049654552412,0.604055818781421,1.78907446693948,0.863770578819211,-0.391558355083699,1.15842443513538,0.222237379233405,0.659454712374837,-0.368565008343525,1.162847603818,-0.868721880703784,-0.137555444777513,-0.332088702313594,0.125821445637319,1.64115951593539,-0.273590423399125,0.543851501744049,-0.58765539601487,-0.583693461726979,0.555650989859477,-0.290830296179214,-0.452612582656541,-0.524703256372089,-0.0117713726094742,-0.0629724299567404,0.023900093887018,-0.286456915044672,-0.192029368943532,-0.0220772657609293,0.161500371364089,0.172798034415682,0.29300953432324,0.654797852979971
"2017-08-01",0.000127719300184416,0.000162660691665343,-0.404768954650673,1.32661466728001,1.04535594486195,0,1.11055844956567,-0.799919043249132,-0.277865398557355,-0.591339683880267,0.891128837238661,-0.633893156264545,1.11865214016936,1.42145163666477,1.51461890073871,-0.857990736293565,0.638753608458357,0.694137360285366,0.591464676313966,1.60776962952139,-0.566293263730172,0.13367425341388,1.44065639288949,0.821901768034978,-0.810385583783789,1.19291022973528,0.222237379233405,0.659454712374837,-0.368565008343525,1.162847603818,-0.868721880703784,-0.137555444777513,-0.332088702313594,0.125821445637319,1.64115951593539,-0.273590423399125,0.543851501744049,-0.58765539601487,-0.583693461726979,0.555650989859477,-0.290830296179214,-0.452612582656541,-0.524703256372089,-0.0117713726094742,-0.0629724299567404,0.023900093887018,-0.286456915044672,-0.192029368943532,-0.0220772657609293,0.161500371364089,0.172798034415682,0.29300953432324,0.654797852979971
"2017-09-01",9.53323543835172e-05,0.000140584623672996,0.407260539645873,0.831672453867077,0.417924717215228,0,0.161467581142722,-0.798188993086245,-0.0813875741031225,-0.591045195981368,1.07641043514385,-0.825356539190893,0.239219824606201,1.35692590477389,0.532960953302122,-1.00547037251595,-0.472078198815616,0.429597169447737,1.36902351808471,1.15900278135718,-0.532345144050423,-0.0806457073581508,0.463285634899456,0.251938495068253,-1.01794984956595,1.24923141430419,0.222237379233405,0.659454712374837,-0.368565008343525,1.162847603818,-0.868721880703784,-0.137555444777513,-0.332088702313594,0.125821445637319,1.64115951593539,-0.273590423399125,0.543851501744049,-0.58765539601487,-0.583693461726979,0.555650989859477,-0.290830296179214,-0.452612582656541,-0.524703256372089,-0.0117713726094742,-0.0629724299567404,0.023900093887018,-0.286456915044672,-0.192029368943532,-0.0220772657609293,0.161500371364089,0.172798034415682,0.29300953432324,0.654797852979971
"2017-10-01",8.71032856521229e-05,0.000145869261850657,-0.752330456381257,0.0572621509941364,-0.296224797479499,0,0.0798625100467199,-0.78724551729062,-0.232530986266229,-0.585931712557463,0.83712929065458,-0.197157118865699,-0.180202714839625,1.02639281873474,-0.27196441132336,0.18415929856732,-0.291021604359721,-0.347465067208127,0.533701352516375,0.786529586833625,-0.537870971068363,-0.214142430142661,-0.336792808603029,0.508518847445337,-0.793765080520332,0.940669155118392,0.222237379233405,0.659454712374837,-0.368565008343525,1.162847603818,-0.868721880703784,-0.137555444777513,-0.332088702313594,0.125821445637319,1.64115951593539,-0.273590423399125,0.543851501744049,-0.58765539601487,-0.583693461726979,0.555650989859477,-0.290830296179214,-0.452612582656541,-0.524703256372089,-0.0117713726094742,-0.0629724299567404,0.023900093887018,-0.286456915044672,-0.192029368943532,-0.0220772657609293,0.161500371364089,0.172798034415682,0.29300953432324,0.654797852979971
"2017-11-01",8.78408851990248e-05,0.000124620904676719,-1.23562400493087,-0.305424537194087,-0.808148503419924,0,-0.571184546641406,-0.776429552174479,-0.458766656460297,-0.578787122224781,1.04008001118994,-0.600442263084018,-0.113841789470854,0.874689541462278,-0.453025630856128,-0.465629112478546,-1.0801085240185,-0.883531796667036,1.1764454610114,0.484216508960193,-0.505343120507277,-0.313058324250555,-0.468120539102128,0.113828874152335,-0.629186352017753,0.955541742004439,0.222237379233405,0.659454712374837,-0.368565008343525,1.162847603818,-0.868721880703784,-0.137555444777513,-0.332088702313594,0.125821445637319,1.64115951593539,-0.273590423399125,0.543851501744049,-0.58765539601487,-0.583693461726979,0.555650989859477,-0.290830296179214,-0.452612582656541,-0.524703256372089,-0.0117713726094742,-0.0629724299567404,0.023900093887018,-0.286456915044672,-0.192029368943532,-0.0220772657609293,0.161500371364089,0.172798034415682,0.29300953432324,0.654797852979971
"2017-12-01",0.000100790949088623,0.000100449600430996,-1.39399162840081,-1.13948527760433,-1.17290694356609,0,-0.799509112802854,-0.659454191091896,-0.921070810579669,-0.588006880411427,0.769936421681963,-0.767601466179932,-0.330094577976144,0.538676584409864,-0.776547258260045,-0.751190662082892,-1.3323413521311,-1.63476131942164,0.972409589189592,0.243591097182755,-0.467218305897131,-0.378429772117266,-0.83625111205613,-0.269136156174091,-0.491659516224642,0.628962940731698,0.222237379233405,0.659454712374837,-0.368565008343525,1.162847603818,-0.868721880703784,-0.137555444777513,-0.332088702313594,0.125821445637319,1.64115951593539,-0.273590423399125,0.543851501744049,-0.58765539601487,-0.583693461726979,0.555650989859477,-0.290830296179214,-0.452612582656541,-0.524703256372089,-0.0117713726094742,-0.0629724299567404,0.023900093887018,-0.286456915044672,-0.192029368943532,-0.0220772657609293,0.161500371364089,0.172798034415682,0.29300953432324,0.654797852979971
"2018-01-01",0.000118261794019934,7.64722442861978e-05,-0.489301410552398,-1.09997857200153,-1.17120941944052,0,-0.347040357867612,-0.251417075061003,-0.735543165875182,-0.438034035433383,0.774280521261343,-0.804722613303278,-0.433528073415763,0.485547986530571,-0.798907765070547,-0.554897836507011,-1.19490167919078,-1.78494002346461,1.3491230233509,0.0557976542978809,-0.441971375185745,-0.439939501362971,-0.770656398157401,-0.631129562604783,-0.458921762938208,0.600765316407556,0.222237379233405,0.659454712374837,-0.368565008343525,1.162847603818,-0.868721880703784,-0.137555444777513,-0.332088702313594,0.125821445637319,1.64115951593539,-0.273590423399125,0.543851501744049,-0.58765539601487,-0.583693461726979,0.555650989859477,-0.290830296179214,-0.452612582656541,-0.524703256372089,-0.0117713726094742,-0.0629724299567404,0.023900093887018,-0.286456915044672,-0.192029368943532,-0.0220772657609293,0.161500371364089,0.172798034415682,0.29300953432324,0.654797852979971
"2018-02-01",0.000114034322183159,6.40974603021115e-05,-0.116389736691709,-1.12346125289663,-0.928282683105386,0,0.670561755072581,0.205811942768385,-0.796141909253448,-0.420237825580393,1.78073040982216,-0.777710345592915,-0.0131034171002374,1.11892886592504,-0.553824628152323,-0.29538963331847,-0.980668839341365,-0.904050279151442,0.582161869553546,-0.0657593108371607,-0.415772500918848,-0.469430688167726,-0.569879227519819,-0.872432499274608,-0.429249171962652,1.45918306903185,0.222237379233405,0.659454712374837,-0.368565008343525,1.162847603818,-0.868721880703784,-0.137555444777513,-0.332088702313594,0.125821445637319,1.64115951593539,-0.273590423399125,0.543851501744049,-0.58765539601487,-0.583693461726979,0.555650989859477,-0.290830296179214,-0.452612582656541,-0.524703256372089,-0.0117713726094742,-0.0629724299567404,0.023900093887018,-0.286456915044672,-0.192029368943532,-0.0220772657609293,0.161500371364089,0.172798034415682,0.29300953432324,0.654797852979971
"2018-03-01",0.000114745664141013,5.86880985764707e-05,-0.123024251189918,-0.558723737020925,-0.376572729637746,0,0.804062249916749,0.391848810508304,-0.185040822837905,0.398187927606541,0.869619414299507,-0.36450673042464,0.367192691061883,0.789856324550868,-0.312828231793316,0.212101476037301,-0.325846638431388,-1.11988698353781,0.854723545204416,-0.170353745694808,-0.391524953626285,-0.494412855722437,-0.27675584080109,-0.878878877820667,-0.317490172401323,0.819414173045328,0.222237379233405,0.659454712374837,-0.368565008343525,1.162847603818,-0.868721880703784,-0.137555444777513,-0.332088702313594,0.125821445637319,1.64115951593539,-0.273590423399125,0.543851501744049,-0.58765539601487,-0.583693461726979,0.555650989859477,-0.290830296179214,-0.452612582656541,-0.524703256372089,-0.0117713726094742,-0.0629724299567404,0.023900093887018,-0.286456915044672,-0.192029368943532,-0.0220772657609293,0.161500371364089,0.172798034415682,0.29300953432324,0.654797852979971
"2018-04-01",0.000104742119477003,9.38147850892037e-05,-0.340674331924845,-0.0245274357802049,0.369644810770964,0,1.20397339745373,0.0027048280062734,0.613545860812404,0.962868328276445,1.07620239359868,0.318003111366774,0.611205551967945,1.06119878093663,0.0385477038610164,0.367472888792406,0.503740068459938,-0.427702691531405,1.54518607684057,-0.056364996124128,0.228434184769407,-0.335762340643463,-0.0206647228382931,-0.104042005807634,0.148681856752104,1.07923291254095,0.222237379233405,0.659454712374837,-0.368565008343525,1.162847603818,-0.868721880703784,-0.137555444777513,-0.332088702313594,0.125821445637319,1.64115951593539,-0.273590423399125,0.543851501744049,-0.58765539601487,-0.583693461726979,0.555650989859477,-0.290830296179214,-0.452612582656541,-0.524703256372089,-0.0117713726094742,-0.0629724299567404,0.023900093887018,-0.286456915044672,-0.192029368943532,-0.0220772657609293,0.161500371364089,0.172798034415682,0.29300953432324,0.654797852979971
"2018-05-01",0.000100281313155732,0.000214604767200116,-0.54275156098595,0.704762944153933,1.0943110528087,0,0.0942963883338874,-0.654946001625142,0.970323930040029,-0.21133158267507,0.776760083249944,0.570380723304692,1.28693642880622,1.08233476506114,0.832747378701457,-0.476217717477442,1.1203051870394,-0.0939089464302277,2.21911401801079,0.336925684510899,0.445885097277961,0.362695038672794,0.824823918944486,1.19722831337307,0.147156735029786,0.94395682062067,0.222237379233405,0.659454712374837,-0.368565008343525,1.162847603818,-0.868721880703784,-0.137555444777513,-0.332088702313594,0.125821445637319,1.64115951593539,-0.273590423399125,0.543851501744049,-0.58765539601487,-0.583693461726979,0.555650989859477,-0.290830296179214,-0.452612582656541,-0.524703256372089,-0.0117713726094742,-0.0629724299567404,0.023900093887018,-0.286456915044672,-0.192029368943532,-0.0220772657609293,0.161500371364089,0.172798034415682,0.29300953432324,0.654797852979971
"2018-06-01",0.000110909967468107,0.000156847321126391,-1.0473196903925,1.21904420304924,1.82018921975155,0,0.6299481864813,-0.799919043249132,-0.618353975960453,-0.591339683880267,1.0677429643043,-0.849632329572473,2.71457792602677,1.42364682501071,2.1353919733793,-1.42238716564496,0.194596843801853,0.635241615270009,2.4687193579538,0.0937770261031221,-0.586644576479758,-0.0423962079622965,2.10200530978728,0.7186674450675,-0.624659731661296,1.28339834355184,0.222237379233405,0.659454712374837,-0.368565008343525,1.162847603818,-0.868721880703784,-0.137555444777513,-0.332088702313594,0.125821445637319,1.64115951593539,-0.273590423399125,0.543851501744049,-0.58765539601487,-0.583693461726979,0.555650989859477,-0.290830296179214,-0.452612582656541,-0.524703256372089,-0.0117713726094742,-0.0629724299567404,0.023900093887018,-0.286456915044672,-0.192029368943532,-0.0220772657609293,0.161500371364089,0.172798034415682,0.29300953432324,0.654797852979971
"2018-07-01",0.000120523825640105,0.000131009256739489,-0.612048815277779,1.57501386263624,1.59756675429417,0,2.13791596279512,-0.799919043249132,-0.596403957948124,-0.591339683880267,0.821763539299784,-0.880761393435576,2.44891308092169,1.41385783295947,1.87502924477551,-1.49781143899435,0.0348529292631067,0.797987740076659,1.72181849724961,-0.228193171830681,-0.52882243013948,-0.437174941603496,2.0487738755332,-0.0953466936087377,-1.11982059503942,1.15589508185629,0.222237379233405,0.659454712374837,-0.368565008343525,1.162847603818,-0.868721880703784,-0.137555444777513,-0.332088702313594,0.125821445637319,1.64115951593539,-0.273590423399125,0.543851501744049,-0.58765539601487,-0.583693461726979,0.555650989859477,-0.290830296179214,-0.452612582656541,-0.524703256372089,-0.0117713726094742,-0.0629724299567404,0.023900093887018,-0.286456915044672,-0.192029368943532,-0.0220772657609293,0.161500371364089,0.172798034415682,0.29300953432324,0.654797852979971
"2018-08-01",0.000125130242227917,9.04469509120672e-05,-0.260979191979789,1.33815282054718,1.19516670593672,0,2.45721612909397,-0.799919043249132,-0.463078006489695,-0.591339683880267,0.864240162681863,-0.868669544212625,2.51202785562027,1.40039947957562,1.16325033450225,-1.31434072800555,-0.0576770552400183,0.680603047286137,1.04403935508954,-0.400727132869942,-0.503762488195606,-0.537101738528094,1.39364404844595,-0.708651025472931,-1.37505758090916,1.16812864865099,0.222237379233405,0.659454712374837,-0.368565008343525,1.162847603818,-0.868721880703784,-0.137555444777513,-0.332088702313594,0.125821445637319,1.64115951593539,-0.273590423399125,0.543851501744049,-0.58765539601487,-0.583693461726979,0.555650989859477,-0.290830296179214,-0.452612582656541,-0.524703256372089,-0.0117713726094742,-0.0629724299567404,0.023900093887018,-0.286456915044672,-0.192029368943532,-0.0220772657609293,0.161500371364089,0.172798034415682,0.29300953432324,0.654797852979971
"2018-09-01",9.80109268481362e-05,6.69956416933161e-05,-1.41920963933286,0.997429733269477,0.70245615200893,0,1.74402636119681,-0.799918491037667,-0.686721049004066,-0.591339683880267,1.15089360565091,-0.844449997741894,2.07011153740362,1.40876264061149,0.9572299920771,-1.3238531608858,-0.704038957958257,0.462299419876929,0.914212872871962,-0.525267934293569,-0.478341113224024,-0.58837284426573,1.08412033629228,-1.01244405258507,-1.49707189775253,1.31449200331645,0.222237379233405,0.659454712374837,-0.368565008343525,1.162847603818,-0.868721880703784,-0.137555444777513,-0.332088702313594,0.125821445637319,1.64115951593539,-0.273590423399125,0.543851501744049,-0.58765539601487,-0.583693461726979,0.555650989859477,-0.290830296179214,-0.452612582656541,-0.524703256372089,-0.0117713726094742,-0.0629724299567404,0.023900093887018,-0.286456915044672,-0.192029368943532,-0.0220772657609293,0.161500371364089,0.172798034415682,0.29300953432324,0.654797852979971
"2018-10-01",8.93599464018069e-05,6.91609976447186e-05,1.72015852541336,0.0111371880237846,-0.599743512013109,0,0.67971963973332,-0.735713111437559,0.379598772037011,-0.552124109476864,0.881198961202748,-0.319748675121049,-0.345462748160633,1.05611490266704,-0.810879334616928,0.938113657419296,-0.402576863081903,-0.319800132002162,-0.0582356545112335,-0.615280859199792,-0.467846043449561,-0.618061177683724,-0.830562045530014,-0.72716890251328,-1.3382974206318,0.979001474177385,0.222237379233405,0.659454712374837,-0.368565008343525,1.162847603818,-0.868721880703784,-0.137555444777513,-0.332088702313594,0.125821445637319,1.64115951593539,-0.273590423399125,0.543851501744049,-0.58765539601487,-0.583693461726979,0.555650989859477,-0.290830296179214,-0.452612582656541,-0.524703256372089,-0.0117713726094742,-0.0629724299567404,0.023900093887018,-0.286456915044672,-0.192029368943532,-0.0220772657609293,0.161500371364089,0.172798034415682,0.29300953432324,0.654797852979971
"2018-11-01",9.49355067308556e-05,7.97192338773734e-05,-0.598801583377743,-0.804635401795714,-0.988525929972791,0,-0.371487946582477,-0.684540182010046,-0.630587527773524,-0.584911114282581,1.05605092835172,-0.448360942291327,-0.264414496166392,0.885126264501384,-0.682891915727461,0.69923690036576,-0.911759227170898,-0.883212675940461,0.960556515620444,-0.685008310088644,-0.436186669536136,-0.640150556375087,-0.749668585536474,-0.661241783551099,-1.01476371149811,0.969032708967725,0.222237379233405,0.659454712374837,-0.368565008343525,1.162847603818,-0.868721880703784,-0.137555444777513,-0.332088702313594,0.125821445637319,1.64115951593539,-0.273590423399125,0.543851501744049,-0.58765539601487,-0.583693461726979,0.555650989859477,-0.290830296179214,-0.452612582656541,-0.524703256372089,-0.0117713726094742,-0.0629724299567404,0.023900093887018,-0.286456915044672,-0.192029368943532,-0.0220772657609293,0.161500371364089,0.172798034415682,0.29300953432324,0.654797852979971
"2018-12-01",0.000102235414867973,7.35057334871288e-05,-0.43724709400704,-1.24665036823023,-1.28695209225734,0,-0.695636585734489,-0.12441600513216,-0.85182263482369,-0.521269103602789,0.82741225906707,-0.57047829322043,-0.791259371691779,0.574389987126313,-0.926526962033028,0.645235435322533,-1.1911798312121,-1.62068433781485,0.33626306466144,-0.731891561074611,-0.418408880754833,-0.639645781042854,-1.00333666198613,-0.908309353841406,-0.828084381340021,0.676889286746118,0.222237379233405,0.659454712374837,-0.368565008343525,1.162847603818,-0.868721880703784,-0.137555444777513,-0.332088702313594,0.125821445637319,1.64115951593539,-0.273590423399125,0.543851501744049,-0.58765539601487,-0.583693461726979,0.555650989859477,-0.290830296179214,-0.452612582656541,-0.524703256372089,-0.0117713726094742,-0.0629724299567404,0.023900093887018,-0.286456915044672,-0.192029368943532,-0.0220772657609293,0.161500371364089,0.172798034415682,0.29300953432324,0.654797852979971
"2019-01-01",0.000111965641900526,5.91446225678784e-05,0.457891468537612,-1.39123842201516,-1.27832951586509,0,-0.646326616032003,0.875613193103509,-0.784922880058396,-0.311467986657279,0.893466587189788,-0.409293507103243,-0.912220085264003,0.558174855687317,-0.824383045974443,0.77078214632061,-1.13957303855509,-1.75469380456588,0.165275188382958,-0.776174399154818,-0.425422557883994,-0.650057705396053,-0.869014166075096,-1.12892147688233,-0.679327036631868,0.699451544188835,0.222237379233405,0.659454712374837,-0.368565008343525,1.162847603818,-0.868721880703784,-0.137555444777513,-0.332088702313594,0.125821445637319,1.64115951593539,-0.273590423399125,0.543851501744049,-0.58765539601487,-0.583693461726979,0.555650989859477,-0.290830296179214,-0.452612582656541,-0.524703256372089,-0.0117713726094742,-0.0629724299567404,0.023900093887018,-0.286456915044672,-0.192029368943532,-0.0220772657609293,0.161500371364089,0.172798034415682,0.29300953432324,0.654797852979971
"2019-02-01",0.000112796933299259,7.23029568797011e-05,1.4115679032609,-1.3289775183434,-1.04892218708946,0,-0.379809309363297,1.60289313566994,-0.407330226512313,0.209468747314723,1.80388823970674,0.568754968518595,-0.764154652561402,1.13298712260174,-0.649491722178358,1.3644758854531,-0.774613665568827,-0.892987463601845,0.429533704964528,-0.808813303571976,-0.404503990318321,-0.650500163412032,-0.807438580717404,-0.939469487386638,-0.324571168539285,1.4784548023587,0.222237379233405,0.659454712374837,-0.368565008343525,1.162847603818,-0.868721880703784,-0.137555444777513,-0.332088702313594,0.125821445637319,1.64115951593539,-0.273590423399125,0.543851501744049,-0.58765539601487,-0.583693461726979,0.555650989859477,-0.290830296179214,-0.452612582656541,-0.524703256372089,-0.0117713726094742,-0.0629724299567404,0.023900093887018,-0.286456915044672,-0.192029368943532,-0.0220772657609293,0.161500371364089,0.172798034415682,0.29300953432324,0.654797852979971
"2019-03-01",0.000109594402580449,0.000213383192545983,2.76938411566884,-0.707354394850819,-0.600117402882662,0,-0.982118756599652,2.55612720391071,0.243998051912719,1.1529354544624,1.01821542619614,3.27175871599257,-0.949538141165411,0.878042880014387,-0.616994581079263,1.87432380626457,0.160184416871987,-1.03997800999694,-0.536228713792498,-0.740424211485747,0.00675831796854657,-0.418791798110726,-0.760348164063105,-0.0130917948221872,0.738670209765987,0.942264391438503,0.222237379233405,0.659454712374837,-0.368565008343525,1.162847603818,-0.868721880703784,-0.137555444777513,-0.332088702313594,0.125821445637319,1.64115951593539,-0.273590423399125,0.543851501744049,-0.58765539601487,-0.583693461726979,0.555650989859477,-0.290830296179214,-0.452612582656541,-0.524703256372089,-0.0117713726094742,-0.0629724299567404,0.023900093887018,-0.286456915044672,-0.192029368943532,-0.0220772657609293,0.161500371364089,0.172798034415682,0.29300953432324,0.654797852979971
"2019-04-01",0.000104235168979355,0.000314523248216271,0.546928136051324,-0.00823354431383237,0.158991039686512,0,0.309839066666203,1.55523035670559,2.53419227631774,4.17207910135482,1.29292961008845,2.38817421798206,-0.850006259008093,1.2061051256159,-0.447194130821378,1.184355530249,1.54418979059735,-0.323087728975419,-0.713931071985385,-0.254696307996555,1.64099278095478,-0.0214696942802675,-0.757171389610326,0.956442424178673,2.15911872928557,1.26635554920318,0.222237379233405,0.659454712374837,-0.368565008343525,1.162847603818,-0.868721880703784,-0.137555444777513,-0.332088702313594,0.125821445637319,1.64115951593539,-0.273590423399125,0.543851501744049,-0.58765539601487,-0.583693461726979,0.555650989859477,-0.290830296179214,-0.452612582656541,-0.524703256372089,-0.0117713726094742,-0.0629724299567404,0.023900093887018,-0.286456915044672,-0.192029368943532,-0.0220772657609293,0.161500371364089,0.172798034415682,0.29300953432324,0.654797852979971
"2019-05-01",0.000103325701576864,0.000664789639524523,2.03803135722433,0.197213848887235,0.461995614019223,0,-1.21297520852025,0.267169425961812,2.36426325846503,2.11913133130779,0.916889587889543,2.16958424807227,-0.789676390598875,1.18292669320374,-0.404655958692624,0.683277580442481,2.56975650614134,-0.0446080616222274,-0.429087091660937,1.77860953344696,3.38178162239539,2.34278226837337,-0.555964960284096,2.06364387649255,2.68029750454448,1.06799401333854,0.222237379233405,0.659454712374837,-0.368565008343525,1.162847603818,-0.868721880703784,-0.137555444777513,-0.332088702313594,0.125821445637319,1.64115951593539,-0.273590423399125,0.543851501744049,-0.58765539601487,-0.583693461726979,0.555650989859477,-0.290830296179214,-0.452612582656541,-0.524703256372089,-0.0117713726094742,-0.0629724299567404,0.023900093887018,-0.286456915044672,-0.192029368943532,-0.0220772657609293,0.161500371364089,0.172798034415682,0.29300953432324,0.654797852979971
"2019-06-01",0.000114599457111085,0.000629495859263301,-0.70270517472251,0.946267268714966,1.37313682759185,0,0.534723318209366,-0.598725896808293,1.17191562597933,-0.0215808432139429,1.11876471088575,1.00023807925104,0.330189949347382,1.46035920942142,1.33556395542935,-0.619073670771851,2.16199680268627,0.628793307209661,1.4078934097256,2.77810300960676,2.23113843676233,3.16871558868268,1.18136744455896,2.06452642304544,1.79903121290562,1.32802208131113,0.222237379233405,0.659454712374837,-0.368565008343525,1.162847603818,-0.868721880703784,-0.137555444777513,-0.332088702313594,0.125821445637319,1.64115951593539,-0.273590423399125,0.543851501744049,-0.58765539601487,-0.583693461726979,0.555650989859477,-0.290830296179214,-0.452612582656541,-0.524703256372089,-0.0117713726094742,-0.0629724299567404,0.023900093887018,-0.286456915044672,-0.192029368943532,-0.0220772657609293,0.161500371364089,0.172798034415682,0.29300953432324,0.654797852979971
"2019-07-01",0.000123167785828251,0.000249434265545893,-0.807076192689651,1.50419407849084,1.61465833325576,0,0.723560878562218,-0.799919043249132,-0.590651209351639,-0.591339683880267,0.850735662720898,-0.71759126521266,1.86343518381432,1.43431805803828,2.40861015353433,-1.40382854363996,0.627180598156328,0.781081965612889,1.73358153291743,2.1459062030187,-0.473137679231113,1.60993012216238,2.26298948665405,1.32220671133536,0.292467969347463,1.18072344025386,0.222237379233405,0.659454712374837,-0.368565008343525,1.162847603818,-0.868721880703784,-0.137555444777513,-0.332088702313594,0.125821445637319,1.64115951593539,-0.273590423399125,0.543851501744049,-0.58765539601487,-0.583693461726979,0.555650989859477,-0.290830296179214,-0.452612582656541,-0.524703256372089,-0.0117713726094742,-0.0629724299567404,0.023900093887018,-0.286456915044672,-0.192029368943532,-0.0220772657609293,0.161500371364089,0.172798034415682,0.29300953432324,0.654797852979971
"2019-08-01",0.000128128381486521,0.000169848706667311,-1.08697904150628,1.4562167163556,1.29097543615469,0,0.958794728167561,-0.799919043249132,-0.604674382107797,-0.591339683880267,0.845451963599095,-0.760976102959522,2.70882969509538,1.38644304960443,1.90939762049477,-1.39953162437125,-0.101856661384553,0.666347717491713,1.5785501886459,1.2252619472733,-0.62930273050957,0.262533178532625,1.83606087962646,0.896736812683797,-0.41183368515348,1.15107792814647,0.222237379233405,0.659454712374837,-0.368565008343525,1.162847603818,-0.868721880703784,-0.137555444777513,-0.332088702313594,0.125821445637319,1.64115951593539,-0.273590423399125,0.543851501744049,-0.58765539601487,-0.583693461726979,0.555650989859477,-0.290830296179214,-0.452612582656541,-0.524703256372089,-0.0117713726094742,-0.0629724299567404,0.023900093887018,-0.286456915044672,-0.192029368943532,-0.0220772657609293,0.161500371364089,0.172798034415682,0.29300953432324,0.654797852979971
"2019-09-01",9.98191199121432e-05,0.000162138523701314,-0.842279993743368,0.992153163470476,0.629572873771226,0,0.567028976416107,-0.799914321382538,-0.487863930176233,-0.591339683880267,1.14893250442677,-0.847333746800997,1.63005525853226,1.40612620320832,0.964057359392406,-1.47431845722842,-0.742387597690081,0.459969185083395,1.13727095374801,0.736370513683825,-0.544528706135624,-0.139883609570747,1.01548040335041,0.098756494512923,-0.703684670724863,1.3120962252542,0.222237379233405,0.659454712374837,-0.368565008343525,1.162847603818,-0.868721880703784,-0.137555444777513,-0.332088702313594,0.125821445637319,1.64115951593539,-0.273590423399125,0.543851501744049,-0.58765539601487,-0.583693461726979,0.555650989859477,-0.290830296179214,-0.452612582656541,-0.524703256372089,-0.0117713726094742,-0.0629724299567404,0.023900093887018,-0.286456915044672,-0.192029368943532,-0.0220772657609293,0.161500371364089,0.172798034415682,0.29300953432324,0.654797852979971
"2019-10-01",8.6966925218088e-05,0.000119672841049585,-1.02074455870582,-0.271517499367109,-0.320633454572677,0,0.392157476712955,-0.726838948097976,-0.810792407531655,-0.583983946903655,0.775688783045265,-0.858731800068058,0.652604240883777,0.985300343157965,0.0874140150373338,-1.3951244737814,-1.15936546761489,-0.367624675018792,1.73008488453736,0.409945570514948,-0.509700495366767,-0.29119338874573,0.0170957751005802,-0.540724257256157,-0.762732361620408,0.887841586167209,0.222237379233405,0.659454712374837,-0.368565008343525,1.162847603818,-0.868721880703784,-0.137555444777513,-0.332088702313594,0.125821445637319,1.64115951593539,-0.273590423399125,0.543851501744049,-0.58765539601487,-0.583693461726979,0.555650989859477,-0.290830296179214,-0.452612582656541,-0.524703256372089,-0.0117713726094742,-0.0629724299567404,0.023900093887018,-0.286456915044672,-0.192029368943532,-0.0220772657609293,0.161500371364089,0.172798034415682,0.29300953432324,0.654797852979971
"2019-11-01",8.94405094591141e-05,8.30100855775274e-05,0.607766999147835,-0.690063091586609,-0.98147204074141,0,0.144922943457101,-0.46589018540517,-0.526949408385605,-0.473501741942118,1.12598145216546,-0.846942380480707,-0.261928038103523,0.928912005011433,-0.573654486822841,-0.904914363373508,-1.14985271073818,-0.85360360934564,0.477286024727337,0.158952903876805,-0.506882867318434,-0.383085781583483,-0.629508882116409,-0.96037737180911,-0.74352720170832,1.02781048210616,0.222237379233405,0.659454712374837,-0.368565008343525,1.162847603818,-0.868721880703784,-0.137555444777513,-0.332088702313594,0.125821445637319,1.64115951593539,-0.273590423399125,0.543851501744049,-0.58765539601487,-0.583693461726979,0.555650989859477,-0.290830296179214,-0.452612582656541,-0.524703256372089,-0.0117713726094742,-0.0629724299567404,0.023900093887018,-0.286456915044672,-0.192029368943532,-0.0220772657609293,0.161500371364089,0.172798034415682,0.29300953432324,0.654797852979971
"2019-12-01",0.00010389799766544,7.99919547454431e-05,0.461975350159403,-1.17492231377517,-1.29693053026803,0,-0.780550403393674,0.311605106737628,-0.572599710020879,-0.217216979927026,0.903849705619989,-0.417557023527923,-1.02124487893046,0.622500791239342,-1.01409212800474,0.974314043732485,-1.14044538582974,-1.59415048409198,-0.272460941604252,-0.0581866327512891,-0.500679706009967,-0.462036359146398,-1.05137619771474,-0.948587797908107,-0.570351365749825,0.7411245430385,0.222237379233405,0.659454712374837,-0.368565008343525,1.162847603818,-0.868721880703784,-0.137555444777513,-0.332088702313594,0.125821445637319,1.64115951593539,-0.273590423399125,0.543851501744049,-0.58765539601487,-0.583693461726979,0.555650989859477,-0.290830296179214,-0.452612582656541,-0.524703256372089,-0.0117713726094742,-0.0629724299567404,0.023900093887018,-0.286456915044672,-0.192029368943532,-0.0220772657609293,0.161500371364089,0.172798034415682,0.29300953432324,0.654797852979971
